-3.770713482974182972e-03 -1.731953502801818028e-03 1.083798762937309389e-02
2.302253397083726255e-02 -1.831876178166274433e-02 -1.408155670489204953e-02
-3.763413872110576985e-02 2.661436128379218811e-03 -6.295020069405875274e-03
-3.942779540083650447e-02 1.289869368217799739e-02 -1.116486631308839100e-02
-7.156982765829729594e-03 -4.178121687878215418e-02 1.704179281256765557e-02
2.721886302025552581e-02 1.592875359787836783e-03 -1.580930606068877732e-03
-3.775796609155365746e-02 1.073864449240445607e-02 -6.529379935031189713e-03
4.084020735019159437e-02 -5.977863997531114061e-03 -3.226398306921508113e-02
-1.420833260368668111e-02 -1.997787160378681690e-02 1.736479869985258634e-02
7.632253383077398229e-03 -3.687903203815693504e-02 5.880499830995053988e-03
-7.978431017319004975e-03 -7.703312258674781601e-03 2.858037143325884918e-02
2.530086952242067977e-02 -6.751977770896318287e-03 -1.160237212348395885e-02
2.802159567780616867e-02 3.477662954317149464e-03 -2.146489830019942049e-02
-4.237625533979296616e-02 7.083119889871152160e-03 1.166112023186544056e-02
-4.122431046436644125e-02 1.498062001255783850e-02 1.164633418861770256e-02
-6.327643668849630178e-03 1.140307785380134144e-02 2.285336615039841590e-02
-1.318541534188566455e-02 7.145920992456686544e-04 1.793447735434539059e-02
-4.931184157193647249e-02 1.347016485647150458e-02 2.157488863415621058e-02
4.061551915870040448e-03 -3.050076327853686736e-02 -8.995206781856533024e-03
6.202747712331393298e-03 -3.502284826519815042e-02 -1.926514289827813056e-03
3.398908256020481689e-02 9.384442612058787117e-03 -5.891709657957633220e-04
1.557439350137153518e-03 -2.840503077151211239e-02 -5.427414123895270108e-03
-3.617607517930206129e-02 1.092855792927588041e-02 3.742667464742601476e-03
1.701082134981949517e-02 1.665521036245839331e-02 8.265293012720198104e-03
-1.467003419955006591e-02 -4.804284082330684616e-03 -3.086295111145492126e-02
-4.133595936286124650e-02 -6.372296804188079360e-03 -2.010731163645917627e-02
2.813118045296448058e-02 1.125009797824943862e-02 5.070554299733640718e-02
1.476658457650040918e-02 9.239382149683552856e-03 4.231585907515764827e-02
1.239744454017421491e-02 -3.284473478910125005e-02 -4.181906544695835302e-03
-1.075869718172101780e-03 -2.821083141778409076e-02 1.649273585347747414e-02
2.624057714137750449e-02 -4.272265296035475564e-03 -1.465723291646842119e-02
7.931460412524769105e-03 -2.304267640323385061e-02 1.125310281982215554e-02
9.844349906002160949e-03 -2.107873112492688120e-02 -7.827195112295317475e-03
-4.402075369468644132e-03 1.085086426784193439e-02 -3.773545169814803563e-02
1.624017327721734294e-02 4.002548612950655033e-02 1.306747323739280292e-02
1.629944888928396007e-02 1.071410694312235380e-02 1.071940781226140421e-02
-4.011755292125079864e-02 3.829640157722646182e-03 3.784761876065974740e-03
-8.407382512857825355e-03 -2.491234502678623536e-02 1.517948552568281276e-02
3.127927941648172422e-02 -1.506332926020908201e-02 -2.704603257402071401e-02
4.401682777218130643e-02 4.784114436594272268e-02 -1.123964452517739075e-03
9.967504043975151939e-03 -2.388730624249371312e-02 7.264334496483803617e-03
3.632858622069445181e-02 -1.233431098305470212e-03 -1.023031373369107447e-02
8.077295260610095964e-03 -2.163523585619416684e-02 3.359931305934453580e-03
-3.592789133644184313e-02 3.809470698997986359e-03 -1.137234399668124278e-02
1.994278571206067885e-02 2.901202910278871672e-02 2.201458753662226264e-02
2.606462159535088280e-02 1.151121770502137875e-02 -1.700181791208724147e-02
-4.924883583987286345e-02 -8.391310294714940735e-03 -1.557110903323008846e-02
-5.142316950964646166e-02 1.429736097659047543e-03 -1.472868620751681575e-02
-5.391332048045087422e-03 7.676743398968517706e-03 -9.398851169237061598e-03
-3.290940922398873786e-02 1.888089749381929514e-02 -8.936117502336389865e-03
2.668162320436093943e-02 -1.179480082484936007e-02 -8.357224273675663631e-03
1.666586970486118313e-02 2.756177017045545810e-03 -1.054247980013015701e-02
-4.767387196279337241e-02 -6.895922661640650113e-04 -1.956919989677190913e-02
-6.769396049847273451e-03 -1.480008110385823070e-02 1.864465768418482189e-02
-5.919983040739151825e-03 -1.353990136584504698e-02 2.843740679050188458e-03
-6.298738994034499585e-03 -2.543076033868607935e-02 1.771549363991527584e-02
-6.473994073981804466e-03 -2.264336604244992363e-02 1.212882679005080830e-02
-4.209114021008630163e-02 1.680575822893606158e-02 -4.333981190474270676e-03
-6.259966954620175064e-03 -2.394669766608912773e-02 1.829984204943235770e-02
-1.119363570482907397e-02 -2.592882382240973421e-02 1.462299378693914485e-02
-3.834036932782933921e-02 2.080258290726707052e-02 -7.410621618605566126e-03
1.006774839109784991e-02 4.103631814244285136e-02 2.764523855870250173e-03
2.322938815009826727e-02 1.014891426697324926e-02 -5.785504054778663717e-03
-3.338287691300385190e-02 2.395945105990658283e-02 -1.428063855934778165e-02
7.668548604878799684e-03 -1.429796447865471984e-02 5.886723315756801737e-03
1.586042615331812594e-02 -3.294313628335089790e-03 -1.858363517477438706e-02
-5.620438175848336410e-02 9.013826768523648322e-03 7.240965659107787152e-05
1.690029007266446656e-02 3.631534322553282759e-03 -2.448271342565360234e-02
-2.611691113630442568e-02 1.461635572480949816e-02 -1.968549790149577358e-02
2.614677352646482822e-02 -5.727969056800298261e-03 -2.529715600597741074e-02
-3.051322538408591037e-02 5.622071946881497008e-03 1.147655804985057461e-02
-4.543896295541077074e-02 9.279787890657966928e-03 -1.787860904552974681e-02
3.763618830322022074e-02 3.237610289426713856e-04 -1.559499425611184792e-02
8.379274276325645449e-03 3.179493603344213382e-02 4.060946277217662953e-04
2.268100592559170806e-02 -3.546751487778574546e-02 -8.635059968641902416e-05
2.240754274612012133e-03 -1.721351984299715823e-02 1.107489188987423930e-04
2.643052221638938354e-02 8.969325853974212739e-03 -4.858736105755476209e-03
-1.314027550485458509e-02 -2.563639627541561966e-02 2.246718278538102978e-02
2.382237788643461890e-02 -5.659846051223816482e-03 -2.045357554247901125e-02
9.074801465286785190e-03 -1.729306601260338291e-02 6.414818168944151286e-03
2.153706520204919442e-02 2.293886256131935988e-02 1.134271220469216515e-03
7.409761199763080161e-03 3.060763754315809493e-02 -3.722631346990672423e-03
2.561624233431609998e-02 -1.936574481609443579e-02 -1.719728157707997931e-02
-8.892152466336173192e-03 2.947231869920613218e-03 2.221249499654148751e-02
5.333396981702638248e-03 -2.850498594989571421e-02 1.355496526934756203e-02
-3.166430497165170777e-02 7.202758099566808868e-03 -1.374790486852429331e-03
2.908908199224092411e-02 1.271254635168516008e-02 -7.582371057048281973e-03
7.263080553411311452e-03 -3.160898156733558950e-02 2.585927291646705176e-04
4.344052998016213751e-02 3.972986827470079835e-02 -1.788034673500715896e-03
4.919474011160677486e-03 -1.782435777819369946e-02 -1.184684546092215152e-04
-4.972972036554627884e-02 1.584279976808243909e-02 -1.026428989277654476e-02
-2.884736310606201767e-02 6.344825646558458583e-04 1.662127261420295876e-02
2.373592949030297120e-02 -5.781928057944186322e-03 -2.553270581374850884e-02
4.757543363261253905e-02 4.260211930321797930e-02 -2.336279195951266197e-03
-4.222715592359342629e-02 1.110490826578562976e-02 -1.515468982314400331e-02
3.327355289591100995e-02 3.939956191363722798e-02 4.584679580463640186e-03
1.465212219103951066e-02 -3.724933222993453974e-02 8.635448310391076986e-04
1.222374293520628319e-02 -1.347218140561041132e-02 3.811532923433723439e-03
3.984635709713974655e-02 3.697695536110355563e-02 2.498025518561203598e-03
2.844019831716369101e-02 1.554654186112613447e-02 -8.892852693761927815e-03
1.484701002225462599e-03 1.471249984848308108e-02 2.175141929395651812e-03
-5.181623792946221663e-02 9.578646862118758015e-03 9.733435174552870772e-03
-3.582571591646276782e-02 2.653122034384059608e-02 -3.971362099663957625e-03
-2.285443560968204724e-02 3.041726601604003224e-02 -1.667325789685525708e-02
-4.045229069943636485e-02 -1.538197305351017086e-03 -2.125277007859015591e-02
-4.795162688985572103e-03 3.641572189917758468e-02 -1.522265367309618735e-02
9.163698236049858115e-03 -1.107551627051003330e-02 1.993625381654800816e-03
-2.734157537147872269e-02 2.597255912766544775e-03 2.958393605010752134e-03
7.160104242132443036e-03 -2.042115867498905252e-02 1.469702366755036051e-02
-2.524733019808312814e-02 7.286136114080558716e-03 -1.168840152359763157e-02
1.225758426274125949e-02 -2.279344116573311929e-02 -5.526061422162301291e-03
-8.944378994252134840e-03 1.843618779994452006e-02 -2.171005470318459335e-02
2.319893480156419441e-02 4.229060304626788142e-02 9.190467177898897777e-03
2.250405189446760823e-02 3.226782821875174428e-02 1.051695257752331518e-02
-5.362293866863928476e-02 6.186104907284593370e-03 -2.050295886826628347e-02
1.181079444031534614e-02 -1.179595005970804182e-02 -1.105452531167999339e-02
-2.828467291143973647e-02 1.278148118538679524e-02 -9.569352744835229671e-03
2.367374002249959808e-02 2.269762398998314071e-02 2.201484678178503712e-02
-6.311679074338391593e-02 2.322941493527843834e-02 4.982492390768439999e-03
-1.212663167858073730e-02 -2.426958494141394362e-02 1.653588202113475542e-02
-3.704588771026509630e-02 1.332308538978047886e-02 -1.419275939463489865e-02
1.562444415217277387e-02 2.257400994261888217e-03 9.329380028628878746e-03
3.692916892037698823e-02 -2.340921124138383227e-02 -2.698048381856015671e-02
2.436600130543428722e-02 4.072621241502073774e-02 1.855347682023118436e-02
3.672451754657606732e-02 -1.168798398125275688e-02 -2.096455285363438975e-02
1.796391459715508676e-02 -1.472887463739459141e-02 -8.507987103956055411e-03
1.779466769996693870e-02 -7.768763586395834378e-03 5.372502284442372787e-03
7.864659848200668962e-03 -1.166921541156380358e-03 8.614838463551615158e-03
2.548832185136990294e-02 -5.271065783397867535e-03 2.481915800713108133e-03
-4.278078572820308983e-02 -9.055630920622760593e-03 -1.864649444357788233e-02
-3.980886664468272218e-02 9.760966431806579469e-03 -4.673682058179964502e-03
6.276553215345703762e-03 -1.051513417628618767e-02 9.423048920357767269e-03
-4.135281779088092330e-02 -6.306295380331893539e-04 -5.792025455999385945e-03
-3.681221995566275398e-03 -2.223441025875119367e-02 5.334599785425528200e-03
-3.606040282389475632e-02 2.476941537110689557e-03 -1.938166549433658140e-02
4.799616401871718775e-04 -1.205708912660813717e-02 5.388371394411543662e-03
2.802889356859644687e-02 3.386801789211513203e-02 1.342791388230166888e-02
3.844064955409113443e-02 3.930109872280927730e-02 2.778735051427597483e-03
1.630711549542990246e-02 7.254873198108704145e-03 -4.113765039495452178e-03
1.340139037363321725e-02 2.157714520500823852e-02 8.283590595751247560e-04
-7.595998958256347175e-03 -2.531292305078933907e-02 1.467803988755999288e-02
-4.670408434309445203e-03 -3.505364769687329546e-02 8.358242658741840692e-03
5.191109418139091235e-03 1.231935500111074923e-02 1.726565136373684958e-02
7.219338068211914039e-03 -9.507493595584778218e-03 -4.294397881771621489e-02
-8.897484803512427376e-03 1.704798120979764131e-02 9.928998193972824425e-04
4.158142184292282911e-03 -3.330126257910998033e-02 9.023507024835760240e-03
3.129361642419872108e-02 4.757174565216692325e-02 1.022347162319567002e-02
3.713819170983735651e-02 1.658757346509750694e-02 -1.216791025593610444e-02
-4.218472376617340980e-02 5.118589161579931504e-03 -9.353298906891861428e-03
1.104811481954397039e-02 -1.073811859082977882e-02 -9.258720228130935814e-03
-3.075821477190908079e-02 1.493422815428765635e-02 3.537567854255930459e-03
3.171293648034498314e-02 -6.992509103038929870e-03 -2.922215669954056003e-02
-6.358819512413577645e-03 -2.886114056011662016e-02 1.357394840631516962e-02
1.717843453674651813e-03 1.627159661374361077e-02 8.471652931572613843e-03
4.021370962239785053e-03 1.812972708994658663e-02 6.918080926630910954e-03
-4.885951690397263153e-03 2.226512593287715072e-02 1.889316384615917846e-02
3.186932911840706373e-02 -7.778477387410703131e-03 -1.625722664161979511e-02
5.011029590313630794e-02 4.747956744012719887e-02 1.060974029210537102e-03
-4.933854383826866141e-02 4.928189438579200221e-03 -8.038869942735419813e-03
2.674822156908630150e-02 -6.967628911137905591e-03 -2.780178432637755645e-02
2.415328157070435744e-02 1.222560618474360233e-02 4.774942860436231368e-02
1.478791652938086544e-02 1.255367545233460058e-02 -1.031475204973122473e-03
-4.428976142445394115e-02 8.082929611528847508e-03 -1.129555035828081790e-02
1.542723510910338700e-02 1.030619184607657092e-02 -4.304595579939305815e-04
-6.312298665548425614e-02 8.283400841771466558e-03 5.250733457973831651e-04
-4.100790870317915643e-02 6.763324786945615688e-03 -1.993598827300696250e-02
-1.241135128878638472e-02 -2.687374328966724013e-02 1.849285933998733727e-02
-3.698945656049512642e-02 5.136870697493845644e-03 -2.336186115599827792e-02
8.511407006507272499e-03 1.506755140363798436e-02 4.970531508473661868e-03
-4.239888317956080899e-02 8.440752325023179528e-03 -7.081462840894371669e-03
2.771785090394420989e-02 5.714928000852115449e-03 -9.932330587978177930e-03
6.856842005147207458e-03 -1.564945535752491554e-02 1.731025453498259703e-02
2.398220465700642845e-02 -2.341298384182927128e-02 -2.250307834253573169e-02
6.724131805212065806e-03 2.685622258072818333e-02 -1.597927391213766618e-02
2.166684310991224063e-02 -1.552669860216727808e-02 -2.057118174598839347e-02
-3.500246132330664395e-02 1.768671754006507363e-02 1.078875915420263870e-02
-4.832600971996537341e-03 -4.330502589887087056e-02 1.039791808812586850e-02
4.431057207076558556e-03 -2.321344813624636252e-02 2.367210746919838713e-03
2.668585227255036024e-02 -1.616193624334138351e-03 -1.882635531913098847e-02
-2.505952696122984089e-02 1.332742060461050357e-02 -1.037613710600064978e-02
1.651037839528261136e-02 1.792363575970085804e-02 2.108771330315831714e-03
1.405644170005987924e-02 8.275883434360229579e-03 3.251028068309882481e-03
-4.337774278419966045e-02 1.222963985389910122e-02 -1.153287807502710420e-02
3.347499178273515008e-02 -6.706354594257502889e-03 -3.922123690643068705e-02
-1.071235642945271745e-02 -3.042330712941031506e-03 2.520545272438568657e-02
1.807252020775705972e-02 3.679016164798239868e-02 9.448837955713150841e-03
1.638317093845565939e-02 1.026845478906647340e-02 -9.280479588819126602e-03
-2.082703124072196078e-03 2.634018596292590775e-02 -1.659291038042033303e-02
-1.186076193757021682e-02 2.764511081898424205e-02 2.980243836875963101e-03
5.185546702114359786e-03 -1.222219181529009616e-02 -2.176708974340990990e-02
1.449736180490520179e-02 2.659813385051442575e-02 -5.192447355921001213e-03
3.163135104589481772e-02 3.222246401589073939e-02 1.051774162107959980e-02
-6.519175239136186517e-02 1.812439674729790506e-02 7.708398648141995789e-03
-2.744239210465009449e-03 -2.230455641003623729e-02 1.126457427685830306e-02
3.735378720419251647e-02 4.407318980043017920e-02 9.719753013084812127e-03
-1.022657342889617647e-02 2.063883172963314888e-02 2.380198574825680147e-03
-2.801531316942675043e-02 -4.302348533329974911e-03 -2.652016604576272474e-02
1.014855143972487848e-02 -4.092454466453664813e-02 6.390413859826952862e-03
1.933989237413745671e-03 -2.965208854647670769e-02 1.965942017964533370e-02
1.231990208225273650e-02 -7.285516610059020355e-03 -6.152675671492755308e-03
2.594264588320790640e-02 1.261911572160529307e-02 -3.595888559000154263e-05
6.316857347700817298e-03 2.345496443242365073e-02 1.130032277595935039e-02
-1.168442331478924956e-02 -3.404092918206284846e-02 2.340012855557897092e-02
-2.651980998057576651e-03 -1.797361828516218230e-02 1.494315168419849300e-02
3.143103467735789552e-02 1.014128040666289511e-02 -1.100316158329631838e-02
-1.975180681096292204e-02 2.607200603309870954e-02 -1.965901007369849282e-02
-1.211754901160378567e-02 1.208396126288342233e-02 -4.305525935702223320e-03
2.761523121325577465e-02 4.626070147028798346e-03 9.727459585354163510e-03
9.764264597058825920e-03 -2.118979893516891380e-02 -1.976345547675269730e-04
3.802893815378488584e-02 -2.665797936266266904e-03 -1.799945202081044970e-02
-1.515977975762789615e-02 5.348066311176655901e-03 -2.036619288408125002e-03
3.463782086954904360e-02 -1.295050195112239797e-03 -1.054755652642274180e-02
1.693471486634664375e-02 -3.658988404576076631e-02 -1.826239213050371776e-02
-5.503062101351995083e-02 1.502929838146315226e-03 9.054731512849203913e-05
3.035091196004339673e-02 1.765595429349767556e-02 -1.236945642011906717e-02
3.374700832517654736e-02 3.660801852517883009e-02 2.154378773328823049e-02
1.868795406348705904e-02 9.604084069638255811e-03 -1.674755886595604218e-02
2.057583352024945200e-03 -1.524215034182811040e-02 -1.272473254581054682e-03
1.864819593877232963e-03 1.440426343666524785e-02 -3.955592831343011928e-02
3.434656337277149779e-02 8.295487347158118918e-03 -1.257424364400858835e-02
2.069756130755848189e-02 1.185055539906626487e-02 5.819708565090469903e-03
-4.487016959501900770e-02 6.885176608575525707e-03 -8.323818388321274631e-03
-4.481975301646532600e-02 8.226312929863751700e-04 -1.051945354069711881e-02
1.387871639762925692e-02 4.834666666479484065e-03 5.237364368367800060e-02
3.346381346263000746e-03 -4.946452133296894149e-02 -5.881231737420339854e-03
-1.564339148970747204e-02 2.431748160187157878e-02 1.087080634008352146e-03
3.026439589442487046e-02 -8.980251414549110175e-03 -2.287461586162808577e-02
-3.374695131011287014e-02 7.454730085472999028e-03 3.800472312067678174e-03
3.913563031927088515e-02 4.958974883308460424e-02 2.513419141895374600e-03
-1.521179446836973086e-02 1.606306841317540687e-02 5.972988148652083086e-03
2.215525757107150717e-02 -5.630797070135250574e-04 -7.746081232680729865e-03
-1.259739502011225816e-02 1.421543727907586749e-02 -5.952599061102735109e-03
6.157196767097930512e-03 8.621339319036632615e-03 4.201137769291731633e-03
-4.274921569976868757e-03 -2.395300464464769977e-02 2.291205216955408130e-02
1.876026998881628882e-02 -4.757923908780557591e-03 8.283193292989654566e-03
-1.064564783533128965e-02 -2.743957302253465305e-02 1.116117309052120331e-02
1.588293483894197972e-02 1.488628494206624409e-02 -8.468197628594296630e-03
-6.101359238483158344e-03 -1.916422816021620679e-02 1.069495268546466829e-02
-2.177019990418219836e-02 1.985268833274093578e-02 3.108691011113705674e-03
-2.555416022113467245e-02 1.526767696144602435e-02 7.113033766573313016e-03
1.857024450149965047e-02 1.293567880519814681e-02 4.394058350816392594e-02
1.933432553311455540e-02 3.547620959028460839e-03 8.955207968826172575e-05
8.412528526916433075e-03 -1.933913364010396777e-02 -3.813908119421417602e-03
-8.976742338970128670e-04 -4.197748794458064370e-02 -9.526729004974469894e-03
1.469253060478241737e-02 1.358322289538699268e-02 -4.108925473188748852e-03
2.622118495061573004e-02 -2.586162468728105124e-02 -1.836426065537585459e-02
1.263653886447009891e-02 3.758172300158685829e-03 4.646130766772504916e-03
2.854970983811453214e-02 -1.760847432305715160e-03 -6.326692818745495092e-03
8.376620670562892959e-03 -4.376682393848051883e-02 -1.171104597829771519e-02
-1.692395383080136026e-02 2.066360760114159534e-02 -2.532102068321202479e-02
6.201837459368298583e-03 7.195516122805294471e-03 1.404995603112429818e-02
2.216272866819923599e-03 -4.227116243819659808e-02 1.213968219205652579e-02
5.399779031623781235e-03 1.184838138300274742e-02 9.276318952811137691e-03
-4.130290966292673310e-02 2.637282134906349801e-02 -1.453273731813344363e-02
-4.128249645268739637e-02 1.329227233931988550e-02 -1.660502982998759546e-03
2.946826574055442377e-02 -8.767796045685281522e-03 -9.699470928024705660e-03
1.548625556992640206e-02 6.094993085418697228e-03 4.869571660375004996e-02
2.089720775583290419e-02 1.523037155449869862e-03 -1.773028204838554556e-02
-3.285933249678506946e-02 1.806199192879107823e-02 -8.163681700071529282e-03
-3.714130495608212318e-02 5.670114151539598982e-03 2.179036868135777669e-02
-1.042928347265100440e-02 -4.442447598604569448e-02 1.272119376354510431e-02
1.492056857459774649e-02 1.312358983197410567e-02 -3.814642592800386069e-03
9.466055684397029629e-03 -2.933621396998769421e-02 1.462657508456488391e-02
-1.219598504440166931e-02 -5.759055500565274897e-03 2.324455163571129135e-02
-4.309220593501770363e-02 1.187886042713534422e-02 -1.225013136163894366e-02
3.501013119577327248e-02 9.572575978054928547e-03 -8.249063954989876296e-03
-8.984487997759343231e-03 -5.167272950061964527e-03 -4.078838701277683922e-04
2.108967442826292782e-02 -9.740713823393330750e-03 -2.406366989098217279e-02
-5.408625726270553657e-02 6.615308313912897711e-03 -6.083861278956786793e-03
3.195901957385622466e-02 8.379886296167921370e-03 -1.806080248873806818e-02
-4.609864708504312486e-02 -1.382931241891757713e-03 -1.635107566494269776e-02
-3.833575832297319262e-03 -1.489128003991257131e-02 1.430814755067892283e-02
2.670161125537509270e-02 -1.640480271924589853e-02 -2.481019537179977516e-02
7.408666707518514645e-03 1.261888561810517451e-02 5.434979230931553983e-04
-9.137266657848016520e-04 -8.641608610506234384e-03 2.780991889112025342e-02
-4.362399717061860721e-02 8.456071384421068662e-03 -1.190953024893717446e-02
4.485744290122444140e-03 1.188335017229135392e-02 7.767513220950988603e-03
2.240773886491214534e-02 -1.739642400805386374e-02 -1.416049860426759829e-02
4.109657059274880210e-03 -2.396246931551777176e-02 1.166446612239718968e-02
-7.945237285822172313e-03 -4.084249872629518857e-02 1.771701311942796772e-02
2.971157113593039106e-02 -2.221260699770083794e-02 -1.978928062097484383e-02
1.083205823836297550e-02 -4.430770313766808216e-02 -2.330352432880987423e-02
1.254773310734733256e-02 1.002126566724713050e-02 1.387831089618500949e-03
1.483650340700251764e-02 3.844717406453978387e-02 4.533886743382194336e-03
3.030636625493247568e-02 8.190759954134195844e-03 -1.527739686150207665e-02
2.111502591008010063e-02 4.937398454275197281e-03 -9.087934638370815180e-03
2.379680914776718254e-03 -3.522380910142734051e-02 7.511805420087152435e-03
-4.107789008486727178e-02 1.297924019247062577e-02 -1.640113837947231729e-02
-2.352733259096611781e-02 3.027257971886148508e-02 -1.897944970186701830e-02
-3.618575897188361108e-03 -1.178220675623033696e-02 1.677963470149603994e-02
2.188195000528067591e-03 -1.715734572381682685e-02 5.628088397373562715e-03
4.553966441991168929e-03 -4.564246074396190915e-04 1.032663410851514946e-02
-7.050049367193096661e-02 1.345404657050638074e-02 6.323754858104532750e-03
-3.547355400714633650e-02 1.129297742126910559e-02 -2.226916149524871269e-02
2.185456015714525718e-02 -4.869205955580763537e-03 -7.630875426474862874e-03
5.598181915683263926e-02 4.498311889404428554e-02 -1.697548388812398839e-03
2.282071201148168360e-02 1.319303279516991466e-02 -9.375704167788984425e-03
2.657807789839253254e-02 7.754576945397547577e-03 -2.079171288749603191e-02
1.668068179426475048e-02 1.686620204496981287e-02 -4.287482863252333777e-03
-5.369425732290772357e-02 -3.177070562911234273e-03 -7.244063404537102839e-03
2.038716743558319569e-02 9.613762972406276683e-03 7.627348095637772815e-03
1.663105276966337503e-02 -8.100936712567617312e-03 1.685138805749479898e-02
-2.741306446080135281e-02 -1.006587268828905944e-02 -1.998041361953961648e-02
4.093622343408224312e-02 4.241932287546308633e-02 1.151583309097397928e-03
3.402350215944897893e-02 4.143318268637233986e-02 8.123775358717976944e-03
4.145327500553664529e-02 -1.243471026102008041e-03 -1.583893263581625382e-02
-2.375732660893068327e-03 -2.081284477742810848e-02 1.422284520320889721e-02
2.786073981287663301e-02 2.290069841963678077e-03 6.968151440186446874e-03
1.032502382331606074e-03 -2.216743248180385803e-02 3.265111693634170729e-03
2.898004462415647645e-02 3.656404487410816473e-02 2.044340136903860863e-02
-4.097241893268577934e-02 2.290056197627067438e-03 -1.198682496521195906e-02
1.477551769058319496e-02 2.836734906149491683e-02 3.514512823834371399e-03
-3.331534661394668778e-02 4.318653192019664480e-03 1.919386804180576306e-02
2.366640982222357678e-02 1.918563899709934024e-03 -1.208573310223295776e-02
-3.729879291458485131e-03 -4.206975342831854002e-03 8.312618219262109254e-03
1.866124822049715359e-02 -2.134531350472107167e-02 -6.755872827737859597e-03
3.684897217381219447e-02 1.890887990480767666e-02 -1.751671949959005686e-02
1.862286436673489878e-02 2.250132709188591359e-02 -1.638405607922819446e-02
2.871064461133615575e-02 1.943835683915619977e-02 8.792933580402152727e-03
-2.102368628216887277e-04 -3.609924808622629738e-02 8.460533244036821249e-03
8.048952099513645431e-03 8.241463663258523711e-03 -9.229189829025621211e-03
2.705949724951688118e-02 -7.446426735535732928e-03 -1.586484753030627942e-02
2.270166526587380842e-02 1.290725894967569617e-03 -3.499048756034341080e-04
5.741075419974449312e-03 -8.288509445891280606e-04 1.931997519214891448e-02
-2.541539484466608101e-02 2.965866867792932640e-02 -1.047650408061019146e-02
-7.551090186107219798e-03 2.196479353542477725e-02 -7.520007784313454020e-03
-2.691600696357683911e-03 4.125210176429393479e-03 2.620131699828277469e-02
1.739047718796626896e-02 -3.319448772081241405e-03 -1.724049819463915195e-02
2.024395865055598695e-02 -2.027725746712070662e-02 -1.653197913181818704e-02
7.849267699329892656e-03 3.163620889808577835e-02 9.425962074473832886e-03
7.941725160925066848e-03 -2.245151731410349738e-02 1.242189052772258752e-02
-4.665461056587963395e-02 9.384554791643535260e-03 -1.788753635765169200e-02
9.160134309911659167e-03 1.369258158085511802e-02 2.813514876457225838e-03
-1.312461044332571651e-02 1.421241803419187903e-03 -3.170250911205728817e-03
2.387333458780871442e-02 1.663124365475668158e-03 1.242523063616366233e-02
-5.135884239825954517e-02 1.684646248573835534e-02 -2.051713746871963034e-02
1.498898650423743061e-02 -1.688162067439122338e-02 -2.094822277615541670e-02
-3.597524174692296600e-02 1.286036603917286442e-02 6.014760347384223889e-03
7.074563773631242260e-04 1.937853512241340462e-02 1.186335271609863760e-02
2.678429613410194133e-03 -3.933869161406436171e-04 -4.800993174752533552e-03
2.692290556702489623e-02 -7.379816769725710233e-03 -1.855337567642147481e-02
3.151860933108777824e-02 -7.768616130130720325e-03 -1.872747915035115687e-02
4.370433734657235177e-03 -2.764269808782293669e-02 9.122371223897715251e-03
4.375961610882375674e-02 4.294498828837609028e-02 2.377343816095505054e-03
-5.941299996766493535e-02 4.492932454744062330e-04 -9.651473051299952824e-03
1.083686100335039780e-02 -2.669173261333222802e-02 8.249040777806863206e-03
2.753758551211007641e-02 -1.654062278457697419e-03 -8.425715853580057618e-03
-2.760393121012764354e-03 -4.018030631595316537e-02 8.797720845092504849e-03
1.043875029733593376e-02 1.845471121725012972e-02 4.829333522220943808e-02
4.095785999782864360e-03 2.469096220402304531e-02 8.552330262652172929e-03
-3.038264902904008052e-02 6.395444165368754409e-03 9.225482576852057784e-04
3.317128472852126642e-02 4.109250895289860706e-02 1.138075981883899558e-02
-6.648621610457599793e-03 -7.150480406675376391e-03 1.947612442536841501e-02
2.160601229521394093e-02 1.148112043421319929e-02 -3.732595610057810702e-03
3.226181930087296951e-03 -1.423057622577776106e-02 1.839164994883334125e-02
-3.339356424261417933e-02 2.014864618220559012e-02 -1.444345171664270303e-02
-3.566601231849388792e-02 3.452831874552877555e-03 9.723920081644752203e-03
8.864829266219306433e-03 -7.039772093197316748e-03 -7.332798233921773408e-04
2.947016490572938394e-02 -1.539302040069196083e-02 -1.134450066901657866e-02
-8.114657546931372534e-03 -5.871395529893455242e-03 -3.861357231756316205e-02
-2.704537613657331113e-02 1.064633240874538270e-02 -1.117566062369977457e-02
-3.742898599652444425e-02 8.432313155520817019e-03 6.207008575772533137e-04
-3.600306301738164655e-02 1.009483853414513792e-02 1.151158819164750484e-02
-2.941264496161753901e-03 9.659045242286855293e-03 2.980430262075962553e-02
-2.478554809689545099e-02 1.816537442933396918e-02 4.899096370302859910e-03
1.892541857985886519e-02 2.088199687865108581e-02 4.067927902101890758e-02
1.761349205372097007e-02 -1.015146342118378002e-02 -1.339829476346914711e-02
1.655083685704055244e-02 -1.323472329641845260e-02 4.401516950828633992e-03
-5.309129683895304208e-02 -1.509138445824132098e-03 -1.270634537000473949e-02
-1.996968853950045406e-02 4.633855089156291816e-03 -7.749990763753931630e-03
2.652447949305661301e-02 -7.682427178894677203e-03 -1.793619602487004500e-02
-1.884664863315522673e-02 -3.910411168507386265e-02 1.939172730255139115e-02
4.957232653814056499e-04 -3.316540119908673728e-02 -2.070249897929691760e-02
-4.340988037548604295e-02 2.606136413289866956e-04 -1.424116192555999194e-02
-3.573331186497376039e-03 -1.806597578278136204e-02 6.772431917194805112e-03
-2.328752695735533326e-02 2.029626532161818778e-02 -8.749617412499766447e-03
-3.143939434530029688e-03 1.870894518250299779e-03 1.970938415757166051e-02
-5.169975005861331650e-03 -2.863979856491390488e-02 1.282531555291863481e-02
-2.940878633630935463e-02 -2.294677364221867251e-03 -1.030615057906437287e-02
-1.061217414178126754e-02 -3.635350811207536947e-02 1.649076430618073852e-02
-3.748056520024275334e-02 5.992760140686074523e-03 3.958483278858421217e-03
-4.466966493741238164e-02 1.158419420443252378e-02 -1.688525479267453597e-02
1.003014235590339413e-02 -2.166534358003451705e-02 7.574489759863381402e-06
2.001382668222175323e-02 1.254866586991407705e-02 6.971772834456118131e-03
-1.790134001727871141e-02 -1.190442833101965428e-02 2.314155186354605043e-02
5.177753019547933801e-03 -2.091526934242300337e-02 1.265304519153744728e-02
1.742811171403468862e-02 9.819076611654079315e-03 -1.766938175825756964e-03
2.424116014011534152e-03 7.799280051938342964e-03 1.785217044670644668e-02
-2.531220866404197689e-02 2.396341558860418802e-02 -1.023281536910839243e-02
-1.023490880051449239e-02 2.549370507129641167e-02 -4.406034800349830326e-04
1.895285625303152338e-02 1.009662624773523081e-02 4.763337396049364264e-02
-4.289556074826935544e-02 1.226206828855683391e-02 -8.098994724056179581e-03
-1.784658508543919900e-02 5.442597882562193873e-03 -3.313151370856345056e-03
-4.197391311374181616e-02 4.222569967409372897e-03 -2.681107021331786446e-03
-2.440747385434316463e-02 5.014496052320766006e-03 3.252732461243278421e-04
1.303538473963167070e-02 5.022766468956269340e-03 7.816344139826481366e-03
-3.018824708710843296e-03 6.715808429223566606e-03 2.780714230685661301e-02
3.478215693458403673e-02 -4.204340867688931976e-03 -5.429284376402964719e-03
9.543724557305259190e-03 6.001427118686236337e-03 -5.522998655941005822e-03
4.832074328980228047e-04 -4.068334536171345356e-02 1.266224979876056853e-02
-4.657193612750785451e-03 2.188969866899252020e-02 7.630141247246455087e-03
6.655442092569563255e-03 -2.767368917685263108e-02 -2.293638117608237138e-03
-1.328426366987041710e-02 8.732191605070077633e-03 2.925623314007296319e-03
1.485628435775680246e-02 -3.898728594101594919e-02 -9.855153254157058423e-03
-1.128067787520969228e-02 -9.035064192861288340e-03 1.889942899296891826e-02
9.867096565080968676e-03 1.680148961884827749e-02 -1.000347422581935805e-02
-5.603236663196412004e-03 -1.568278157832301775e-02 7.979782491209433740e-03
-3.152696967610495171e-02 3.035091650308855988e-03 4.863605956621401896e-03
6.339379657091339694e-03 -3.733713498943124626e-02 -1.511570610023788919e-03
2.670083004026056143e-03 1.849788710744814171e-02 1.653956594817697009e-02
1.794070356635344343e-03 -4.028779218105213444e-02 1.562373816497639178e-03
-9.054390406077000852e-03 -3.945123875528640939e-02 1.276415782916235503e-02
1.858505292680618509e-02 -8.125903267614127332e-03 -9.480462730771325661e-03
-3.827503556065277378e-04 3.349682736326274027e-04 -3.934822078279864160e-02
1.065699257108462979e-02 7.839111310351001144e-03 1.320224183338503110e-02
1.754706838764099816e-02 1.511527235926423025e-02 2.084072576224132555e-04
-4.760292664486166087e-02 2.580984453719817502e-03 1.918144336161819313e-02
3.509149152484818211e-03 -3.670542635837473894e-02 -1.174720620624731702e-03
6.579658522221558045e-03 -1.488743072915285105e-02 2.074690616367504039e-03
-4.117013214668888837e-02 -1.660975468667247453e-03 -5.885965587162878161e-03
1.904285407947246822e-02 -1.709326248634911519e-02 -1.245913310546568897e-02
3.823132416888621460e-02 4.750582622622100126e-02 9.814980244143943836e-03
-4.037018699086257489e-02 -8.075716374722999302e-03 -2.456005301827268034e-02
2.841750228484700783e-02 -3.239803314869531357e-03 -1.075052688826672390e-02
4.232519193835813411e-04 -3.347985605423048350e-02 -7.171296955075523623e-03
1.874485766157044792e-02 2.034004801921117378e-02 -1.179651619753049972e-03
1.550000737323478824e-02 -8.910006636920238601e-03 -2.126762097822717384e-02
-5.371916735580437724e-02 1.390978251265832539e-03 -6.750388361742067252e-03
1.482175306549135974e-03 -3.837956361646069348e-02 1.164475398749145740e-02
-3.569541214376806271e-02 2.219221767367940575e-04 -3.356928633536247764e-02
-7.024210673987800468e-02 8.107836837046430642e-03 1.273650661183981653e-02
-7.148466787643043691e-03 -3.361867085811180711e-02 2.000967441518973142e-02
2.063784371469860879e-02 -1.378564943103061232e-03 1.107686966222776875e-02
4.194857144774764846e-02 6.947572849222352111e-03 -1.705310068100438989e-02
1.850673003056711383e-02 7.359268946086609635e-03 -6.443706094075785790e-03
-5.997646265464993964e-02 -1.237000165489158003e-04 -1.239490224053065547e-02
-5.955309306624253368e-02 1.723611430564537042e-02 -1.558870187062822918e-02
-5.763874773911108890e-02 1.966544715501614485e-02 1.119145751510201327e-02
9.809152637023048696e-03 -2.411435445148965573e-02 5.196431299983981719e-03
-3.325438362417714594e-02 -2.747095418952950202e-03 -1.326949237944650452e-02
8.064382306707886666e-03 -6.387288463348376674e-03 -9.718215470848197120e-04
5.140599605461904607e-03 -1.999554381416981941e-03 1.322317783509173970e-02
3.338137154641803578e-02 -7.144001147802170326e-03 -1.553132252855829107e-02
6.496809057901562108e-03 -4.795566565397948317e-02 -1.208643213015084088e-02
-1.289673276559225208e-02 1.312414103123565705e-02 4.983333776962152115e-03
-1.564553713925671136e-02 -8.462347901527143140e-03 2.146059283350914074e-02
1.742618502323704105e-02 -6.905415819342337717e-03 7.363864902286919138e-03
-4.866362279849906214e-02 9.333223574469003483e-03 8.568520978106291749e-03
2.745778083502959863e-02 6.309023500443457916e-03 1.804182734072172717e-03
2.231896983573042684e-02 1.569727265307811759e-02 -6.759124008658729151e-03
5.696623280561922270e-03 1.482823522056359727e-02 -3.159247731637306739e-03
5.626472879702209065e-03 -4.570808776977653212e-03 1.573269034938682559e-02
1.478222880041549789e-03 -3.175338424939923299e-02 -1.548774137275171943e-02
-3.507384388483451160e-02 1.113978851476100235e-02 1.176710587843134148e-02
-1.334919321668223691e-03 -1.730089853925591975e-02 1.264417670597479081e-02
-3.630608431395102725e-02 -1.319469360028759086e-02 -2.814466195801603940e-02
-2.013461588543408697e-03 2.337195178065758910e-02 -2.944344485722495859e-03
-2.240234696227314318e-02 -2.578186299028240036e-02 2.523498008581391214e-02
2.583790110953267452e-02 -1.046532242576141136e-02 -2.275130877727914169e-02
3.133796092515960495e-03 -1.605390259942817907e-02 4.108864455732928224e-03
2.203035422531941789e-02 -3.026824490652447498e-03 1.779024670353051771e-02
1.228201419782439657e-02 -1.978795006258126862e-02 4.404381258692053637e-03
1.435576632564791906e-02 -4.365075823650906538e-03 4.230864907825331381e-03
-1.782111320891002770e-02 -3.256856979283678788e-02 1.276556481814519056e-02
-3.952350798782131719e-02 1.689862548020978211e-02 -2.392497283635504346e-04
1.679351886782645339e-02 7.129564902494501567e-03 5.121293776864848345e-03
2.767150329167487530e-02 -1.687649770227769158e-02 -9.522978747758393051e-03
3.443730521536986916e-02 8.194533970155120891e-04 -1.456387461532596996e-02
1.828750329234544308e-02 3.081447453076927370e-02 1.139309414900059082e-02
2.863234961894005684e-02 -4.361533781402553785e-04 -1.649726585359752654e-02
4.570876012974813690e-02 4.549117918848130486e-03 -1.839425487863416420e-02
1.246481252740318929e-02 -3.643591555418328881e-02 1.132746457119490104e-02
-3.759064494189195971e-03 -3.942288328342081344e-02 -1.254946555248344538e-02
-4.480587401597052773e-03 -2.685544888357379797e-02 3.815706739095114843e-03
-1.037826957906006625e-02 1.507204153851084106e-04 1.917319475025063349e-02
-6.169224991317458912e-02 4.309817976259954463e-03 2.392833498610372959e-04
-3.876351889726696587e-02 1.944725151867588570e-02 -1.090644872754715534e-02
-4.872697137006449380e-02 1.536248335612498683e-02 -1.536742717658864769e-02
2.701279687609804345e-02 4.102408547978639991e-02 1.165834462293255380e-02
2.549374734172332735e-02 -1.250935039233683731e-02 -1.723073134518197241e-02
3.022945667061225153e-02 4.079371290663547089e-02 1.874836326282467922e-02
-2.420860572771883421e-02 1.345596491803413043e-02 2.825128164818281086e-03
2.194011937279618379e-02 2.645976949060231329e-02 -7.978946080031667706e-03
1.799172102046341787e-02 -2.630651779256101483e-02 7.096438328387677345e-03
2.381283716783703930e-02 -2.241383622698140191e-02 -1.532865432424438019e-02
-1.337728793069085063e-02 -1.360369847841151267e-02 1.902089919142207347e-02
-1.968138828628728486e-03 -3.726870893491242287e-02 -3.319685527921165721e-03
1.433983563054195415e-02 -1.809940185352235109e-02 -1.693197109113388915e-02
-7.972501571173427892e-03 -2.463743435181969810e-02 7.995667313874146864e-03
-2.929629974427262751e-02 2.428707142871970245e-02 -1.327132894385321844e-02
-4.634499060423696165e-02 6.156408718270298206e-04 -1.194872798507854578e-02
-5.796163111993466593e-02 -2.470118448684369486e-03 -1.744608810700076784e-02
-6.629486808390938797e-03 -3.353193777294972283e-02 1.245322289266455849e-02
1.366265716061638470e-02 -9.569082769188556187e-03 1.199843710548478652e-02
-2.042078266304808362e-02 -1.560984141174089068e-02 2.017526625246597941e-02
-1.385184939589947537e-03 -2.237992616505451310e-02 1.777918761110171969e-02
2.551910618072577783e-02 -6.307547916661147315e-03 -1.801399384562893044e-02
-9.810835814081108469e-03 -1.198818524798296072e-02 2.205165619350952719e-02
-3.698644393753419257e-03 -3.701586060015452095e-02 1.305905905469635642e-02
2.830217193397988745e-02 -1.510966588346963901e-03 -1.907469015468908277e-02
-1.761434785221174110e-02 -1.588784316640675254e-03 -2.633472063943448002e-02
-6.381902308840350924e-03 -2.380237897728131047e-02 8.512348341191713214e-03
2.007604341783957979e-03 -3.821690180421025151e-02 -6.675175652963999048e-03
1.617158112458948888e-02 1.187884855989156975e-02 1.161200741430553143e-02
-3.818293167954474321e-02 6.350106689180507261e-03 1.084002394443341934e-02
3.221677589790746671e-02 1.254040459411486126e-02 -2.032982215030133821e-02
3.092536739402809015e-02 -1.101774218036511918e-02 -2.219193295032274513e-02
2.023794152880414518e-02 -6.827644579214952811e-03 -1.227297638384718115e-02
2.343317264560970323e-02 -6.661930315214587006e-03 -9.822486920512284517e-03
1.211617686106565735e-02 -3.610454138556162991e-03 1.721491872251659436e-02
-3.735098983907938347e-02 1.090207915559494346e-02 6.902296023514773934e-04
2.004398517874753788e-02 6.272979841342875935e-04 4.684766196367721493e-03
3.372833736637734225e-02 2.747331026991823265e-03 -1.294627129574752247e-02
-3.729639652734362959e-02 8.246613979586845528e-03 -2.450986817701300059e-04
3.734405294656117924e-02 1.547447393573066557e-02 -9.196077314475114770e-03
-1.853792376322962315e-02 -1.048976242854646537e-02 2.456789762570939575e-02
-4.168055518817171019e-04 -3.797674745508704958e-02 1.220614282727015311e-02
2.713391168091705899e-02 2.426018793811705876e-03 9.697957390829375912e-03
3.725950417618735522e-02 -5.799583988700622974e-04 -3.498839690028264244e-03
-3.774145587284905706e-02 -9.285771707788022591e-03 -3.003867682834447314e-02
-4.535954461647959471e-03 -3.993805493706841653e-02 1.700502808168815466e-02
-8.449707917603171492e-04 -3.916178423731821179e-02 5.686580949492375456e-03
-3.662098687636344135e-02 4.184362563643086695e-03 -9.031203801440665369e-03
1.064052321473835626e-02 -5.735159945974942566e-03 -1.614149977741477851e-02
-1.390438613127906349e-02 1.894485493395933751e-02 8.594198644839824708e-03
1.477153329674044113e-02 2.440722748543413048e-02 -7.396327021532690844e-03
2.237853256487999654e-02 -1.849447310396739458e-02 -2.681610982792658089e-03
-2.883139630917195759e-02 1.560994057993032348e-02 -6.798145605463901467e-03
-4.461839603449672259e-02 1.902096250726771978e-02 -7.387691996235002528e-03
1.377073358945253394e-02 -7.646567698474603623e-03 -6.810010780299378085e-03
-3.298613611545246627e-02 8.092345905535097347e-03 -4.778016770358754599e-03
-1.686864036486692905e-02 -1.881283398553081250e-03 -3.063479240227274039e-02
2.202728866915614533e-03 -2.033114471960125597e-02 2.889885779990919099e-03
3.295251456165428777e-02 3.389164120942491330e-03 -2.723244241035761501e-02
2.590086138211456293e-02 2.905527414684565962e-02 1.182741109986708457e-02
3.648531402912565808e-02 2.663168329793356298e-02 1.134084802491048573e-02
1.952838873181426960e-02 -6.869257082020120003e-03 -2.483326038663535157e-02
-2.278988462881076805e-03 -1.266415389752729645e-02 1.436234787387329417e-02
-6.205145629785363635e-04 -1.430168947709774263e-02 1.899986742912657817e-02
2.243216543362471643e-02 -5.969891475846205060e-03 8.537632967405319991e-04
1.187415142565674368e-02 -5.074966964743503339e-02 -6.330973971329315747e-03
2.141659880502028851e-02 -4.570178440356639435e-04 7.690069088086840671e-03
-5.289598318977606350e-02 1.969100704384599276e-02 -4.391106865148377073e-03
-4.456585215246611220e-02 1.121506945322556063e-02 -2.644630258525356228e-02
1.897004199916754730e-02 2.752512405714027666e-02 1.642534152006516410e-02
2.545190702198829244e-02 2.560801087332246692e-02 1.298922388401005205e-02
-4.417890271150783088e-02 5.613089846128288887e-03 -1.363610918339658654e-02
-4.125732311311709755e-02 2.114678043149286271e-02 1.291892145811191460e-02
8.885981902999679632e-03 1.269241927534033466e-03 1.085184393263216932e-02
3.004644100326869793e-02 -1.750408943066089369e-03 -1.763910579509197704e-02
1.544669072585026087e-02 1.621240289872681595e-02 1.360458278213911437e-02
7.706521952507032480e-03 1.336839115621130981e-02 4.056817616542829699e-03
-5.747723378759591988e-03 -2.152248579440483797e-02 2.281792626226247008e-03
-4.062300952462988279e-03 2.825191488663103545e-02 -7.004351086172762308e-03
-4.883785966351490010e-02 -3.153739647081844726e-03 -4.258168127692440498e-03
2.088192956680200770e-03 -1.045293054895487378e-02 1.246535348925742297e-02
1.773572393703511454e-02 2.920300216908980687e-02 1.236582203175495831e-02
3.628063497320926922e-02 3.567050361542569575e-02 1.337516089257466227e-02
2.657401733888946002e-02 -1.205668322778881765e-03 4.615935068604337319e-03
1.772088468476032408e-02 1.078268178980821765e-03 9.767800524631482014e-04
-1.062972555578762038e-02 -2.087289063959037877e-02 7.952909253360371938e-03
2.523606589555665511e-02 -2.354130706745842516e-02 -1.446272311135415357e-02
-8.220181651479504040e-03 -2.949710639333465514e-02 2.380900939594187554e-02
-6.244025732836649273e-03 1.421084145762261395e-03 2.177055358547381678e-02
-4.775846918386100759e-02 4.673737549158750448e-03 -8.255568740284697712e-03
5.458170984259052769e-03 -6.703694145584490269e-03 1.301980622572145724e-02
-1.170206262992351011e-02 -9.150668418182883110e-03 2.286374038072142012e-02
2.015519347922802712e-02 2.954168517718513964e-03 4.736610028040998815e-03
4.717947170918475666e-03 2.231917722583166841e-03 2.110526029113593202e-02
1.942314466776751472e-02 1.366187880656462642e-02 -1.171719191515844215e-02
-2.620062147811360112e-02 2.429568793837525668e-03 -1.872797857231984012e-02
5.054323978805579445e-03 -3.243434664473620471e-02 4.084350742273944179e-03
-4.990635242661615317e-02 9.119680172332464071e-03 -4.196743075444951676e-03
-5.257838280974112127e-02 -7.919631336412510806e-04 -1.536625839327110735e-02
1.420624830656667080e-02 4.100174592054713074e-02 7.047295933158593227e-03
-3.310605196898576321e-03 -4.687359226594662448e-02 1.770370930993187333e-02
-2.933846566983186466e-02 4.655537250921879151e-03 4.002205669426609630e-03
1.572832011190622784e-02 -1.496309128373152220e-02 -1.507687828540164518e-02
-4.435625084478943270e-03 -2.271636424779445787e-02 2.525080448973253400e-02
1.307530773178023666e-02 3.818556362090566592e-03 4.116284212977792262e-02
2.214645106087883425e-02 -1.851434711738644823e-02 -3.481804038965573972e-02
1.743534073572740664e-02 -1.086786755514912092e-02 4.070328090021745927e-03
-3.974706912153547905e-02 1.256696480062938388e-02 5.580644118443573581e-03
4.186558778458492058e-02 5.232519380557711791e-02 -2.811523049543314130e-03
3.271278705586588148e-02 -2.745731556980548008e-02 -1.823772905294395244e-02
2.192313173927277689e-02 -1.608592179694354196e-02 -4.402658570928911184e-03
-5.646536495617604512e-02 -4.016795502508771661e-03 -1.074884832869643647e-02
-5.090566995290633084e-02 2.533588381301173781e-02 -1.016165783196731724e-02
-6.885339253783878677e-02 2.180632997236935447e-02 5.483565062232719986e-03
-3.755540899196579963e-03 -1.755232728186536736e-02 2.111941860664060325e-02
-1.817698592414082603e-02 1.248125771673892249e-02 1.175630830081633195e-02
3.054473307677636664e-03 -9.360308015364722858e-03 4.837616385689146731e-03
2.617072652308474745e-02 7.412925243720903598e-03 -2.186605222020260569e-03
2.457979396694565544e-03 1.886745265796243784e-02 -1.565105006529578322e-03
1.099834478557948185e-02 -6.464607778379683660e-04 7.520611768327022627e-03
-9.491823098865535477e-03 1.128011862508143670e-02 4.857764343644183080e-03
2.481729461007648255e-02 -3.869169015066706123e-03 9.200975508579968196e-03
2.277610396926095081e-03 -3.768995403703166713e-02 7.735698015193089028e-03
-3.067264855583105507e-02 1.530079479573966811e-02 -9.333439491972746194e-03
-4.291967789020393990e-04 -2.895815609711189023e-02 7.243020657470898224e-03
3.525009590668842785e-02 4.937037868734630436e-02 3.655316088092772694e-03
1.411247574667359901e-02 3.150224980589437507e-02 9.447615928547321851e-03
-1.837652564047456000e-02 -1.608618642786634927e-03 3.482586338571859973e-03
-2.775348715411523476e-02 6.223477257597787547e-03 6.568000766856478545e-03
-1.843313420028359559e-02 3.539093254670886909e-03 -2.506240539542854695e-03
2.862465635239282852e-03 1.585862875410172859e-02 3.447969461302000018e-03
1.636883766412538382e-02 -9.637237771322814534e-03 -1.543040394547703399e-02
-3.094251324163890468e-02 6.390002685189610440e-03 -1.210218359860865817e-02
3.073935056640222235e-02 3.687619551353507608e-02 9.773838539148463692e-03
-3.324980801662213298e-02 1.584005896984372330e-02 -1.610925523323986780e-02
-9.048914361683179849e-03 -8.159604056876313544e-03 2.421479726642812580e-02
5.365178096611482664e-03 -1.867779279205268941e-02 -8.394283355299769420e-03
-8.808762089435619863e-03 -3.444428278755025385e-03 1.701977758255662082e-02
1.778007403218192367e-02 -1.032078957210789960e-02 -2.089021578641698379e-02
-6.148464118941819601e-02 7.801348485215619903e-03 -2.057567032800813184e-02
8.207013058788192178e-03 -2.719576704988288865e-02 2.556589364413044616e-03
1.269304673783225659e-02 -3.339661033979485737e-03 2.130141154027591008e-02
1.875579138987118477e-02 2.447448214707007453e-03 -1.195095213899914242e-03
8.684631837514510816e-03 -3.861622656719923986e-03 1.617085939082609988e-02
-7.071128913441044467e-03 -3.809971015834914820e-02 2.721640682217819993e-03
2.816009639839031978e-02 -8.666902828270863987e-03 -2.457283614236508915e-02
-4.384673057443223831e-02 1.772485465305893501e-02 1.240847581796361565e-02
2.576137898978039104e-02 -3.138773202925123490e-02 -8.884571572395510292e-03
1.356956239798504061e-03 -5.010937430272103567e-03 1.665237156009666611e-02
2.590836106789504850e-02 6.478046211499010471e-03 -2.428611132508454867e-02
2.548253291221742531e-02 2.491699069664161936e-02 1.572892462440331251e-03
1.728672154830542679e-02 1.450969624130561686e-02 7.101458875939126517e-03
-3.867256397481570046e-02 7.561699702366525035e-03 -1.054898643380186227e-02
-4.237466867763904632e-02 -5.008975388395499502e-03 -2.222763846038686847e-02
2.002226528812223183e-02 1.495055859319362190e-02 -6.401606464424720692e-03
-4.804564683379011769e-02 -4.510380103517682739e-03 1.514810937054038471e-02
4.616397968065431151e-02 4.934673973553650034e-02 7.680903009059339426e-03
3.504792885625893084e-02 6.943043980171011501e-03 -1.064504472774662619e-02
1.848075679456783957e-02 -2.145789015437306671e-02 -1.047839482023803573e-02
9.538847101506256129e-03 2.897070413200803982e-02 1.173101185417092449e-02
1.267394229324137964e-02 -3.853073974600790957e-02 -8.416187248629112411e-03
-3.610684566917429783e-02 -5.745917580035590430e-03 -2.788789450408105108e-02
-3.287597805741850586e-03 -2.712914020636023743e-02 6.125500862524351289e-03
-3.792550410555480672e-02 1.177264845769084023e-02 -2.890807750475230149e-03
2.312416922426445854e-03 -5.196413995883589210e-02 -5.308809888352076199e-03
1.289041334703323015e-02 6.513346724291193580e-03 1.134059299300826289e-03
-8.977382216528757494e-03 -4.224083622778267849e-02 8.882266804425198101e-03
1.655884764277761045e-02 1.753149598595916958e-02 -6.787721713677713313e-03
-4.510211447605798341e-02 -3.877610245631337837e-03 1.226352414641653692e-03
-3.180276060016402201e-02 2.651339996880970953e-02 -2.527271439127250913e-02
1.555449980138037466e-02 -2.882894046254469433e-02 -5.532706700395234080e-03
5.056381483018850161e-03 -2.990417983214309697e-02 6.991595269079034849e-03
-5.487160095921087520e-03 -3.507260132064445729e-02 7.640744320369444176e-03
1.271462046452192249e-03 3.703939923775621118e-02 -2.674506783961514301e-03
2.676699578549197878e-02 -2.249069419208804890e-02 -1.473186958851785931e-02
-7.114665565806829392e-03 -3.730840159633645628e-04 2.328250844781551768e-02
-1.759803499171758157e-02 9.023074291809971004e-03 -4.234697194584812613e-03
8.319039539796362417e-03 4.451869070990772514e-04 9.608991006668736847e-04
1.053585520183416072e-02 -2.719286592129437422e-02 9.654084239722009880e-03
1.591868067894935306e-03 6.015333526659343184e-03 5.729708273000891014e-03
-4.131716059733132884e-02 -1.305779883380140532e-02 -6.375883841472859866e-03
2.814877034906033623e-02 9.815114677813202917e-03 3.600508876651570007e-03
-3.072395160742043621e-02 1.616360744094241103e-02 -2.206723372629043264e-02
3.709887427931983939e-03 1.193057081280453520e-02 9.215821524041375307e-03
-3.266163223734590282e-02 3.137771975594076581e-03 1.359409024486992780e-02
5.570740965981408818e-03 -3.232526557897716368e-02 -8.862988118768025392e-03
2.656297061463767234e-02 1.561869167376391671e-02 -1.307784374269870334e-02
-9.456260062218122334e-03 1.720441494652695871e-02 5.389478602408413581e-03
-2.327727050409849393e-03 -3.833084200333570363e-02 1.195204331831195219e-02
-2.796001265016466453e-02 5.441342817261246578e-03 1.043548549482554988e-02
-4.488029599954829196e-02 1.508950069489746297e-02 -2.114012052897969174e-02
1.791178951513406475e-02 -2.329527358526890107e-02 1.817091543005578227e-04
-3.617663508116686355e-02 -1.012549057952381756e-04 -1.231445584202183613e-02
7.758295273407590092e-03 8.395624756026861743e-03 -2.454054313224378510e-03
1.778734516805394530e-02 2.735458568084684836e-02 1.452131209132843763e-02
3.613982057411581350e-02 2.333588961035457966e-03 -1.994095219090901219e-03
4.714746391760379039e-03 1.684613663996262917e-02 8.827241863482716529e-04
2.945372533973319648e-02 -1.382763999080648121e-02 9.407485975248897417e-03
2.686688451398215605e-02 -6.626475806270932557e-03 -9.483382269669875242e-03
-1.308478006846075861e-02 2.825321979381860416e-02 -4.865434609715515134e-03
2.813102038352739004e-02 1.382136621913801836e-02 1.378894970505334708e-04
2.827309767754063868e-02 3.618558673573761455e-03 2.397940532159779665e-03
8.640542356971557536e-03 4.063690129545292906e-03 -5.834903929506318846e-05
3.750326037790394952e-03 -1.939838195296167411e-03 1.108945575585389837e-02
7.268842822978714008e-03 -4.362962874377749461e-02 1.017718161029077667e-02
1.658242385568995184e-02 1.609681288794206910e-02 4.977052679578063132e-02
1.616172569487183460e-03 -2.461947246415747623e-02 9.301479440582693242e-03
-4.798762311261765140e-02 -2.196231617980575444e-03 -1.068845549178175196e-02
2.450917129406023770e-02 1.814621960353175398e-02 5.216551253662900407e-04
2.526146978230021239e-02 -7.423651966437083000e-03 -2.052951515824936318e-02
3.381269184940408762e-02 2.077056125568993092e-02 7.599991374448814355e-03
3.549041744566045625e-02 -1.553377511392618586e-02 -2.489170760424134696e-02
-4.385655855019994498e-02 4.708129923426095272e-03 -7.577048490518984228e-03
1.386304007569326251e-02 1.095814671523083310e-02 8.476206886503088620e-04
8.627789201789177673e-03 4.323976970101126374e-03 8.487093174587456712e-03
2.065124331035281952e-02 -1.419681453117528983e-02 -2.638783706206906596e-02
3.369317737722062750e-02 1.272824967906886415e-02 -2.178376935943882042e-02
3.886809543386648361e-03 -4.309084960225348371e-02 -5.064221648714451775e-03
3.382684453790919116e-02 1.227803913306663684e-02 -8.261229981217088625e-03
-2.633894446284079042e-03 -1.507584388478431722e-02 1.802954486390904304e-02
1.723109510666115743e-02 -7.152437163447686146e-04 2.532642385190089340e-03
7.209126373511301478e-03 9.102368272326950491e-03 -1.283890432786898321e-03
-6.636660606879524020e-03 -2.761648224785084871e-02 2.437484399112501213e-02
-4.704618816352162773e-03 2.161397906536611374e-02 1.826109386783804703e-02
1.406936910403939166e-02 1.946852631629400129e-02 7.718673082740985618e-03
9.736361773105519507e-03 2.678588090021287102e-02 3.023236125438725993e-06
1.289031498412011173e-02 -1.607802272208606886e-02 2.926002945590589800e-03
1.603577941918250468e-02 -6.617254439554571058e-03 1.109801454440686834e-02
-4.277808850550605772e-03 2.576181779184130369e-02 -7.645661067943496959e-03
1.375495172606305133e-02 3.104648670472457826e-04 -9.161206650482017072e-03
-2.936724576566637681e-03 -1.778852372170413795e-02 2.588534990909348646e-02
-4.885534981285993145e-02 1.008893459346136591e-02 -8.887286730931302781e-03
-7.974745725988885425e-03 -3.463400509178543585e-02 1.950108705282622285e-02
2.897064581659026389e-02 1.054827032026289454e-02 -2.331115443138600390e-03
1.276428228318464073e-02 1.650375792845916109e-02 6.956138669206427851e-03
2.589158016859765578e-03 -3.232627493508141714e-02 1.410474781680821216e-02
-2.047261892588842988e-02 -2.188688398665364701e-02 1.935404873101737033e-02
1.394154215191048367e-02 2.521740590250343139e-02 4.246493254335983319e-02
-5.720374222548890719e-02 1.181708289080111302e-02 8.145246585924807020e-03
3.093858026146718843e-02 -3.836924111042271535e-03 -1.432935815539033292e-02
1.617819381425504577e-02 -1.790770621651504441e-02 -8.855265673977541496e-03
-1.070637284542958270e-02 1.385512890541661796e-02 2.324822231436507111e-02
2.059242054080777720e-02 3.570061885650590108e-04 -2.784906381721510837e-02
-1.196012902311952356e-02 -4.021690277050894713e-02 1.552068715930306729e-02
2.512711215278964905e-02 1.505154076017616548e-02 3.892783038479230573e-02
1.284155153524509660e-03 -2.618176051101851753e-02 1.009665783227912429e-02
2.360595473731669832e-03 2.767845636900595485e-02 1.617044086739642325e-02
-3.075928221764265280e-02 2.104357311480144210e-02 -1.095336761890079898e-02
3.388192662394026288e-03 -3.323562396418298925e-02 4.870055479126504834e-03
5.383357011899173560e-03 -3.586739621776740411e-02 -1.356017978089764028e-02
3.084827205160603145e-02 3.650952399712230345e-02 -1.335300368104573013e-04
9.507099555935915117e-03 1.855797361568174361e-02 6.085379780893032664e-03
3.350457272032524025e-02 5.136412542010250493e-02 7.004604324458753480e-03
-4.688811022290858589e-03 2.011832249784867993e-02 -2.618468100812022456e-04
3.425300098614339483e-02 -1.549141605275333039e-02 -1.925885119279858657e-02
3.154491785176138235e-02 -2.809127767689277577e-02 -1.671545260864436971e-02
-2.115743536729095681e-02 -5.029258890264710251e-04 2.611268738521715232e-02
-3.550599428974397093e-02 -2.424686348894776900e-03 -1.054332996598031542e-02
-2.078369895642594514e-02 -4.169873442811559278e-03 2.074520651505036214e-02
1.835047522590839073e-02 5.673998649031493889e-03 1.436578722976455079e-02
-3.799171303253504051e-02 1.722567980908511903e-02 1.226560742564593125e-02
2.323156264670468013e-02 1.268478066676122489e-03 -7.869466007316010302e-04
-2.588393320464902475e-03 -2.639916873468833164e-02 -1.270933809295848350e-03
1.119820577038391739e-02 -3.207525778081098122e-02 8.507808153732374437e-03
-5.981534114507611882e-04 1.384755568917541910e-02 3.511033435855976086e-03
2.059776469313849556e-02 -6.507320800518461880e-03 -1.568008162719680340e-02
-3.631138470087445086e-02 1.026727437312324048e-02 -6.755481779713940794e-03
-2.939162649999040380e-02 9.824540283422224587e-03 -4.146584797439563201e-03
-8.907907967201445301e-03 -3.520011394715844705e-02 1.524499966192332384e-02
-1.501698200392995348e-02 -4.920599553773913337e-03 -2.914943113886645995e-02
-3.897130313647984012e-02 6.007446443486224794e-04 -1.528583388240022101e-02
2.701163993393218554e-02 -2.236906900613945190e-02 -2.154008227565995873e-02
-4.862716385410517650e-02 1.436070827539791608e-02 -9.934833782551435663e-03
-1.895283348670452270e-02 -2.073119463758989200e-02 1.956458967016725531e-02
-3.422960757202139770e-02 6.745086429269495781e-03 2.043532198452505545e-03
4.067381736840976376e-03 -4.078250506736950942e-02 1.493959205385855631e-02
-4.770146728921651619e-02 -9.875283452354379973e-03 -2.167302836491890802e-02
5.111712963638730123e-02 4.574310179097058199e-02 -7.954642011321342784e-03
1.904653434005634111e-02 2.222738083752236193e-02 -3.273801946966161530e-03
-4.463165707398752957e-02 9.930821705635549390e-03 2.204227601753891951e-03
2.266409388963319931e-03 1.534858061217298994e-02 1.003321013051303341e-02
1.630017036738402869e-02 -1.682367387519837290e-02 -6.422847126800346890e-03
-1.185651359529591581e-02 -3.768478222034252895e-02 1.804945441352840546e-02
-3.329823552827081146e-02 2.882689944482385875e-03 -1.676763709977049238e-02
1.031558453601062741e-02 3.260361998052022352e-03 8.523917883575570995e-03
-7.554758814161330327e-03 -2.691799369195082073e-02 1.240962599149457272e-02
2.000878816284952511e-02 -3.705545280789223229e-03 -1.475917062409553594e-02
2.278122313247508621e-02 1.415538583567458111e-02 5.474601164350208736e-03
-6.316905475437119277e-02 1.033436464745468922e-02 9.963128815755903714e-03
1.594058452299078332e-02 1.099289179307869763e-02 4.747286405115308527e-02
-4.037232214587168494e-02 1.040591741703093256e-03 3.290100186723039170e-03
3.724317519995513220e-02 3.297389131883987634e-02 5.618494000703118905e-03
2.793900065148758553e-03 1.504254530579832681e-02 6.626880016920628884e-03
-7.479577286668541609e-03 9.396647388240655929e-03 -3.709277966134304910e-02
-9.106578196935831079e-03 -2.776540836477901786e-02 1.249528711066258749e-02
3.485537776070325028e-02 6.881533739761558008e-03 -4.452827104830587267e-03
-9.318018550168874828e-03 -1.529927000180738780e-02 1.093688717574042152e-02
3.373275391063082496e-02 8.544446271255003514e-03 -8.168559968649154526e-03
-8.240762549651023047e-03 -1.228188877168480582e-02 2.827455937548486314e-02
-6.120757081024690710e-02 2.407875074068182436e-02 3.376793582173101289e-03
2.360081066220625495e-02 -2.882596638931763863e-02 -8.921583741025007272e-03
2.249826765545652474e-02 2.737647399863737951e-02 2.308961060609856543e-03
-3.729347191302104930e-02 2.674984375456436708e-04 -1.812362316087909320e-02
1.851972562493258562e-02 6.787407487358300927e-03 4.699130910192889088e-02
5.572619245961491852e-04 1.762935986673656169e-02 1.337798731860074392e-02
-3.379560655457921649e-03 -2.052202095294748327e-02 1.392109058481434507e-02
2.515315127291338493e-02 -3.852287833489200647e-03 -1.136832542986310158e-03
-3.669568382328559919e-02 9.354373377018851063e-03 3.710167572641848762e-03
3.327623490421349837e-03 -5.825273233243584989e-04 1.105466804324004709e-02
7.198372043749038003e-03 2.779078790994532824e-02 9.923292414776893611e-03
-8.003761992311042225e-03 -4.177229443725496635e-03 -4.865052218716385546e-02
3.589903970838807107e-02 1.676850341940422720e-02 -5.665345784842922006e-03
2.403439647360534545e-02 -1.225608833823851711e-02 -2.637589044142817432e-02
3.195056306127032342e-02 4.505630148198774831e-02 2.296837495387921493e-02
3.487254719299386074e-02 2.127134709798321824e-02 -3.369160435091865698e-03
-1.146823519291348750e-02 -3.244938261839184351e-02 1.281418439892388801e-02
-1.441745887722294464e-02 2.839032556097930739e-03 7.820468626305364032e-03
-7.008282427232510013e-03 -1.644707487253177849e-02 2.060194166193892590e-02
-5.636009097122566267e-04 -6.289615291048999274e-03 9.668635666632943368e-03
3.593596762649817200e-02 3.796038604829030799e-02 6.915531419059352258e-03
5.580680916366514976e-03 1.876590920398586368e-02 4.193080865852471281e-04
2.156644516351891375e-02 2.106140729341871021e-02 7.985467532187623396e-03
-5.944708452591911801e-02 1.863898930665701392e-02 7.507926608404312876e-03
2.924172188114218876e-02 -1.373410563554511689e-03 -5.680033080339314325e-03
9.074515133646595538e-03 -4.492438109799435503e-02 4.782929937172595821e-04
2.481496435815538915e-02 2.065593444957050662e-02 -3.327352002257198118e-04
1.357809727406530421e-02 1.684605805110540519e-02 -3.117361295530612052e-03
3.218823080089283639e-02 4.382340250220581601e-02 1.096830223232151194e-02
-3.839066476655381838e-02 1.939930932110412246e-02 -3.503030632336450964e-04
7.603172393427474682e-03 -3.588184019777811845e-02 -8.319667579286265865e-03
-5.455576614209978886e-02 1.276553821050798246e-02 -6.761153767025719630e-03
-3.271670421011591695e-02 -4.287592600032497439e-03 -6.501906473813274211e-03
-1.760919466254936248e-03 3.548771838268911794e-02 9.561917494858108990e-03
-5.649979980086286720e-04 -1.689418341010638300e-02 1.264216437841894809e-02
-8.895762688931605541e-04 1.239306873476700606e-02 4.862698736511034819e-03
-3.514988778934876462e-02 -3.488582919390014261e-03 -2.317184917456751453e-02
2.718474750186883771e-03 1.836031462201546602e-02 -1.197102780306228201e-02
-4.547917908635051853e-02 7.037868188624593450e-03 -1.152333468125734534e-02
1.279546610638180107e-02 1.339339571911914249e-03 2.032981293964055466e-03
-4.194549487781344677e-02 7.038201954442174172e-04 9.979060866583724584e-03
3.355295100364253519e-02 8.130986572528762016e-04 -2.565296235389965748e-02
-6.157457921926583894e-02 2.846220650725831899e-02 3.852476443879257213e-03
-1.011560632265677990e-04 7.149792334649059632e-03 4.718773729449801668e-03
2.329304587203079313e-02 -9.124866536085287846e-03 -1.790645849489653704e-02
2.227277890598152940e-02 3.313446983872130047e-02 1.440990262393066802e-02
-2.550553459482859421e-03 -2.076147408160284105e-02 1.599554853387093883e-02
-2.184178258201611988e-02 -3.455928776645140598e-03 -5.946468250373342611e-03
-2.169755575292355194e-03 -9.906886186763904853e-03 1.376824357961655386e-02
2.830109462938070614e-02 2.092908344087311256e-03 -4.686043194265140412e-03
3.027446641378337897e-02 -2.405756114671603590e-03 -2.545980664235377236e-02
-7.163088593474690145e-03 -3.295696654464393832e-02 1.581825544175344614e-02
-1.700363302210507188e-02 -1.038216116167401011e-02 -6.364272425401297333e-03
3.760611368835371283e-04 4.728776644503363512e-03 7.567164282891479694e-03
1.550859595505730756e-02 -2.404266132843431436e-02 -2.012255090865748899e-02
-3.329103651166449851e-02 9.634814413243666942e-03 -2.007731995841375086e-03
-4.579451672256483474e-02 1.208871530052518101e-02 -6.965610827613220694e-03
8.560320518146008473e-03 -3.338784642074477116e-02 2.435643580880674213e-03
-4.673423416003644193e-03 -1.804889245081915672e-02 2.499289750195508603e-03
3.128033022834973004e-02 5.981829282716131678e-04 -1.536148406096010492e-02
2.120410164011894694e-02 1.578464488634332211e-02 -1.357105362615228239e-02
4.938548831990957969e-03 -3.943476866649063550e-02 -8.732395980559663415e-03
2.345710325871971577e-02 1.274432097191541442e-02 -6.809081921087642604e-03
-3.351923547552704274e-02 -4.195792866163241229e-03 -1.137279010800167946e-02
3.540120758447072580e-02 3.023165447310084339e-02 4.426236956385400621e-03
1.655119474414612490e-02 -1.234280260469580552e-02 1.249568371611131309e-02
-4.954495863347615353e-03 -2.347466063253722882e-02 1.804708027564447259e-02
2.547365269629554146e-02 9.824672246771385883e-03 -3.796208099258186006e-03
2.030212590924470803e-02 -1.354477518338980183e-02 3.782875994624969405e-03
-4.539526238093502530e-02 7.437116225057062088e-03 -1.313596976627318114e-02
2.885409994993780314e-02 8.292149525603927096e-03 8.795027200998352043e-03
1.245174147968038970e-02 1.668288639385336058e-02 4.610079996832738142e-02
2.286314506710774089e-02 2.188430646059464496e-03 -2.777694483836620765e-02
7.756932886773228869e-03 -2.391108897965935412e-02 2.320844014686226486e-03
4.683423328517490915e-03 1.905203205739547725e-02 4.005482662211429234e-03
-4.160858767457172036e-02 1.730637530305410149e-02 -1.204274604993345495e-02
1.973987718162129382e-02 2.167690539865316929e-02 -4.221126751297051656e-04
-1.732402320397606957e-02 -1.781576897359183481e-02 8.971918134278202006e-03
-1.167099369870793803e-02 1.039631589438583595e-02 -7.557308275304661658e-04
2.785131777764545888e-02 1.067450220631556944e-02 -6.579103746880231481e-03
2.676414290243601599e-02 1.134278144092559955e-02 -1.088991304204191268e-02
2.013896046635100124e-03 -2.970794733614166502e-02 1.660199067330500600e-02
-1.094728036850013382e-03 -2.434084705041508062e-02 1.350984470449409156e-02
-3.560045796893544084e-02 5.642329005323212972e-03 -1.026360176047718970e-03
1.945815159647594017e-03 6.948710605352835870e-03 8.884989763232544260e-03
2.259243381441209189e-02 1.742039034864370311e-04 -1.163011742582993960e-02
3.049275545849886720e-02 -5.457855932968622668e-03 -1.327817163335443147e-02
-2.834822403430748219e-02 1.395775014238959284e-02 -3.354240296396525899e-03
-1.164152032824904669e-02 -3.430697066410561685e-02 1.426171351825536275e-02
-3.545885273004970029e-02 1.151655841159129195e-02 -6.489665690634536035e-03
-7.907179324641024423e-03 -1.192224663534534324e-02 8.275453981457394845e-03
1.552162411234202059e-02 -5.125498137709933594e-02 -1.484300212032898733e-02
1.935590613331499010e-02 7.735687223600379303e-03 -9.778989659884477006e-03
-8.322265346857196308e-03 -2.723922220925323323e-02 1.662453404394674539e-02
1.673685902808300444e-02 -3.390404705521422868e-02 -5.485033226552741246e-03
2.464192703901419215e-02 -2.012495462600332602e-02 -2.630525253313242134e-02
-1.236106800682972885e-02 2.525772313843148084e-02 9.931055633536528190e-03
2.537192069048539375e-02 4.521756934227339625e-03 -1.981738357092506161e-02
2.428731563422226528e-02 -6.756452725480716764e-03 -2.378861954193052519e-02
-5.721026147206522729e-03 1.548912303226950352e-02 -1.212234158774377945e-03
-4.233011405410783135e-02 6.774764805109297766e-03 1.527974249143567755e-02
2.006016218986382636e-03 -5.016337020035611244e-02 -1.255236164470864731e-02
2.248111869671967980e-02 -1.853908773184500050e-02 -2.170190715818516580e-02
1.688619534535982375e-02 9.886989738591986723e-03 4.330596707427253333e-02
3.851848806314318169e-02 4.676602677758956439e-02 1.192821959107572688e-02
3.259277721155050267e-02 2.519760589497747547e-02 -1.050542849643889935e-02
4.239109759484397527e-02 4.652053210858967530e-02 6.066341500669071574e-03
2.776944572825766275e-02 1.476706333178057391e-02 -4.980999243875839505e-03
3.186530075665756218e-02 3.643412167216558001e-02 7.972987742879663123e-03
1.033762165978914516e-02 -3.010293129981236881e-02 8.320066962018392992e-03
1.612180284391559471e-02 -2.321779891342657526e-02 -1.189561807003743088e-02
-6.744758002582247614e-02 1.836470710005020518e-02 -4.652275305920714095e-03
-3.477561215143441103e-02 1.226311200173109926e-02 -7.974370195898848948e-03
-3.972787852474494834e-03 -2.502178554044345513e-02 9.984653807638030690e-03
4.400734132209224714e-02 1.018745819822629425e-03 -1.613903030662674695e-02
1.236418663520330412e-02 6.903193897095764170e-03 4.977914670593738128e-02
-1.445460824022774295e-02 6.128661902717567889e-05 1.811043959882021465e-02
-4.233041403678204466e-03 3.307429547775672662e-03 2.429365023828065212e-02
3.609750625670981455e-02 4.917721646226265106e-03 -1.641349649174295849e-02
-4.732653167205239098e-02 1.466395076486367091e-02 -9.907458575196490327e-03
3.354775619659465524e-02 -2.222051269650739125e-02 -1.811853132321928142e-02
-6.767450791305396583e-03 -6.534752798522948077e-04 2.020514317355231668e-02
3.547472773699562182e-02 1.288807713627249628e-02 -1.367664407723571604e-02
2.030544002363803176e-03 -3.825870668719705964e-02 -5.181669168417036252e-03
-7.522787986654914417e-03 1.979099851411720429e-02 -1.181871830105289765e-03
-3.756954573953022458e-02 -7.849118934308599652e-03 -1.322514564539672803e-02
1.380484534100706769e-02 3.146424367098940578e-02 1.186823519635695802e-02
4.676095480998766762e-03 -3.803790621488959550e-02 1.159727224851498165e-02
1.063613034885796046e-02 7.866149924631266749e-03 2.877473865847268632e-03
1.406360398734871021e-03 3.198735729689999863e-02 -2.141166590186929612e-03
-8.274180534763654268e-03 2.384438384810431619e-02 3.954063026258157823e-03
8.500665946435548986e-03 2.386453929964158643e-02 1.084415257310638279e-02
-3.052831900162381908e-03 -2.091835679188543129e-02 2.023038010975136344e-02
-2.936819506318966502e-02 -4.133654974826701627e-03 1.202003546081849804e-02
-3.783365765270234327e-02 -1.235200881602301765e-02 7.521487629114075382e-03
1.388879827928171662e-02 -1.815191787800967890e-02 -1.433068249366485636e-02
-8.054986689689892093e-03 -2.057010088324007224e-02 9.526548574352901311e-03
3.719552029743992960e-02 1.168210488633308376e-02 -1.676204434440876564e-02
-1.722410088741843995e-02 -1.229394236112101198e-02 -1.778487362019897516e-02
2.206059173471987614e-02 1.796059479140727638e-02 5.155098937945474386e-02
2.835564110312207078e-02 -1.415625685557869023e-02 -1.705779065590578777e-02
-1.390864544790828411e-02 1.413340513002658708e-03 -3.789740603930462706e-03
3.237820700887671099e-02 -6.057139443120094667e-04 -1.914922189287586105e-02
2.990372134460766995e-02 -9.795384916234986181e-03 4.448642711709392857e-03
-3.522108488932711862e-02 1.749906001067419448e-02 5.999325743712698861e-03
-1.150007402418826326e-02 2.265829537352190629e-02 -1.532312602597712048e-03
-3.295766247204050085e-03 -1.715769200252142621e-02 1.313731836717067607e-02
-1.889147474841178405e-03 1.356048147786969270e-02 -3.813441924210787121e-02
-2.071235633921929536e-03 -3.990353786474106629e-02 1.379774396839271965e-02
8.818724446072736048e-03 -1.347870536223494224e-02 4.781413227313841344e-03
-3.850720806536592211e-02 8.332524223991876269e-03 7.928494259867153310e-03
-6.735052124000596996e-02 1.266773203932320367e-02 -3.808649510058838370e-03
1.576477404291665163e-02 -1.456431748307168879e-02 -1.211884426737068476e-02
1.040159473715971013e-02 2.425840868012041004e-03 1.082163672443883437e-02
-2.249656774036285639e-02 7.061681827979390119e-03 -2.898912890241961762e-02
1.169816716661859109e-02 -3.391665861081210459e-02 7.324285988626827795e-03
8.609634676218816743e-03 1.723364986690430331e-03 -5.559140409173165577e-03
1.751735448277840987e-02 -1.787990265017392125e-02 -1.431655933350671484e-02
3.539236329639981748e-02 5.774771409550428884e-03 -4.615664318744889215e-03
3.941802915510275555e-03 -2.714975612706437003e-02 -1.043501519141778501e-02
-1.139330825971201919e-04 -2.730365428280597320e-02 1.850768430065195813e-02
2.324218296098658904e-02 1.496594373257439622e-04 -1.839543091534137816e-03
2.630151485274070597e-02 1.657136278333276591e-02 3.876139057465485815e-02
-4.549024645453354776e-02 -3.087387330035293830e-03 -1.491830193271304929e-02
2.355558927621612814e-02 1.827827048566509072e-02 5.455287631830508122e-04
2.767113257077600391e-02 5.165342067447095935e-04 -1.784090521367863447e-02
1.764382010637442072e-02 -2.819263506603815472e-02 1.249325349618092551e-02
3.299551559361378616e-02 -1.160035194795890068e-02 -3.223321721088159841e-02
4.258795217787905707e-02 2.832632868235760489e-03 -2.902612706595948319e-02
-1.223571263298157095e-02 -8.182591614628510757e-03 1.858107149988483600e-02
2.477241443170136170e-02 6.764316920757490470e-03 2.603432192157589028e-03
3.653779211035861063e-02 1.596803782914739400e-02 1.086802994790106404e-03
-3.142194127318821001e-02 -1.365384904628134206e-03 -7.515122660381151620e-03
3.131753407302435149e-02 -2.222723433818951048e-03 -3.405842266971132772e-03
-1.789914722170649758e-03 -1.772074584694590185e-02 1.365993901301952931e-02
-6.167213339615766447e-03 -2.604818325118526262e-02 -6.458592292142804718e-03
-1.391376311976143428e-02 -3.465391913313381478e-02 2.126917783086589020e-02
2.146509740275352046e-02 -3.915247769853798243e-02 5.747504085376566778e-04
8.146660764197531657e-03 -2.141909375428209875e-02 9.381504863935567762e-03
-2.916763248183947346e-02 -1.331869190794045081e-02 -1.846201951201347988e-02
5.595991211668998114e-03 4.411381631394793029e-03 9.923353147879359140e-03
-1.733251889328585316e-02 8.900977769306326129e-03 -3.419881727974784236e-03
3.659833017405517835e-02 3.853493458308352142e-03 -5.539719733742082958e-03
1.457525487257866487e-02 1.855251039729550674e-02 1.412643510733615354e-02
-2.178503959424859041e-02 2.065160903994713720e-02 9.536149852194756443e-03
2.251363504849936137e-02 1.264868166808323646e-02 -3.730621369820665782e-03
1.314647746772172783e-02 -4.187441409394042184e-03 9.242616846555428561e-03
-4.714310658881017135e-02 8.836390714356207390e-03 -1.608568652261364515e-02
2.939685925999879768e-02 -1.002345804840075461e-02 -1.762463424265803616e-02
-3.841586999964462235e-02 1.826787387039627633e-02 -3.889287801944035870e-03
-2.234208450135396519e-03 -8.728593250951027088e-03 2.163791860828755131e-02
4.412303105398720365e-03 -3.942878318272383109e-02 1.329319622167699812e-02
-4.312014349407506525e-02 2.783229107387205051e-05 -1.386127342086419974e-02
8.308084584317840943e-03 1.364946211169066129e-02 5.819588763805070945e-03
-3.204622003893778381e-02 9.074222475976629482e-03 1.192396313510601415e-02
-2.743825644078685608e-02 1.193150198315709801e-02 1.783623113754092757e-02
-3.959555438068167177e-02 6.343972740773493567e-03 -1.129595123745754173e-02
1.262876918924778734e-02 5.522652408350398924e-03 -2.130202377044705664e-03
3.975145568137770230e-02 1.229060818882677687e-02 -2.938754882777178459e-02
-3.559907676943208088e-02 2.110353306771057397e-02 -1.975306031933663289e-02
7.771409120951377342e-03 5.501640254580059640e-03 2.141179920106473303e-02
-5.693214135635199513e-03 -1.508362072701778696e-02 2.010517913649914612e-02
2.590436302165698840e-02 -2.456967768277400557e-02 -2.449917477848616992e-02
-9.613461239278436486e-04 -8.665273004317240388e-03 2.794501002673208459e-02
1.623610202470602420e-02 2.641764604385343318e-04 -5.068798547156766303e-03
-2.239253312369269069e-02 2.322599992131520012e-03 5.172879160580093512e-03
3.127874814052643542e-03 1.997844450900026700e-02 1.239297864469542793e-02
-4.244026113717413312e-02 -1.481753074167744145e-03 -1.330800547525119249e-03
1.946189478433282827e-02 -2.448544580521346339e-02 -1.448057226816228549e-03
-5.279127582574983518e-02 2.783690929358861171e-02 -1.034783677553210643e-03
2.504477106005684184e-02 2.753004713355194227e-02 -4.575301338682177289e-03
1.218683212492383504e-02 -2.224105962121276578e-02 -1.559173746794295136e-02
5.175647102891195797e-03 -1.198343974277205591e-02 3.299451053816225467e-03
8.613192040929865817e-03 2.390452316745085223e-02 -1.139330099268131419e-02
-1.074488222680520730e-02 2.830972860959228912e-02 9.118130986604102567e-03
2.312473389729955212e-02 2.027150880629536092e-02 -3.434929127744633208e-03
1.454610854340683546e-02 -4.590464391610944023e-03 6.259605058868822694e-03
2.073821423216205481e-02 9.249445827695544284e-03 7.396524840237898163e-03
2.263893299161179318e-02 3.463316514941526536e-02 9.763885035696364192e-03
-1.990716154696896972e-02 9.426016637960008340e-03 -3.104974475662671939e-03
1.802920571054593413e-02 -1.830821494631888757e-02 -1.516042863869337953e-02
-2.097501710032615048e-03 2.653142880820584873e-02 -5.241901505153813076e-03
9.957567294824280074e-03 1.862689643666527034e-02 1.558881185421319079e-02
1.661210829121032018e-02 -2.019364523778276188e-02 6.485539305587002985e-03
3.066939232384537431e-02 -2.219627176533065134e-03 -2.884725387177229389e-03
-5.627751237723361416e-02 -2.554214164786727630e-03 5.248190556706506214e-03
