3.543673797278097393e-01 -5.613537389789171606e-01 5.120845844251683543e-01 -4.914887973164245860e-01 -3.158660690667320914e-01 7.083077639312046481e-01 8.054083090777481857e-01 -4.944820941433925032e-01
-7.836231417627292917e-01 -7.363125089331936657e-01 8.754591631102421889e-01 9.623412335827996600e-02 6.212128114185211381e-01 4.413937841744153268e-01 -1.319436856458644503e-01 6.352396560252104862e-02
8.375557594221738622e-02 -6.402733649838889818e-01 8.065785698772558465e-01 6.107446780801609743e-01 -5.508816420130833169e-01 6.506665780815766853e-01 3.627083159017198133e-01 -4.652862853526629205e-01
4.878746431669273020e-01 -7.426030886151675503e-01 8.416412136280754241e-01 -4.750132977007763824e-01 2.022646700465864367e-01 7.112615453443220659e-01 -6.668421955978431903e-02 -6.000507603349249930e-01
-2.601973489781705950e-01 -5.923170048735748594e-01 5.390943283302807032e-02 6.060417486687812438e-01 -6.490301869912389332e-01 5.350459945592760391e-01 7.740661309874949936e-01 -7.343147049043687868e-01
1.834647813396582672e-01 -2.543738820775720555e-01 7.848592462867328701e-01 -4.369068982031281134e-01 -5.292747072936905273e-01 7.864833852860958485e-01 4.909563379214836321e-01 -5.936968431731983742e-01
-3.613637785021084348e-02 -5.438513828307749431e-01 9.443709645768633143e-01 8.514031361832519185e-02 2.473656337335439215e-02 3.276517235208958878e-01 5.878286107456601739e-01 -5.772627910062617662e-01
-7.146153142806872527e-01 -7.706742256707936889e-01 7.519164677794181184e-01 1.733606560815352804e-01 6.305954723258866412e-01 -8.412995111334353737e-02 -4.263746546455489117e-01 -6.219951668344831930e-01
1.047070762668607102e-01 3.718510916415721512e-01 1.987411643521129756e-01 7.212528686018877533e-01 -8.718151607444541984e-01 3.973087569860566104e-01 5.045656280742062405e-01 -6.356875304580795749e-01
-3.157913625797130752e-01 -7.215433060778491114e-01 -3.870845273413652254e-01 2.031368589751544329e-01 -8.261038385333943079e-01 1.230137002333439034e-01 2.829142317249322414e-02 -7.696430260497264531e-01
9.099809333486152951e-01 -1.292329112961785320e-01 -2.104039646902160499e-01 9.054671338444619799e-03 -6.730857483478283054e-01 8.377525559009156852e-01 -4.932087844264338994e-01 -3.189313892948313356e-01
4.116438578467978004e-01 -4.086052193930411747e-02 1.373625068506793001e-01 5.989082086005413919e-01 -8.323557123979028471e-01 6.691078743012806029e-01 7.340347522354697674e-01 -4.762896957194200365e-01
8.814293505005208473e-01 3.191923600506417769e-01 -3.161375405457000909e-02 3.926086981226102335e-01 -8.523216146772822910e-01 4.595931497374057262e-01 1.442949529314532242e-01 -5.476890863323136127e-01
-3.466904029044008961e-01 -8.090691402254572839e-01 6.298023845032469925e-01 -5.511038348718375612e-01 -3.390050992149618025e-03 6.986877596983829264e-01 3.368620300434166381e-01 -7.164695558534139863e-01
2.019199080495056586e-01 3.289755071225377581e-01 8.709065212426835290e-01 1.233361763635243413e-01 -6.782755210186934836e-01 3.299402197512291135e-01 1.638213202675818936e-01 -7.852370060611859603e-01
6.280010825328541380e-01 -4.811318297144653311e-01 5.144591193384056016e-01 -7.526839833795895274e-02 -4.618103096248142858e-01 6.786043192740955909e-01 7.528683527832997768e-01 -5.329788848069747509e-01
2.691911848654682249e-02 -5.433594004992001736e-01 4.991070809823106025e-01 -7.641482753882125056e-01 -2.562381150823318521e-01 5.828854996709007530e-01 7.587342156472803856e-01 -4.867973536934093737e-01
-3.929062043635307422e-01 4.585264689922765591e-01 7.261185564586466468e-01 5.168260821352026468e-01 3.386986222086992848e-01 5.561306360078978051e-01 4.103471597679010374e-01 -7.787753731171336291e-01
-6.391667374627931775e-01 -5.283867569623832416e-01 9.316093122427058226e-01 1.602032782437909919e-01 1.537670576214834606e-01 4.245635800273275251e-01 3.594784325447056839e-01 -2.664128799593221686e-01
2.262321285766311085e-03 -4.164144567021139665e-01 7.413473193315645027e-01 -6.158332073205037283e-01 -4.927238219747058778e-01 7.781510881166024962e-01 3.804079742447450396e-01 -5.855552345776691148e-01
-2.552210339528757643e-01 -4.781944405014022514e-01 6.549230540601209682e-01 4.673553008989616009e-01 -5.433566323442078350e-01 4.053437340904437747e-01 7.994321621899449504e-01 -5.833776828578443041e-01
2.136718733575458939e-01 5.400861511990173724e-02 2.036772388235772446e-01 2.864602182323268131e-01 -3.159807360750055416e-01 7.138916794921189579e-01 2.632451008698541983e-01 -9.289652176843075093e-01
3.604395038581021948e-01 6.876654695154408303e-01 5.399294875917135528e-01 -1.889798609151225328e-01 1.337994811647293947e-01 7.497290121995082712e-01 8.879559828262398868e-01 -2.392688312439996690e-01
7.699561506421257473e-01 -2.990141561767707401e-01 -7.141822989235511177e-01 7.496888367650185181e-01 -2.889213567290453977e-01 5.202111731897449687e-01 -7.060592278761530505e-01 -7.093367454021097807e-01
4.264130855185598312e-01 -2.571562520211361225e-01 4.350002203748687402e-01 3.290621561606221768e-01 -7.271867164064900191e-01 6.955835021501933779e-01 7.510023308331976732e-01 -5.941419945145667292e-01
3.679182597799081078e-01 4.982881599652387861e-01 -2.768458258071626599e-01 7.766527182837278387e-01 -3.761834743208363196e-01 5.635704137369652589e-01 -8.389221974509275537e-01 -7.735689893050827770e-01
-1.630087336352972205e-01 -2.062577696559446672e-01 7.962937081633522096e-01 -2.703304879117542914e-01 -5.739035485934835812e-01 4.804083680761113140e-01 7.114309469307642519e-01 -5.290046331333384533e-01
-3.047314883654772544e-02 -1.177855195548149769e-01 7.159535994335234355e-01 2.300272276974982821e-01 -7.083251363197167194e-01 5.340035628745845031e-01 7.262958296720634088e-01 -5.330429873432906973e-01
-4.786239218311127974e-01 6.285073328288415251e-02 6.746965354129441650e-02 9.574361611651471815e-02 -4.013256667941689226e-01 8.592977139084748694e-01 7.420706865204592662e-01 -6.658676754219403637e-01
7.281736664727034292e-02 4.037036821864024017e-01 2.338120221611011962e-01 -5.559330870587537721e-01 3.248875195419398398e-01 8.276529868016536673e-01 8.649803680661145577e-01 -4.856752970838997818e-01
4.767133708968025463e-01 -8.214650740068487611e-01 -6.246962641099578217e-01 -2.141723505242505432e-01 -7.149553641262502701e-01 -5.839536936057394545e-01 4.956693376531569051e-01 -4.769912557201212433e-01
3.413409253722844428e-01 1.671714749842224679e-01 5.835650421043883096e-01 -9.909829065672282056e-02 -6.862705401011026662e-01 7.988954266061714105e-01 7.479707880170587408e-01 -4.919083389000795670e-01
6.569531227671356888e-01 2.356436148118057350e-02 5.145206320467101690e-01 2.945045395789980258e-02 -6.526859406688476639e-01 7.825850596552822447e-01 5.509013676302783047e-01 -7.552006498917451793e-01
7.932008181437344430e-02 -6.826848792017723433e-01 4.917905010693527368e-01 -9.184019709261985742e-01 -1.078853000067101497e-01 2.323831951379122795e-01 3.044211070526365859e-01 1.456409251280684769e-01
-4.364486397513722693e-01 -4.564900974930479194e-01 5.385057878498207273e-01 -4.438757154144901129e-01 -4.353124329767832368e-01 5.184403299821347400e-01 8.665262482339244343e-01 -3.664377585472942123e-01
7.723027822923205221e-01 -1.708430817643789013e-01 -2.735461366652496285e-01 2.922314494494614445e-01 -6.812214126851703355e-01 8.544248580632238799e-01 3.855012284403447342e-02 -7.339717438835782204e-01
2.298619057787806286e-01 -3.512274069914602670e-01 3.801884496719001305e-01 -1.902504783307386038e-01 -2.786506586200969693e-01 5.979932744352783880e-01 9.358435952363636234e-01 -3.565529588525278015e-01
-4.593772328460028476e-01 -2.402285478283372466e-01 8.440362530113253436e-01 -4.187013101393359804e-01 4.789257516421788763e-01 6.844247091444807252e-01 2.666932216417472468e-02 -7.894914315424357287e-01
2.862729036847406761e-01 -5.868558068515301596e-01 2.965754438399249571e-01 3.637720852210504230e-01 -6.205338507168436379e-01 5.610849770872468056e-01 8.165830647565561762e-01 -6.252424530196101227e-01
8.416723643343038130e-01 -4.195683140630079855e-02 -7.527861791471774922e-01 1.263956797655542141e-01 -5.718273437323637687e-01 6.970929472489939549e-01 -1.138087074963856082e-01 -7.240831597688848209e-01
