-3.128297941771712026e-02 1.133075230462650754e-02
-1.503271043730271261e-02 2.586929046596709095e-02
-1.308951343951556337e-02 -1.549572777272264015e-02
-1.479267555584583109e-02 -1.179812185449745018e-02
-2.310341263214102381e-02 -1.633801554639410444e-02
4.775273112388242827e-03 -3.585020342920139293e-03
-2.176665846746540442e-02 -2.410813821565215009e-02
2.937744617403449318e-02 2.290004783815453165e-02
-2.508483001744596375e-02 -1.113829795375810908e-02
-2.316026829319692976e-02 1.001566788279334951e-02
-1.816491604644608279e-02 -1.028335409755574449e-02
-2.913528711011046171e-02 -7.745166459072930221e-03
-1.297710073503096327e-02 -1.678638559866469510e-02
-1.109813760023100997e-02 -2.008332172503056109e-02
-2.720940091327473526e-02 3.184914719016114504e-02
2.249060769658898715e-02 -1.167170169952976358e-02
2.965850231148647442e-03 -1.311608546471646104e-02
-8.969173050238457914e-03 -4.812798896404758657e-03
-3.726083235022414203e-02 1.718478830203800517e-02
-1.361968766253624126e-02 -2.395099075729417368e-02
1.537879995762519297e-02 -1.487622294282893443e-02
-3.252105766989547841e-02 2.231737409955060480e-02
-2.246680283549787674e-02 7.359524042268927174e-03
-2.846059126949933293e-02 -1.088726142710430556e-02
1.153044771521559951e-02 -1.903544110264158930e-04
4.177313055918163015e-02 8.749364019989078894e-03
6.066973569892748774e-02 3.101055157318341818e-02
-1.621394275301941794e-03 3.361638424428966382e-04
-1.129029599170116790e-02 -1.605100626682434695e-02
-2.020539056273644440e-02 -9.630115163143312951e-03
3.595912535179994485e-02 8.163294124619406567e-03
6.549920357389257819e-03 -1.811775524490768369e-02
-1.421300993646655922e-02 -1.023577735346138488e-02
5.409040874406444155e-02 2.329071956225648408e-03
-2.122274563044838913e-02 -2.370551950450425563e-02
-2.319050687531611088e-02 1.531984062912780664e-02
-2.495406036273088018e-02 1.065135512805008566e-02
5.875276989024049573e-02 1.519583792888582092e-02
3.353824194551443399e-02 1.429298189975344510e-02
3.945505084895667078e-03 -2.076399922860036953e-02
-2.188384725864992233e-02 2.544531251518614839e-02
1.266019757039166076e-02 5.617633731149065252e-03
1.140641754494951636e-02 2.912473005746655380e-03
2.820812300675515361e-02 -1.069671565200695958e-02
-2.091007563287006210e-03 -1.573511322083931754e-02
-1.380611897114627541e-02 -7.388115572940924525e-03
-9.633206762169966089e-03 -6.337290941681011577e-03
-7.620296934249145421e-03 -1.272268678286801041e-02
2.869198220429832955e-02 -6.523608686903731128e-03
-3.019340575162617751e-02 2.970956941815649024e-02
1.083901181032284611e-02 9.913447358179557339e-04
2.931322217327980706e-02 1.505069161570890893e-02
-7.002036876957990277e-03 4.412645768490371470e-04
4.141345374615262170e-02 5.897737338379384527e-03
6.098891960067196047e-04 6.918113901020694293e-04
1.086800877289712322e-02 1.113008958839138175e-02
-2.103347203029412062e-03 -2.024310093151270723e-02
1.633094781685364566e-02 -2.379696777225534868e-02
8.665073077622592948e-03 7.754848021380994147e-03
2.657270291207665391e-02 3.994029738259820099e-03
-2.737883578322026969e-03 -2.852269686518208933e-02
-1.734647910141772983e-02 -2.730026066125158715e-03
2.705904974468096094e-02 -1.625387743039640245e-02
-7.070059699096202868e-03 1.340358380200626018e-02
-5.465585986724735140e-03 -4.314010489007640871e-03
4.817892014526039407e-02 2.468215861839138849e-03
-3.471644451543383358e-02 1.875828478164551921e-02
-1.980045472908866303e-02 -1.736388812829319991e-02
-2.180767436962961076e-02 4.891697850897062418e-03
4.647357857658170575e-03 -6.839231331929047919e-03
-1.947656547025285872e-02 -6.160551925075430108e-04
1.464802918760194257e-02 2.055313952913796934e-03
-1.830822115780504286e-02 -9.437429114638948291e-03
2.227372293242333920e-02 1.790529346793508225e-02
6.211984015921182163e-03 -1.071047098517403408e-02
4.742420201869964116e-03 -1.054562724377583471e-02
-7.590679168741174161e-03 -1.359876675229657050e-02
-1.195729314596254188e-03 -1.682136003672312849e-02
-1.917866996015898592e-02 2.992358881711991436e-02
-1.621083401291772324e-03 -4.986626715041491374e-03
-4.464384315977064886e-03 -1.757391005243294849e-02
-1.490206479485246469e-02 -1.921078449593465604e-02
-4.378941854309164987e-03 -2.453234588762257147e-03
-1.526833493124721101e-02 1.953849588632364243e-02
-1.443497489120119102e-04 -1.375533088302947383e-02
-3.064919085836791124e-02 2.057179393148696883e-03
1.793555626404059675e-02 2.997304032116081263e-02
1.493953300116099975e-02 9.561984988882093334e-03
9.377941927896562418e-03 -1.943372647258227726e-02
2.488816642614165645e-02 1.779856443457674200e-02
-1.960835643092312397e-02 1.536373241280985808e-03
-6.573641973299625650e-03 -1.259088771109623077e-02
-2.659569235064605450e-02 -4.460285959614950467e-03
-2.440786842074086846e-02 -9.608756139317163256e-03
-1.294212410661061893e-02 -9.074688594071570608e-03
-1.841032594516676252e-02 2.591443691756167237e-03
2.224710399185428691e-02 6.137203089057967527e-03
-3.588852102183139742e-02 -1.541284017286657058e-02
-9.564617138632474508e-03 -2.145898234862341630e-03
3.924190498472565451e-03 -1.693168038217063992e-02
-8.565947092454694045e-03 -5.511208419266418537e-03
1.191535252815599522e-02 -1.217774722945112742e-02
1.563001018173687875e-02 1.956660288342291273e-03
3.115562391028624256e-02 -4.342913023112500957e-03
8.672110664277941916e-03 -1.982701697027876991e-02
-4.333813742257686813e-02 -3.149677931446550130e-03
5.069108815586378242e-02 6.232818693497899076e-03
-1.190038518224235953e-02 -1.687544089498965380e-02
4.484838300198304428e-02 1.871870314790328657e-02
-2.547305124318722039e-02 -1.138704819380553790e-03
1.390660720006148439e-02 1.485328777614798069e-02
7.803798289420084064e-03 -2.272553065835451400e-02
1.408455157143746446e-03 -1.265699645663718141e-02
-1.087924416328320439e-02 -1.736069112343459689e-02
-1.793740125103631192e-02 2.423259155143742821e-02
-1.136756556383762030e-02 2.230128880845361986e-03
-2.338851432001284002e-03 -1.471864625237176080e-02
3.194820591898599182e-02 1.291848535832897452e-02
-1.752382409175990904e-02 2.025670992974334256e-02
-2.925601236443361661e-02 3.142858015062002103e-02
-1.484487405538072700e-02 -2.198585441936479895e-02
3.044429733138142094e-02 1.318780345725311959e-03
8.124253979422516730e-03 -3.170139898543074958e-02
6.180266222611428654e-03 -2.091101713687770064e-02
-5.718233605839866639e-03 7.754714200044119515e-03
-4.963430031668464304e-02 3.458635245331772440e-02
-1.083139654607883501e-02 3.127310525830476889e-02
1.196044309532517426e-02 -2.312005921903989136e-03
1.862509774338615143e-02 9.762207503845564405e-03
2.922160477482705146e-02 6.372509430897644982e-03
-7.283586702868302502e-03 -2.304653125088415230e-02
-8.430009305671495954e-04 -1.436155471990814038e-02
-1.250196014594539065e-02 -4.917349471068778281e-03
2.055297847862668642e-02 2.532652328929430041e-02
1.803887717803348556e-02 2.241357224866203160e-02
-2.561371786403856057e-02 1.044027857653286387e-02
1.462044309948365602e-03 -8.950850584569465529e-03
6.725021505310819527e-03 -5.467343426505273316e-03
-3.155234814891220985e-02 3.414497566471573486e-03
-3.106239298980543236e-03 -6.576374421214564378e-03
-2.134187699668979588e-02 9.442820960629339302e-03
-1.140817660325564933e-02 -1.057171115951387706e-02
-1.534654110795125558e-02 -7.387952008242742140e-03
9.609611369004001508e-03 2.776541752484808917e-02
-8.782893788828930945e-03 -1.327910449180800916e-02
2.077997060868170057e-02 3.965133885051173868e-03
-1.261544137750659871e-02 1.215704517135211132e-02
2.486236525911415069e-04 -2.355715841839189049e-03
7.112096293356514470e-03 -2.947170409713633157e-02
-1.146143314619220942e-02 -1.804692129317555030e-02
5.280377313954510987e-03 -1.073122838705901395e-02
3.147185562977267495e-03 -5.715697645378028198e-04
7.387750495739077439e-02 2.839971454714956128e-02
3.752811084016696719e-02 -5.155407497047098664e-03
-4.215176393835134983e-02 -4.019632716336411175e-04
4.216409061428340668e-03 -2.787613922546108825e-04
-9.971124205616592809e-03 -2.149263924431084674e-02
3.246390824537563613e-02 -3.228928902349491835e-03
7.157482845215810269e-03 7.916591385021005262e-03
-3.110226251215049420e-02 -9.421778640540133531e-03
-1.333828175223079372e-02 1.737883424163181798e-02
-1.737358721875689738e-02 1.652468340297179317e-02
2.616582261638109724e-03 5.437469633157830315e-03
-1.368566257607926190e-02 -2.532291882205520150e-02
-2.310566272879272572e-03 -1.672857501118346982e-02
1.037646548384528813e-02 -9.480070674152303589e-03
1.381813954882557538e-03 5.334653141100880944e-04
-1.106750330733385392e-02 -2.722102257884827237e-02
-1.378767794582353400e-02 -2.057738976460389210e-02
1.908636449829588175e-02 -9.629009481586391431e-03
4.880350647135334348e-03 -1.735720491859176623e-02
3.128412682554157498e-02 2.234985348454484114e-03
-3.603648368939100285e-03 -1.744636219955201031e-02
-8.019328718378036791e-03 1.706925178873903081e-03
-1.770683100379810693e-02 -1.492159399907552232e-02
-8.495549682104664227e-03 1.936615628931292327e-02
3.957856323832815992e-02 1.550169272484501135e-02
-9.189730042497819620e-03 -9.983486514821029306e-03
-7.692998385966722495e-03 1.872145949126036851e-02
-1.316882851709265216e-02 -8.334423585074473770e-03
4.158593980328336576e-02 2.072882059504256840e-03
-8.012954120998875066e-03 -6.744145278228343143e-03
1.233514940008033443e-03 -3.689766451259852975e-03
-7.811049776443725751e-03 2.440101025828168846e-02
-1.097619368057166540e-02 -1.885467214435390323e-02
-3.115411540283941766e-02 1.148492198733334739e-02
2.038483595135672736e-03 1.698491611664695346e-03
3.691792372558804630e-02 1.192511349935150219e-02
-1.834453794684031899e-02 1.528077863006436880e-02
-1.505860325065128125e-02 -2.824089266448304505e-02
-1.272595544993544887e-02 -1.547027102385349455e-02
4.501848655397027582e-03 -2.730783154607955079e-02
3.217808956707673973e-02 -8.188705896110185303e-03
-1.970882846314425674e-02 -1.650743174900652296e-02
-6.485007077017239906e-03 -8.733654010458783562e-03
9.767559937054479460e-03 3.503351610232583683e-03
-1.683572392980939303e-02 3.422145987583793264e-02
-3.105403886178520825e-02 6.355216036964086643e-03
-1.927428643617037571e-02 -8.181159771588217278e-03
2.103165585889699499e-02 -7.731812102454817433e-03
1.349109726709488491e-02 -1.939040497186497649e-03
2.861955340815641128e-03 -2.640922919437523747e-02
1.199483586272429361e-02 -6.619392378710059390e-04
-3.131558284022177563e-02 -3.182971433082706133e-03
-3.231703892598926375e-02 -2.972270799626228026e-03
-2.124574615577445088e-03 -2.291350981778832521e-02
-2.205047490497257998e-02 6.880055397907797361e-03
-3.754172233208120848e-03 -2.908438658356424233e-02
-1.414811967495125007e-02 1.443673565625570171e-02
-1.277756365655690132e-02 2.243953253948467036e-02
-2.342826322475034806e-02 9.354261402291496122e-03
-2.212577981941177621e-02 -5.918054991987095398e-04
1.095842792898916486e-02 -2.354540378168640952e-03
-1.063452648222461272e-02 -4.149519233423373463e-03
-1.299391972824532650e-02 1.104299672246776727e-02
-9.764293843611925386e-03 -6.563955958499591119e-03
-2.286970855803037439e-02 2.195299719421820936e-02
1.521649236806871600e-02 2.869209623814972243e-02
-2.006062523068572953e-02 3.444400753411663851e-02
8.760554059389561235e-03 8.871467288598087336e-03
4.801272062498507243e-02 6.525431553198916303e-03
3.263087750943212406e-02 3.910709952785118224e-03
3.531701417413869466e-04 -1.901759393385525285e-02
9.605529417668626918e-03 -1.467436390534804236e-02
-1.562030626602178840e-03 -3.237424824374978555e-02
-7.198186687667629084e-03 1.725350147415399826e-02
-4.527086586015778048e-03 -1.645490115485440802e-02
3.785513447653514330e-02 1.034810001086734765e-02
-1.698288953832278623e-03 -1.943268056779067637e-02
1.381102139882529759e-03 -1.662933778505346419e-02
-3.789796943490846698e-02 7.888066899446138230e-03
1.902299497042089782e-02 -1.199374810728598070e-02
2.827908712512045009e-02 -1.633714707058097704e-04
6.260089033327131784e-03 -8.613811235263595795e-03
4.966026580482382768e-02 1.408892349895739422e-02
2.498228702025092479e-02 1.573249932834359238e-02
-1.930812449525807356e-02 2.005116636826797041e-02
-1.236580205110581442e-02 2.443812888726966046e-02
-1.009729986820857676e-02 1.298533769311125893e-02
2.261011922916964997e-02 -2.263737433827454903e-03
2.205714430966622050e-02 3.085840310387112650e-02
9.222608008935243365e-03 -1.802612321706379556e-02
-3.455251446516055536e-02 1.785641683005158645e-02
2.391355208330396900e-02 1.191092223546599306e-02
1.906419616659336957e-02 3.530448068774841297e-02
2.937293336079994932e-02 -6.542271109666541150e-03
-1.462965300532822165e-02 2.379761878100496164e-02
4.120190711873860517e-02 1.414778642202634863e-02
-2.816598911989761506e-03 2.897076974688936497e-03
-1.545964970892274234e-02 -2.194064305928309505e-02
-1.934352700591725552e-03 -1.482010354593079997e-02
3.763203599077184075e-02 1.917152365529106381e-02
3.970170652444474611e-03 -1.188370343864965942e-04
-2.345965762951631242e-02 5.421898998974185140e-03
-4.190103886095592617e-02 8.540371323556807809e-03
5.526528418189820269e-02 2.406943568118879615e-04
-1.401839781681025847e-02 -1.949941269701549462e-02
4.581557441224725497e-02 4.142827414809345694e-03
4.620911685874035113e-02 -5.231276778540176753e-03
-9.386117926341829010e-03 1.298297993467940371e-02
-1.020722724535487805e-02 -1.036369962812486167e-02
-2.768659506698365694e-03 2.204329534345330840e-02
-1.131836076649721592e-02 -1.061338124961155698e-02
-1.963615761576627261e-02 8.609553767492792234e-03
1.031044080729973111e-02 -6.741365219123930837e-03
-1.905972385026989679e-02 2.586754551896583432e-02
2.824894118460130263e-02 -6.277523167208845858e-03
8.255684563870366310e-03 -2.933628295375417458e-02
1.280832988035266774e-02 -1.068609401107391103e-02
1.595043111247089127e-02 -1.448225648317228234e-02
1.876170461839566511e-02 3.229404470751687239e-02
-6.150329038490946927e-03 2.434189246855541664e-04
-8.674316597707593113e-03 4.465220189198862953e-03
-3.044739872605925837e-02 -8.533246673431671078e-03
-3.280713023291020880e-02 1.537036329038590256e-02
-2.380647251250209845e-02 -1.376740848450037913e-02
-2.266893078119399177e-02 -8.959271049025822886e-03
-2.743677280467907067e-03 -1.176403024436064627e-03
2.612549672051284883e-02 3.242676871425718369e-03
-2.112995141215626843e-02 1.608502187750253734e-02
-1.075794332252821665e-02 -2.390386139507304913e-02
-7.130486712273384486e-04 -2.520505458369999910e-02
6.696088713170796070e-03 -9.821219311190313925e-03
-1.003670572887800129e-02 -5.648215596867929914e-03
-1.138194061881578345e-02 1.687188823846843752e-02
3.018978271840566663e-02 8.668628134524987774e-03
2.293321303406852321e-02 1.150305479386088542e-02
9.987816646702601248e-03 -1.296214890128734483e-02
-2.541026441004362590e-02 3.230501706411719604e-02
-4.409402616304251865e-04 -3.040422562903820347e-02
1.359242135709839993e-04 -2.462267043289204441e-02
9.522730060021316126e-03 -3.076223059476416652e-02
2.660831748347708761e-02 -1.137538842696870015e-02
1.099323046713577764e-02 -1.556493920567835441e-02
1.578936045427054360e-02 -4.282092322927904399e-03
-3.740621986779164420e-03 -7.345581316654355847e-03
-1.137883755541317828e-02 -2.320703615715037638e-02
1.560668520317170030e-02 1.680580593336845245e-03
-1.298310635195255511e-02 -6.448370044268812717e-03
-1.472041237005457248e-02 1.913029657793096500e-02
1.506503014883152705e-02 -7.223973160703006310e-03
-9.196128015285619586e-03 -1.049327564288819910e-02
-1.261316409509862478e-02 -1.050765920496807802e-02
2.406756675408615450e-04 3.270880229190137019e-04
1.074121003530592762e-02 -2.442346446170420848e-02
6.045233489732183829e-02 2.095157488806924720e-02
-1.111581520129508241e-02 -2.785004465321096103e-03
-2.553826008515417204e-02 3.097166639479630168e-02
8.780347858899247709e-03 2.567540958755486994e-03
3.468361571685284195e-02 1.356716276970248124e-02
1.780358937977321448e-02 -1.600197231044393417e-02
-1.295380898713547300e-02 1.441383932531917385e-02
1.166713189576076837e-02 -5.468777793484330511e-03
-3.551896502978410530e-02 1.080086791056137849e-02
2.670126303910209595e-03 -1.548040918442128260e-02
5.504673944845468216e-03 -1.841364774716221231e-02
-1.474094185359124849e-02 -1.576268524400324667e-02
-2.384611009337852389e-02 9.041559588754839380e-03
-1.120423813519924247e-02 -2.058770791353246171e-02
9.763038860534650407e-03 -3.039497886893562442e-03
4.759821358901009797e-02 -1.423882814138005938e-03
6.491741286063271166e-02 1.962260718280145130e-02
-2.150190222439651020e-04 -7.862246277822049906e-03
-1.796736670172506892e-02 -1.773865707145129422e-02
-2.166006983590559529e-02 -1.195935894477519017e-02
-6.196881027671055121e-03 8.753989558459247811e-03
-6.536738660953826663e-03 -1.951133225984413508e-02
-1.544369649989755892e-02 -1.195069464325875831e-02
6.690007359131742992e-02 2.933258555386388314e-02
-3.831642833290475197e-02 -1.068741571375981733e-02
4.030274280778922691e-02 2.276541477407488523e-03
1.790922727111662199e-02 2.466233199985763333e-02
7.736928928550359554e-03 -1.163259717202410476e-02
-2.997970481099086759e-02 1.162416151455708752e-03
-6.970899775805777278e-03 -1.379674502801910528e-02
1.592821602840206741e-02 -9.244743729297375673e-03
1.655552599011941156e-02 1.844589205161014907e-03
-1.107509333122970452e-02 -4.247137506671724329e-03
-1.443654740179588052e-02 -1.605720821136262175e-02
8.966932052695938266e-03 3.389048858910605200e-02
-3.396069219666637828e-02 -8.303731917194615139e-04
-3.183989369968897448e-02 -7.689033122668632696e-03
-2.189382896202996670e-02 1.253652882210270353e-02
-2.739174859525471059e-02 -5.931547567911119728e-03
3.818886234879229850e-03 -1.927939617583233206e-02
-8.050090093946736872e-03 -9.426061693397614835e-03
-2.016374500281842633e-02 -1.951924300749289035e-02
4.891624337679702228e-02 7.157707963637079118e-03
-1.151821049580628240e-02 -1.213971670906524580e-02
-1.938783273111517602e-02 -1.228579494447366860e-02
2.181372766729540967e-03 -1.883204217687286727e-02
-2.263893921389555260e-03 1.147167860078541872e-02
1.354979542683680191e-02 -7.641930273809260758e-03
-1.887410617739440633e-02 2.514738716538705843e-02
3.734924967662328621e-02 1.032105615588991936e-02
-2.332222311578473553e-02 1.159770883866844890e-02
2.139991309773557962e-02 -1.368317996583696960e-02
1.694630340096977411e-02 -1.496628220193551261e-02
-3.314480049268288958e-02 3.305962144332494357e-02
3.569454823042855773e-02 7.467913308221861730e-03
-1.730022170997853187e-02 -1.281135510014361385e-02
-1.456846267714539782e-02 3.291728985455343471e-03
-1.242254070919871466e-02 -2.545337594088931815e-02
-1.993246220876047220e-02 1.146911968106015950e-02
4.044383185839156569e-02 4.896914072467487347e-03
-3.675115560863556619e-03 -1.754278103982986545e-02
-3.349545849913419110e-02 1.966514539910255762e-03
3.511754769382361557e-02 2.569606023248406992e-03
-4.170397931432660160e-02 2.944372395469025197e-02
-3.816417609078975870e-02 4.399151313140435560e-02
-2.068597624684252734e-02 -6.578266087288852509e-04
2.189912405562884773e-02 -6.888322213891084206e-03
-5.388885796265591166e-03 -1.806947470657340252e-02
-1.267803875287112220e-02 4.072032397637460194e-02
3.644488663330833385e-03 -1.472895414494574187e-02
-1.467330554576610178e-02 -2.442939657795522448e-05
-4.107325813758385541e-03 7.483793326300200270e-03
2.850967981502892240e-02 -3.486401175195900839e-03
-2.502863650916811906e-03 -1.403737516298585869e-02
-3.036474149564036273e-02 1.064189025284660063e-02
-1.206537895766818073e-02 -1.406275429401970464e-02
7.411461809273996171e-02 2.638429992267967913e-02
-2.501238267416324573e-03 -2.163315637901916735e-02
4.856298985356044540e-02 8.597433825785807601e-03
7.820083424218084514e-03 -2.349697040565261810e-02
-9.126691399268417951e-03 -8.622605474060879294e-03
2.750846951526932441e-02 -3.270132726627720480e-04
1.226362766104216809e-02 -2.076397379204272114e-02
1.118431864876703700e-02 -8.566109807828651765e-03
1.669843628871769611e-02 -2.180761421609050000e-03
-1.091143313362188776e-02 -4.030539141956135732e-03
1.820417205988503206e-02 1.578472445707647040e-02
-1.137184744307415639e-02 2.292145796544391850e-02
-7.204483343415069192e-03 -2.324325782431220044e-04
1.094926417808489427e-02 3.975665447607932244e-03
-1.983480315787167561e-02 -6.239185060571562046e-03
1.503527645251103752e-02 -2.254653473859896760e-03
6.805054862774929242e-03 -1.791843299183023749e-02
-7.658714579981264030e-03 2.023049726680991710e-03
-4.099317079330624947e-02 5.656689682498717599e-03
-4.926879951941520730e-03 -1.898637426911658349e-02
-1.250560293685061726e-02 -1.851246581863505783e-02
5.357947794415028608e-02 1.496812441796953677e-02
-1.690003112710369501e-02 -1.546338767971061059e-03
5.924613726391163814e-03 -9.774971021309988850e-03
1.981766914758502016e-02 -9.782114576282120721e-03
-9.604112917906745123e-03 -5.039292911330289998e-04
7.044979687813417157e-02 3.283657084006065541e-02
1.136246871255346819e-02 -1.248162757787491493e-02
3.824984360987666865e-02 6.608998466434520824e-03
-1.185291766763448863e-02 -8.998149444717839368e-03
-1.996296275104445656e-02 2.755771123218466248e-02
-1.450697129870954540e-02 -2.383512272000969014e-03
7.393551538275339174e-03 -9.408286861916127092e-03
-4.824224232917432090e-03 2.412051846197746721e-02
-1.959008740234698814e-02 1.482741581481686029e-03
-2.041634510787176948e-02 2.747590243188259562e-02
4.312106827743075049e-02 8.264412351557278574e-03
-4.867761593587768831e-02 1.963484306641042829e-02
3.189743970093666253e-02 1.055036887478285994e-02
-4.914230901173598925e-02 2.223938944736908018e-03
-8.644236501296406749e-03 -1.565137674930000208e-02
-1.602395007292348877e-02 -1.689007515033729909e-02
-2.353787630388437524e-02 -1.458515968717485900e-02
-4.124300142784280074e-03 1.627249307803819208e-03
-3.093142550039060940e-02 -2.063975195228736834e-03
-1.044870419808159416e-02 -4.714059071095850172e-03
1.023025434161967291e-02 2.396839286652553691e-02
1.361552589025455742e-02 -2.174236779147910650e-02
1.576133550317422236e-02 -1.394551013596147422e-02
-2.981764917124344813e-02 -3.647639741666516226e-03
3.868420562973255011e-02 4.239682586599693992e-03
1.417573119990600886e-02 6.021683358904926509e-03
-2.718051378359683315e-02 -7.208007680816572171e-03
-9.414983589199644185e-04 2.387380569329411884e-03
2.991130108297582885e-02 1.226818090019868475e-04
3.065728019668555876e-02 1.564063587827228471e-02
-5.935194573265681860e-03 2.419803023391702522e-03
6.495240918583822069e-03 1.908804203680090211e-02
1.939561251280333409e-02 -2.755148193311787383e-02
2.842778804478363931e-03 -3.125797053321572455e-02
-2.846843630037775019e-02 -1.669867489928445609e-02
-2.519430737933580841e-02 1.603735995545720397e-02
5.951540170370404198e-02 2.442472492156022926e-02
1.020638356893091830e-03 -7.133326887128016609e-03
-5.322365496102127169e-02 6.445813590875809976e-03
-3.028317949748693047e-02 5.368698741926438561e-03
9.639665318846654327e-03 -1.851424782008300948e-02
3.069039410939526993e-02 -2.007356206163625305e-03
8.918958280959758331e-03 -7.275945105957825655e-03
4.223329430311290240e-04 2.112386910947096699e-02
-3.062484992481622967e-02 -1.762652042660484489e-02
-5.073562991273063150e-02 2.420832054252176208e-02
-7.893218025891083137e-03 -9.185836865314760125e-03
-1.856032735891386190e-02 -2.022465449252339956e-03
-7.873352750266748379e-04 -2.591859381379081270e-02
-1.858003959046388223e-02 -7.190333009313073891e-03
-3.322962988795129941e-02 -1.414144773585087646e-02
-1.202512209812651653e-02 2.680886714922826874e-02
-1.416859957246029839e-02 1.411587846361342033e-02
1.220703439550878400e-02 -1.451044840240671777e-02
7.082892570357218406e-03 -2.072409380675773252e-02
-7.694591845676787903e-03 -2.059798989957732987e-02
5.508761710962734037e-03 -6.307315816655464577e-03
-7.267975024883889523e-03 -1.293259253629798142e-02
-1.310119489034538599e-02 2.681765884813399822e-02
-2.066245255306520257e-02 2.052878067726783204e-02
-4.081026347046300823e-02 2.062137271190886412e-02
-9.956923944034625981e-03 2.093017249678947103e-02
-2.040310329681076229e-02 -1.167805170434405709e-02
9.816117328245157689e-03 -1.825297631671336102e-02
1.241450298772825075e-02 -2.678842298106925979e-02
1.683422929574558691e-02 -1.806269863707440568e-02
1.508730284573654885e-02 1.921692456311376723e-02
-4.654800533925679967e-02 3.001877128431440153e-02
2.870867249482869643e-02 1.054058611330529159e-02
1.012404693814178934e-02 -1.760747176956235782e-02
1.913000757265842467e-03 3.238054825840735399e-03
-1.036670192833538326e-02 2.007948693048396127e-02
-2.513161274952296909e-02 -5.290409008879237880e-03
9.223769261241876807e-03 -2.085676273827561603e-03
2.932618548995580970e-02 -1.662433903205853694e-03
3.798412883578255322e-02 5.667771572417308265e-03
-2.602116176979472548e-02 3.557534346302870798e-02
1.738702229295650825e-02 -2.319252755429083643e-02
1.703167752958881925e-02 1.464776732891420741e-02
2.899181995108586051e-03 3.403629861481289112e-03
7.457524862562106560e-02 2.109785685521740201e-02
2.413360089826587299e-02 1.532428039427718991e-02
3.516273364801591333e-02 1.684906118007190728e-02
2.399461093690663516e-02 -4.834173118118877295e-03
7.594882804808621504e-03 3.897697416930050694e-03
2.344401783308991405e-02 -5.542655127939466811e-03
-2.026788402954899856e-02 4.118022897235566748e-02
3.493709033286845206e-02 1.135350869976287785e-02
-3.701865608596308782e-02 6.715181838551897812e-03
4.023391149254065824e-02 -7.092810138553346053e-04
-6.023415101158548397e-03 3.191845941755121815e-03
-1.814063086773312627e-02 -1.997320042566664081e-02
9.692944585565837351e-03 -5.784934005057351496e-03
-1.391706796803464027e-02 -1.784666052612909892e-02
-4.831185941557796133e-03 3.701549174944594039e-02
-2.817833936789092969e-02 3.281413588477314486e-02
2.018200574380398307e-02 -2.013501457137128678e-02
3.163252519507056548e-02 1.127772596807580414e-02
-1.773753785064658903e-02 -7.016892405505478422e-03
2.001849913341079840e-03 -1.563159554542865133e-03
-1.932534834288159378e-02 8.892063832917258565e-04
-3.907672673335656904e-02 2.501035546937723994e-02
-1.685957273933051236e-03 -1.310398269286789687e-02
-2.217352121622606295e-02 -1.432150923473562900e-03
2.328267554375693105e-02 3.562839935573104602e-03
4.290552495746366435e-02 9.634326266552117532e-03
-4.711253253998673451e-02 2.312548535919136880e-02
-1.853842854193310519e-02 -2.144774069211049725e-02
9.995528458969596755e-03 -1.188654050011127977e-02
-1.442619690789690053e-02 2.496109015261777780e-02
7.621997022547704302e-03 -1.879430666909041522e-02
5.258271264200161006e-03 5.989343651249986501e-03
1.473531739185958075e-02 -1.687917606259231118e-03
-5.202396522239293233e-03 6.060459187823814473e-03
-2.928726227801762075e-02 2.987218677394054295e-03
3.805202764032754315e-02 2.173957416358757860e-02
-1.170450222613223651e-02 -3.719723142439532258e-03
-4.641378206865636423e-03 2.995296017557100288e-02
-3.481757503203251891e-02 -5.104669377552709629e-03
-1.666914925893346611e-02 -1.880696563514063988e-02
-1.280368671269571483e-02 2.506844990112459121e-02
8.140909920951146933e-03 -1.745301417136593813e-02
-1.991965803947763278e-02 4.646503389907392575e-03
6.366821748972006922e-02 1.387268489033938700e-02
-3.187254282904840308e-02 3.249665459182977251e-02
-2.347804323272810120e-02 -9.770297183201655938e-03
2.831554661096732234e-02 3.157826479092434857e-02
-2.273358633995990752e-02 -1.703038105778108616e-02
1.234180707338428801e-02 -4.192483804096532735e-03
-2.306960751705670887e-02 -2.508902845846418261e-02
-3.175140101404373000e-02 3.004923920816452571e-02
2.527712871244246207e-02 -3.558979628390272851e-03
2.054017626995378182e-02 -5.351831660025191222e-03
-4.338445099366212108e-03 -1.428754589805568583e-02
-7.654469345488912118e-04 -3.364747558972599507e-03
4.232194613553949721e-03 -1.363988772634587912e-02
1.574247748499255778e-02 2.230860310092630874e-02
-2.691071511659607479e-02 -4.598163282213570818e-03
3.937184127475096599e-04 -2.046332296065028061e-02
-2.026284527108161530e-03 -1.425570539239456175e-02
1.609949441852550830e-02 -2.287652506881436565e-02
-2.648033180389702465e-02 2.870506721748295950e-02
1.957651685977928810e-02 -1.314444984246706735e-02
-7.902942246381805189e-03 -7.407783758536689439e-03
3.634912514585485459e-03 -1.977851483001158081e-02
-2.823218358559205499e-03 6.908801963714185715e-03
-1.494517478500107834e-02 -3.040989350328963774e-03
-9.385889994128962868e-03 2.141835772321289133e-02
2.070535596057673094e-02 -1.683659912574359506e-03
-8.395537658166670261e-03 -2.099773528481474472e-02
-1.576965275060512395e-03 2.914830076457232064e-02
1.065630773382217518e-02 -1.562809477554489429e-02
3.578149215742679884e-02 4.501584088005989095e-03
-1.369697339287107756e-03 -1.553424497504126735e-02
7.963990305463663696e-03 -1.969342042088894490e-02
7.913047307278162426e-03 3.182659863379839419e-03
-1.486611761430516217e-02 2.838772712388469566e-02
-8.416675690607768436e-04 1.802853384352249774e-02
5.755081308704618204e-02 1.973177634467231101e-02
-1.720959891677900991e-03 -1.536220118246194033e-02
1.480862142240715711e-02 -1.238159994363041520e-02
1.395154786329574383e-02 -1.374906399595510545e-02
4.804255794332188897e-03 4.446972616329742658e-04
-2.082727792930139793e-02 5.655724890994965302e-03
2.415571328806720430e-02 -4.261862430648806488e-03
-1.018045319575610307e-02 -1.261611861037842050e-02
5.053433632425496924e-02 -8.207258212959605073e-03
-1.810540983615624780e-02 -1.810724900506834392e-02
4.245139288933563043e-02 4.892766479318149189e-03
-2.969978456219637616e-02 2.922848192179279547e-02
3.365323735573029496e-02 5.275772920242751546e-03
-4.419186324826023145e-03 2.728245536292693649e-03
-7.663024319627946557e-03 -2.377707456232736050e-02
-1.141216753031332361e-02 -4.268321441121006310e-03
-1.958852663268521171e-02 -1.253405938821452461e-04
-4.717547039423450501e-03 -3.334612428445788562e-02
3.007101345020794791e-02 1.180857579484989768e-02
-6.964097903360819998e-03 1.684499298596678742e-03
1.231270185045267931e-02 1.446453954456320898e-02
-4.444614614606290392e-04 2.068212319861512105e-02
-2.240364043496667970e-03 -4.768162224959937232e-03
-1.837732126837614624e-02 2.486998275276630990e-02
-4.478881588688769788e-02 8.495192388806607070e-03
-1.648215334845715141e-02 -6.109693015859239511e-03
2.734115015030429141e-02 5.633944327283299525e-03
-8.660613095904858005e-03 -2.862468867275692538e-02
-1.858300376670660170e-03 -2.145208832450845246e-02
5.652788983288221415e-03 -1.591297665557764307e-02
-1.960167058869011561e-02 -1.656746251583426574e-02
-7.559744490808534625e-03 -8.203684996545447874e-03
2.116973867103127960e-02 1.488303535554448900e-02
-5.237476323704860250e-03 2.290170860628824856e-02
3.530918429820518317e-02 -1.649921152408762850e-03
-1.708385334828192714e-02 1.143433684642824327e-02
3.252059283965993280e-02 3.141789804170682168e-03
-1.014876446367927662e-02 2.748752596738529390e-03
-4.016181439072825238e-02 3.228421680099850810e-02
9.699516598404758078e-03 4.573207538571018977e-04
-2.380857949944610932e-02 7.964397530363891489e-03
3.775440011202140650e-02 5.709048204788567601e-03
1.738686219057291454e-02 -1.887495750673770208e-03
5.452932048487394237e-05 2.052708554724756457e-03
-1.201836851095390742e-02 -1.496257730619797964e-02
1.872650833023813133e-02 2.135493389064790221e-02
-6.208406862014859313e-03 -6.255762173938527425e-03
1.455738403747941501e-02 -8.059326771539757767e-03
5.890309118002107908e-02 1.648596501078596760e-02
7.462407302988638197e-04 -9.555500663133442013e-03
-2.773737895449298121e-02 1.773647102834640873e-02
2.966051329586891216e-02 4.360235784143676706e-03
-1.512028046056483610e-03 -2.518864049341464767e-02
-1.471142084189731684e-02 1.211434781922218935e-02
-5.828917274863227097e-03 -1.118846254573076585e-02
2.726444268085678399e-02 2.178981240204830652e-02
2.355379177830341925e-02 -2.607055145353164884e-03
-3.292016493739544775e-02 1.650550040395367193e-02
9.986347180858130140e-03 -1.126455313799534091e-02
3.457209293221021051e-02 1.567810377763698831e-02
-1.690760484985259771e-02 -2.190953972161551258e-02
1.060375633142334253e-02 -2.370940054599978211e-02
1.628246148362155407e-02 7.368648486312774984e-04
-2.743780201889269368e-02 2.421861233839095809e-02
1.609731199288317802e-02 2.042372914995577507e-02
-2.209200324389950804e-03 9.621640676749599816e-03
-3.250302001710143884e-02 1.338758365057379600e-02
4.751772546151122184e-03 8.025320639859662500e-03
-2.910115889451557816e-02 1.546745014915986913e-02
-3.296576278668079257e-02 -7.528855022421720826e-03
5.946854416796464732e-02 2.324087464510446108e-02
1.745438441587415053e-03 5.492286033213309576e-03
3.796124349339614901e-02 1.223457591277073327e-02
-4.307196061818198418e-02 3.240379812078831440e-02
-5.280358037866682286e-02 3.471006453201083003e-02
-1.362252174179779535e-02 -1.142861447845490083e-02
-1.182421981875200930e-02 2.115390139685851406e-02
-2.710878358075427541e-02 3.132395521456084967e-03
4.411440726086328194e-03 -6.703037791597268001e-03
2.994823603124760827e-03 6.660568743520246414e-04
6.616175915182315181e-02 2.112847247261542480e-02
-2.479193659130833876e-03 1.812321681178165680e-02
1.093565348529947773e-02 -1.193059647286958715e-02
-1.531337754368209021e-02 3.030118641210117602e-03
1.512059288594032151e-02 -5.223159279043505104e-03
-2.840887986701930504e-02 -6.767823943713250842e-03
3.817988116810365484e-02 6.695069492464724055e-03
-1.009723265899755557e-02 2.889167612887344125e-02
-1.628848316503196322e-02 -1.364865516549195823e-03
-2.466304884469921674e-02 1.293820838056675832e-02
2.064445539252174333e-02 -1.319198266568679008e-02
-1.365602505546773676e-02 -8.547323048551489985e-03
-7.773097514178063487e-03 -1.486268646804079184e-02
-2.489727594442253319e-02 -6.829896851002516082e-03
-2.785436168838811496e-03 7.358050147266258743e-03
1.137203451123848519e-02 -9.761330006115051527e-03
-1.288488850459183939e-02 7.468411882819231233e-03
-8.515357269395616366e-03 -2.118457236487156573e-02
-3.283630630463097583e-02 1.741425837854216480e-02
-5.920481695929418267e-03 9.679659569078916765e-04
3.046422220315236212e-02 5.948247564611789436e-04
-1.148863915350012248e-02 1.825767139374882136e-02
-7.021571455496561365e-03 2.490120720035078616e-03
-7.865853222333607161e-03 9.434756635789312562e-03
-7.357876946070050599e-03 1.752957138304082896e-02
2.646521449681802501e-02 -6.494319574059584507e-04
-1.689306827135519246e-02 2.397691338828928168e-02
-4.856812596294214808e-03 1.464896832969886618e-05
1.926637220994698030e-02 2.403615853204910113e-02
-2.613455140488980463e-02 2.624648173977042753e-02
6.442954336922735240e-03 -1.430869905514114970e-02
-4.789058947471762362e-02 2.566016013392768622e-02
-1.232888831425217775e-02 1.166857185113887550e-02
-1.368154058328287410e-03 -1.160259454376711720e-02
1.031300073099477091e-02 -8.405592785747414974e-03
-8.448616915499354216e-03 -5.970726260095145059e-03
-1.493588615129836511e-02 -2.016822819106796338e-02
-1.156906137990452305e-02 -1.854279629128566254e-02
4.466061656668551122e-02 5.759309081753127488e-03
-3.080953723695364476e-03 1.167659950831861221e-02
1.521746893827789077e-02 1.824750454154471175e-03
5.333364191572617652e-02 7.053377417009360634e-03
-1.053552239060948949e-02 3.369207450017500799e-02
-2.975944072533363502e-02 3.298562434896735313e-02
1.364290158295947651e-02 1.554694050861518250e-03
2.908790076210353640e-02 2.156392061655769410e-02
-4.704404400009813171e-03 -2.357240236281672383e-02
-5.921411233433044501e-04 -2.095172776509681214e-02
-1.289797018988336416e-02 2.944318552540254458e-02
2.814111081550444912e-02 1.897392346929274373e-02
-7.612842543254897537e-03 3.038966130552816364e-02
-1.936158401425934483e-02 -2.412488420922962937e-02
-3.433643997521757668e-02 2.275021869096806315e-02
-3.660726184494794699e-02 3.028611976507887549e-02
1.864423148535814673e-02 2.632217430407778752e-02
1.155370954438524750e-02 -1.272067713620584142e-02
6.565031987711263117e-02 1.512188745477071120e-02
2.261761034497694611e-02 1.295864231480545886e-02
1.964452337649707885e-03 -1.029747867619878847e-02
-4.452682655648575703e-03 4.241501114515603549e-02
-1.639957505871788082e-02 -2.750136767661616466e-02
-5.699423148538273337e-02 3.628459040660736434e-02
-2.116889826297298563e-02 1.686239218535135961e-02
-2.744748862498829173e-04 -6.627041402750756538e-03
-3.014186375051781247e-02 -5.370117815591960494e-04
3.107659479180028758e-02 -8.862414922919423926e-03
-1.032549121695718400e-02 2.721581422439326228e-02
-2.480533494627784954e-02 1.330263578385432015e-02
1.809756067442679778e-02 -6.265459852869369878e-03
1.268402134601064046e-02 -1.347995311412499182e-02
-1.998626487886427314e-02 1.521657045149542829e-02
-7.925588495464590266e-03 9.259905738971584144e-03
-7.855249339296327057e-03 -5.953794214084177569e-03
-5.644120255811895838e-03 8.092486356822395713e-03
3.735754070200592025e-02 1.063418411002351079e-02
-9.485082451513681193e-03 1.505775010541140699e-02
5.262815065992455105e-02 1.989091123170311573e-02
4.617597004235208386e-02 1.780228742452370089e-02
-3.568828916564877052e-02 2.793629959368420720e-02
-2.899253207235171284e-02 2.022988166847529412e-02
-7.451470231278387903e-03 1.134510648068168086e-02
1.735955027695724323e-02 -9.661340674858277799e-03
-1.505414135958951186e-03 -1.015969120076057504e-02
-2.252849195577092192e-02 -2.724844444568437496e-02
4.404728681986885830e-02 6.601492593316997349e-04
3.781433581937572626e-04 1.268978887442855953e-02
-2.849816818982638458e-02 -4.243399706553173736e-03
1.350266482836171792e-03 -2.133593273975147031e-02
1.667954320072347063e-02 3.071649488076558850e-03
9.261153293937203837e-03 -1.176606503076766709e-02
2.059448768534631949e-03 1.612463544038408511e-02
-3.710146260053485360e-03 -1.834863075849695394e-02
4.025044850486832887e-02 3.832597509983940148e-03
-3.291416296181793461e-02 -2.566189946743463457e-02
6.626388526121521766e-03 -1.464584115549998240e-02
-2.462532355258127952e-03 -2.083842738706309650e-02
-3.744680483671696241e-03 -1.491394561279683027e-02
-2.493654551584965906e-02 6.549442763348541433e-03
-4.469401997469995419e-02 3.852733375066556918e-03
1.161425300478418320e-02 -4.709131222834281490e-03
5.412263615920782749e-03 -2.604246453426995941e-02
-2.854339963783179834e-02 3.019854338861626894e-02
-1.982917378094675633e-03 3.434193018951828703e-04
-2.478704034322320657e-02 4.583095640697922371e-03
-3.652304822821581670e-02 -1.053813577906034457e-02
-1.506105776546682803e-02 -3.396961367371380703e-03
4.097328990664763498e-02 7.285116415039160492e-03
1.145055426273916543e-02 -1.225077462383020307e-03
4.328647886139638801e-02 2.439391131287990851e-03
-2.672808569947290186e-02 4.055795592797855481e-02
6.675798097827212625e-03 -2.891982002000783106e-02
-1.250295649472662508e-02 -2.035176326839813546e-02
8.481269461575445881e-03 -2.706884153181498068e-02
7.035785453866636244e-03 -2.926562794472558834e-02
2.710638924604033551e-02 1.115440928626542337e-02
-2.571651617847567350e-02 1.630846049148655316e-02
3.119679904466296852e-02 5.281777446674547696e-03
-4.720623646936373576e-03 -1.866616290905960887e-02
6.900644550010789566e-03 -4.844243908563496820e-03
2.203803308550826914e-02 -5.798980923860354991e-03
-3.038210664477449321e-02 2.002329546687045634e-03
2.703556619272819497e-02 -1.082688865314725309e-02
4.456644611112978160e-02 6.331039829335855310e-03
1.210875819042715566e-02 -1.591827470236598660e-03
-2.371905650964441226e-02 4.420190237722091200e-04
-8.289793160174795464e-03 -1.881706565245150689e-02
-1.929019555838905678e-02 1.744936123094579031e-02
-3.934405661423551540e-03 2.113649861142334954e-02
-1.535180012640446207e-02 -1.494347429314064543e-02
-2.308350785535639299e-02 -7.091206009652460326e-04
-8.700834468410257802e-03 -3.521130551977089823e-03
3.017320383063899075e-02 1.774353974121239833e-03
-2.313097286955351564e-02 1.794682304024032213e-02
2.941130713334661004e-03 -1.841362246020759874e-02
-1.887087010922891550e-02 -8.736894584119263632e-03
-1.169663514185790339e-03 -2.118626790187114195e-02
-2.934001069125358879e-02 -9.827668352587793504e-03
-8.705389464970734667e-03 -2.216779785202962691e-02
2.925324591006098901e-02 -4.728210069484810210e-04
-3.254932524966042129e-02 -2.060339413412791421e-02
-1.892442491785079062e-02 1.893750928754534338e-02
-2.246423945793753207e-03 -9.273928569456689128e-03
1.092121560751834093e-02 3.228078273101739684e-03
-9.871031427966778932e-03 -9.636950164854312523e-03
2.416031956319055624e-02 2.321626803431907186e-03
-1.211029732544407871e-02 2.374087973237463262e-02
-2.572255901258768684e-02 2.267352770177648302e-02
-1.753589399175146946e-02 3.484439426179238020e-02
1.924488128755133878e-02 1.085468357906058980e-03
8.882692701400931451e-03 -1.441669164791823526e-02
3.686118074150072921e-02 1.990110108774315045e-02
-1.078858155743067128e-02 -2.543763173581498060e-02
2.246882345109732157e-02 -7.090380894629423787e-03
-1.281742898724596257e-02 -9.029916809089641450e-03
4.142813363259876397e-02 1.975312775106700600e-02
1.450867424342603372e-02 1.078358924998326120e-02
4.528851911348352743e-02 3.387582666424681158e-03
2.251266119130477042e-02 2.151989634700653825e-02
2.358993389020648188e-02 2.527642504005442499e-03
2.825894474762992090e-02 -1.586093914840775582e-02
-1.284528430502762837e-02 -1.486470880881279703e-02
9.273167590147887718e-03 1.935524120611690222e-03
3.921943658033849589e-02 -1.347173490336610411e-03
6.233626660995110133e-03 -6.528928789925493754e-03
3.152425304218885258e-03 -1.301664895951024255e-02
-2.457162233855106001e-02 1.558901398542575541e-02
4.564349163548855545e-03 -1.989183907507150254e-02
7.783333834505255615e-03 -2.080332035778521133e-02
-1.189081081822824550e-02 6.662325672832574786e-04
2.392050103382195939e-02 -9.014324645116814777e-03
-3.576254206858550319e-03 -1.679852887177011884e-03
6.669946335169354892e-04 -7.447402252922800427e-03
-1.909115123343077189e-02 -2.626159766293433093e-03
5.261998006130055860e-02 2.005588191977859119e-02
9.729061025963282525e-03 1.926477756698828170e-03
2.971760238122886019e-02 1.191359507177403368e-02
-1.637492863181379960e-02 2.434567975901640383e-02
1.754381109525033483e-02 -1.139864037986707684e-02
-7.510301545624717759e-03 -7.965161556623216385e-03
-3.401988441962976173e-02 3.494127750281015438e-02
-1.588825625251003362e-02 2.716435382955261282e-02
1.510106488242175977e-02 -7.636406362620353112e-03
2.686981380830204269e-02 3.582981131584773299e-03
-1.525300317108194657e-02 -1.418032937713583318e-02
1.396345499621634741e-02 -1.084929542125501363e-02
1.907671971357093044e-02 -4.438287589020120834e-03
1.653956303329899222e-02 -8.485741290292002012e-03
1.150060649884754359e-03 -2.004857146343089203e-02
1.031077906204382576e-02 -2.073583708701446857e-02
-1.807307837667544020e-02 -7.142940945195296563e-03
1.805671663821913769e-02 -1.117255107033126096e-02
-1.061811231946961642e-02 -9.881823778840998287e-03
4.871278997463572395e-03 -8.229170562750014184e-03
-3.075354421015921713e-02 3.040243384410553501e-02
-3.477962377074769046e-02 2.417788172674260536e-02
-2.490881570897224631e-02 -1.286144937626397707e-02
1.819637566754613326e-03 -1.243171944280006998e-02
3.434446992202574295e-02 9.950662727120246701e-03
1.292283181486794143e-02 1.008938298819497467e-02
1.459817614870403046e-03 -1.300055818958305992e-02
1.469323708073044278e-02 -2.022281392565519059e-02
-4.757478936514462214e-03 -2.556678034736079713e-02
-1.448820004589513634e-02 -8.599859613384540705e-03
-8.216886265244915943e-03 -2.718139621206865520e-03
-5.515133274913676213e-03 -2.036070747156415103e-02
2.432749476607834818e-02 3.772576410107852767e-03
1.592402044260868982e-02 3.177454284832983977e-02
8.914778022541395772e-03 -4.858707901701563546e-03
-1.096669690466491737e-02 -2.150000317880009643e-02
2.078707738460973398e-02 7.167520570822881291e-03
-2.515148137076204590e-02 2.931785145694982761e-02
-1.547090345818182000e-02 -9.408262069328656232e-03
2.551111043322139976e-02 -6.997460147074321957e-03
-3.132718763847625737e-02 3.963774107040170767e-03
-2.838041124459401293e-02 7.974066261954432244e-03
-2.263568273974165060e-02 -9.258837784719484501e-03
4.803210089555690065e-02 1.023704595596949818e-02
1.340138225244828785e-02 -1.128768309950768482e-02
3.236947450444117858e-02 2.720295249522118944e-02
2.702746504198128702e-02 1.739755685901825388e-02
-1.513807809165748294e-02 -3.369005700527346638e-03
3.057494663370016047e-03 -6.894347264334769023e-04
-1.048922072447604735e-02 -1.327597933826780985e-02
4.597552668172864149e-02 6.660810373831997991e-03
-4.066285781261971127e-03 -2.007717372165696013e-02
5.737411452329711434e-03 -3.192769578205144343e-02
4.585530497615697768e-03 -2.201837814455870346e-02
1.896524221102941291e-02 3.641227862673812512e-03
-2.646186092756045577e-02 1.247660476235208302e-02
-9.658758230572315725e-04 -2.005972600963867869e-02
-3.228392425211094180e-02 7.169470248025208714e-03
-6.293643391454843174e-03 -9.247570305434655094e-03
2.881960290500102870e-02 3.683290947608564188e-03
3.855049869891836317e-02 6.352448188294637817e-03
4.771125654874015798e-02 4.507870498537833170e-03
-2.297414444143451237e-02 1.251770291517256654e-02
-7.164544976150975276e-03 -1.415408222913229703e-03
-1.140930063469650958e-02 4.642516336377350630e-03
2.558609423492332752e-02 -9.922367854036915485e-03
-3.108739362389243907e-02 1.630616577832546057e-02
-3.751465190875496666e-03 -9.669816220800755632e-03
-7.942537129386298064e-03 -5.877841916197256919e-03
8.735121494118328056e-03 -1.677635779601094682e-02
2.363780245232158933e-02 -4.442025131800963859e-03
-3.767001027185234302e-02 2.367441214017854817e-02
-1.152852505713960161e-02 -8.737771086306677162e-03
2.532586380674528570e-02 1.057059074771505257e-02
1.408913556762714930e-02 -3.890147475504716380e-03
1.964245897427061710e-02 -7.694289746456512043e-03
-3.146745455218737803e-02 -1.697012510287492643e-02
4.127022520725209809e-02 1.089899367032723040e-02
3.739626596281872550e-02 -4.298563213551389282e-03
-2.720212929107298019e-02 -1.760070080850717825e-02
-3.660770602013268486e-03 -1.010500600248797828e-03
2.752260646408881406e-02 4.281281678531427722e-03
-1.870510299814535579e-02 -1.194900265113702648e-02
3.010559251772746553e-02 1.083646450453169471e-02
3.831046080294698425e-02 2.494770742812366625e-03
1.829485304806292845e-02 -1.833785090103970394e-02
-4.389947862396485767e-02 1.589286701751161865e-02
5.247402703680912987e-04 -1.650238497592630346e-02
1.390674532278917720e-02 -2.690114543016962519e-03
3.404709978832209244e-02 4.719155561925674446e-03
-3.050571598735913464e-02 -2.643637030016364811e-02
-1.287158351449146747e-02 -1.396263932774716512e-02
-8.920453449335312293e-04 -1.888850743057624015e-02
-2.518941699278259231e-03 2.761871553361651584e-03
-2.608579928372549428e-02 2.439893364140802851e-03
7.258285734382613702e-04 2.338972122310336091e-02
-2.422400153624232333e-02 -3.279228804705350015e-03
2.936554483786114195e-02 3.966400722413845024e-03
-2.908152173432980783e-02 2.127032410715173905e-02
2.186994111466833771e-02 1.157104758495964333e-03
-1.540226396016371180e-02 -7.543943595015261891e-03
3.517220914872914300e-02 -4.353559120673808520e-03
-2.014559116472439473e-02 -2.006404753654191658e-02
7.735524043617970913e-03 -2.034131026444081780e-02
1.135668061446209152e-02 -1.234219983678131946e-02
7.475688897804038009e-03 -7.022628862665546146e-03
2.588216478076900418e-02 -1.018421283322047314e-04
2.267447033810813736e-02 3.876289632461732935e-03
-8.946096124931111199e-03 -1.562692342494459777e-02
2.659998211074288479e-02 4.699274439704677862e-03
-8.117868050807205971e-03 -1.265933857814574570e-02
-1.400686233512754217e-02 -9.029205167776643490e-03
3.298788414787631740e-02 -1.104814239070142558e-03
-1.285954716014077633e-02 1.280843801487297449e-02
-5.713233873774890836e-03 -1.286424789987755841e-02
-3.996371679911717850e-02 1.310013447644255494e-02
2.315481818831315389e-02 -9.320001368309448544e-03
3.498595129878225712e-02 3.984534689094969100e-03
-1.442934273670687731e-02 -1.530484481972584944e-02
2.679647582543764200e-02 2.680688864393393316e-03
2.893255414464158699e-03 -1.519200437100725817e-02
-1.074626250995894261e-02 -2.434046621896070184e-02
1.742039097862132027e-02 7.607386457180914489e-03
-2.568366433929479553e-02 1.491423417809696443e-02
3.054711779699811891e-02 1.826442609836230122e-02
-4.702093048160259706e-03 -1.798336222385408037e-02
-1.000870164212906005e-02 1.849787762554239504e-02
-1.571984147614239810e-02 -2.355742211604541694e-03
-3.007901179767760377e-02 2.947333772018946065e-03
-5.238313711445038989e-02 2.241912216001589950e-02
-2.487249715067639533e-02 -3.505640579480650502e-03
-8.246936510229974440e-03 -2.157752390987681748e-02
-6.598853395380952815e-03 2.977110270259468103e-02
-6.431024471360640218e-03 -9.306777749652226164e-03
-7.245005723419708360e-03 -2.045369145978714887e-02
1.195808885560918633e-02 2.750867729156017058e-02
-3.590309641729901025e-02 1.101850934071509731e-03
-3.809248165290429668e-03 5.789070142223493726e-03
-2.969404840677061785e-02 2.571660334793931732e-02
-1.676856033882384578e-02 -1.024832021040249924e-02
4.548343999523551950e-02 1.069730711766269044e-03
-1.782840118702726587e-02 6.204602657543912365e-04
3.837019802960244669e-02 3.247796107906456183e-03
-5.466448130434819683e-03 2.019893802823352971e-02
-1.096195460189205995e-02 -2.185747795456907672e-02
-2.892644798401809367e-02 2.298144777995972995e-03
2.342949177032946015e-02 1.592777351387005078e-03
-9.268839977112485612e-03 -7.452036107264474636e-03
-1.459772055806429812e-03 -2.229907499611938695e-02
-5.762942736719029596e-03 -2.182436996609439777e-03
-2.457395564504507440e-02 -2.164648797987205400e-02
-2.608015124218152070e-02 2.933145642379140702e-02
-8.102822413876416621e-03 -1.396385795417011237e-02
2.545518402977158673e-03 -2.335880772013140469e-02
4.890798716992147748e-04 -3.189534109906567733e-03
-2.317672782191047018e-04 2.452130007520215635e-02
-3.596766271502955040e-03 -2.082181380206139451e-02
1.629098334870003606e-02 -1.133732888346387566e-02
6.464538967859508501e-05 -1.663992909210789545e-02
7.200336869929869349e-03 2.855953204979532617e-02
-3.292469521478428446e-02 2.828365481772000117e-02
1.308359490472627701e-02 -1.448033690881499842e-03
-3.115037221046372540e-02 -1.798966049916544616e-02
-2.718605275828722689e-02 -3.244581416354187526e-03
5.977921915437457365e-03 -2.376557154040338099e-02
4.173381645549760488e-02 -1.078549214267343279e-03
-2.597365535233277581e-02 -1.717032933077152629e-02
-2.056777258793916503e-03 -1.592152088989181105e-02
2.694825135152697712e-03 -1.705448740902240981e-02
8.648688150739245600e-03 -6.966193582528260736e-03
-1.745999220319636655e-02 -2.369235499438792497e-02
-2.494130806890662577e-02 5.516766900093416671e-03
-6.954280689933446495e-03 -1.790304528293233666e-02
-1.012319540655965897e-02 -5.711007929738981699e-03
-3.724722171233254414e-02 1.627014506814011829e-02
-9.556499890285419588e-03 -5.161862320786551536e-03
-2.988028128515814869e-02 -5.713945059134710805e-03
-7.389769841283038918e-03 -1.385294143636589016e-02
-1.291300664356818950e-02 -8.792609288546415769e-03
2.422370169857886169e-02 9.569922997571105386e-03
-1.790570383806908139e-02 -7.026105620048561477e-03
-3.015747516213917317e-02 3.479323271274931129e-02
