-3.770713482974182972e-03 -1.731953502801806101e-03 1.083798762937310950e-02
2.302253397083729725e-02 -1.831876178166276861e-02 -1.408155670489197667e-02
-3.763413872110577679e-02 2.661436128379168504e-03 -6.295020069405927315e-03
-3.942779540083653222e-02 1.289869368217791759e-02 -1.116486631308848121e-02
-7.156982765829655868e-03 -4.178121687878211254e-02 1.704179281256774925e-02
2.721886302025552234e-02 1.592875359787885789e-03 -1.580930606068862770e-03
-3.775796609155367134e-02 1.073864449240438321e-02 -6.529379935031253898e-03
4.084020735019160825e-02 -5.977863997531124469e-03 -3.226398306921501175e-02
-1.420833260368664641e-02 -1.997787160378681690e-02 1.736479869985262797e-02
7.632253383077465883e-03 -3.687903203815688646e-02 5.880499830995139857e-03
-7.978431017318994567e-03 -7.703312258674719151e-03 2.858037143325887347e-02
2.530086952242069365e-02 -6.751977770896309614e-03 -1.160237212348393283e-02
2.802159567780615132e-02 3.477662954317130815e-03 -2.146489830019939968e-02
-4.237625533979297310e-02 7.083119889871099251e-03 1.166112023186539719e-02
-4.122431046436650370e-02 1.498062001255777952e-02 1.164633418861765572e-02
-6.327643668849664005e-03 1.140307785380137440e-02 2.285336615039839855e-02
-1.318541534188567323e-02 7.145920992456809059e-04 1.793447735434539753e-02
-4.931184157193649331e-02 1.347016485647144386e-02 2.157488863415615160e-02
4.061551915870097694e-03 -3.050076327853687430e-02 -8.995206781856451492e-03
6.202747712331461820e-03 -3.502284826519815736e-02 -1.926514289827725235e-03
3.398908256020481689e-02 9.384442612058832220e-03 -5.891709657957468422e-04
1.557439350137202090e-03 -2.840503077151211933e-02 -5.427414123895203321e-03
-3.617607517930212374e-02 1.092855792927584398e-02 3.742667464742535990e-03
1.701082134981945354e-02 1.665521036245843842e-02 8.265293012720173818e-03
-1.467003419955004509e-02 -4.804284082330766148e-03 -3.086295111145494555e-02
-4.133595936286123262e-02 -6.372296804188183443e-03 -2.010731163645924913e-02
2.813118045296445283e-02 1.125009797824959301e-02 5.070554299733644882e-02
1.476658457650038316e-02 9.239382149683681225e-03 4.231585907515764827e-02
1.239744454017427389e-02 -3.284473478910122229e-02 -4.181906544695758975e-03
-1.075869718172051256e-03 -2.821083141778409423e-02 1.649273585347754700e-02
2.624057714137751490e-02 -4.272265296035485105e-03 -1.465723291646838476e-02
7.931460412524812473e-03 -2.304267640323381244e-02 1.125310281982221973e-02
9.844349906002206052e-03 -2.107873112492689507e-02 -7.827195112295263699e-03
-4.402075369468660612e-03 1.085086426784179735e-02 -3.773545169814804950e-02
1.624017327721725273e-02 4.002548612950663359e-02 1.306747323739273006e-02
1.629944888928391497e-02 1.071410694312242493e-02 1.071940781226138513e-02
-4.011755292125083333e-02 3.829640157722568553e-03 3.784761876065942648e-03
-8.407382512857778517e-03 -2.491234502678619026e-02 1.517948552568287174e-02
3.127927941648175197e-02 -1.506332926020910283e-02 -2.704603257402065156e-02
4.401682777218125786e-02 4.784114436594281289e-02 -1.123964452517809548e-03
9.967504043975195308e-03 -2.388730624249365067e-02 7.264334496483864333e-03
3.632858622069446569e-02 -1.233431098305430313e-03 -1.023031373369105018e-02
8.077295260610137598e-03 -2.163523585619412867e-02 3.359931305934504321e-03
-3.592789133644187088e-02 3.809470698997935185e-03 -1.137234399668130870e-02
1.994278571206061640e-02 2.901202910278880692e-02 2.201458753662223142e-02
2.606462159535087239e-02 1.151121770502141865e-02 -1.700181791208727963e-02
-4.924883583987289815e-02 -8.391310294715056961e-03 -1.557110903323013010e-02
-5.142316950964650329e-02 1.429736097658944544e-03 -1.472868620751688513e-02
-5.391332048045103902e-03 7.676743398968454389e-03 -9.398851169237065067e-03
-3.290940922398877255e-02 1.888089749381924656e-02 -8.936117502336476601e-03
2.668162320436095677e-02 -1.179480082484933752e-02 -8.357224273675618528e-03
1.666586970486117619e-02 2.756177017045525427e-03 -1.054247980013014313e-02
-4.767387196279336548e-02 -6.895922661641680105e-04 -1.956919989677198893e-02
-6.769396049847256104e-03 -1.480008110385820641e-02 1.864465768418485311e-02
-5.919983040739126672e-03 -1.353990136584504698e-02 2.843740679050215780e-03
-6.298738994034457084e-03 -2.543076033868607935e-02 1.771549363991534523e-02
-6.473994073981761098e-03 -2.264336604244991322e-02 1.212882679005085861e-02
-4.209114021008635714e-02 1.680575822893598525e-02 -4.333981190474350473e-03
-6.259966954620129961e-03 -2.394669766608911732e-02 1.829984204943242362e-02
-1.119363570482902193e-02 -2.592882382240972033e-02 1.462299378693920036e-02
-3.834036932782938778e-02 2.080258290726699419e-02 -7.410621618605644188e-03
1.006774839109776491e-02 4.103631814244287218e-02 2.764523855870182085e-03
2.322938815009826380e-02 1.014891426697326141e-02 -5.785504054778656778e-03
-3.338287691300390742e-02 2.395945105990649956e-02 -1.428063855934787532e-02
7.668548604878820500e-03 -1.429796447865470770e-02 5.886723315756845105e-03
1.586042615331815023e-02 -3.294313628335094560e-03 -1.858363517477438012e-02
-5.620438175848337103e-02 9.013826768523563321e-03 7.240965659100300736e-05
1.690029007266444575e-02 3.631534322553256304e-03 -2.448271342565359887e-02
-2.611691113630446384e-02 1.461635572480939234e-02 -1.968549790149584991e-02
2.614677352646486638e-02 -5.727969056800318211e-03 -2.529715600597736910e-02
-3.051322538408594506e-02 5.622071946881477926e-03 1.147655804985054685e-02
-4.543896295541080543e-02 9.279787890657857641e-03 -1.787860904552983701e-02
3.763618830322022768e-02 3.237610289426719277e-04 -1.559499425611180976e-02
8.379274276325582999e-03 3.179493603344216851e-02 4.060946277216889375e-04
2.268100592559178091e-02 -3.546751487778569689e-02 -8.635059968632843906e-05
2.240754274612048996e-03 -1.721351984299713742e-02 1.107489188987800419e-04
2.643052221638936619e-02 8.969325853974219678e-03 -4.858736105755461464e-03
-1.314027550485454172e-02 -2.563639627541558150e-02 2.246718278538107835e-02
2.382237788643463972e-02 -5.659846051223822554e-03 -2.045357554247899390e-02
9.074801465286816415e-03 -1.729306601260335169e-02 6.414818168944197256e-03
2.153706520204914932e-02 2.293886256131940152e-02 1.134271220469189410e-03
7.409761199763016844e-03 3.060763754315807064e-02 -3.722631346990725766e-03
2.561624233431612427e-02 -1.936574481609444967e-02 -1.719728157707991686e-02
-8.892152466336174926e-03 2.947231869920677837e-03 2.221249499654144935e-02
5.333396981702691157e-03 -2.850498594989567952e-02 1.355496526934763489e-02
-3.166430497165172858e-02 7.202758099566749887e-03 -1.374790486852478988e-03
2.908908199224091370e-02 1.271254635168522773e-02 -7.582371057048312331e-03
7.263080553411375637e-03 -3.160898156733558256e-02 2.585927291647430507e-04
4.344052998016209588e-02 3.972986827470088855e-02 -1.788034673500768805e-03
4.919474011160710446e-03 -1.782435777819368905e-02 -1.184684546091811422e-04
-4.972972036554629272e-02 1.584279976808235235e-02 -1.026428989277663843e-02
-2.884736310606203849e-02 6.344825646558368594e-04 1.662127261420292754e-02
2.373592949030298854e-02 -5.781928057944218415e-03 -2.553270581374847761e-02
4.757543363261244190e-02 4.260211930321809726e-02 -2.336279195951332984e-03
-4.222715592359346792e-02 1.110490826578553782e-02 -1.515468982314406923e-02
3.327355289591094750e-02 3.939956191363731819e-02 4.584679580463576001e-03
1.465212219103957832e-02 -3.724933222993451198e-02 8.635448310392020242e-04
1.222374293520630748e-02 -1.347218140561037142e-02 3.811532923433752929e-03
3.984635709713966328e-02 3.697695536110361808e-02 2.498025518561159362e-03
2.844019831716366326e-02 1.554654186112615355e-02 -8.892852693761934754e-03
1.484701002225438963e-03 1.471249984848307935e-02 2.175141929395627959e-03
-5.181623792946224438e-02 9.578646862118707708e-03 9.733435174552801383e-03
-3.582571591646280251e-02 2.653122034384053710e-02 -3.971362099664051300e-03
-2.285443560968210622e-02 3.041726601603993857e-02 -1.667325789685535076e-02
-4.045229069943638567e-02 -1.538197305351120953e-03 -2.125277007859020101e-02
-4.795162688985639757e-03 3.641572189917750835e-02 -1.522265367309625847e-02
9.163698236049871992e-03 -1.107551627051000728e-02 1.993625381654830307e-03
-2.734157537147874351e-02 2.597255912766502275e-03 2.958393605010714404e-03
7.160104242132478598e-03 -2.042115867498901088e-02 1.469702366755042469e-02
-2.524733019808312467e-02 7.286136114080518818e-03 -1.168840152359769055e-02
1.225758426274129592e-02 -2.279344116573311929e-02 -5.526061422162244913e-03
-8.944378994252160861e-03 1.843618779994446108e-02 -2.171005470318467662e-02
2.319893480156412849e-02 4.229060304626795080e-02 9.190467177898817980e-03
2.250405189446756660e-02 3.226782821875184837e-02 1.051695257752325273e-02
-5.362293866863934028e-02 6.186104907284472806e-03 -2.050295886826635633e-02
1.181079444031538604e-02 -1.179595005970802968e-02 -1.105452531167997604e-02
-2.828467291143976076e-02 1.278148118538673973e-02 -9.569352744835290386e-03
2.367374002249955645e-02 2.269762398998325173e-02 2.201484678178496426e-02
-6.311679074338397144e-02 2.322941493527837242e-02 4.982492390768318569e-03
-1.212663167858070087e-02 -2.426958494141395750e-02 1.653588202113481093e-02
-3.704588771026513100e-02 1.332308538978039386e-02 -1.419275939463498018e-02
1.562444415217276346e-02 2.257400994261934187e-03 9.329380028628890889e-03
3.692916892037707149e-02 -2.340921124138384615e-02 -2.698048381856008732e-02
2.436600130543421783e-02 4.072621241502080713e-02 1.855347682023111844e-02
3.672451754657612977e-02 -1.168798398125273953e-02 -2.096455285363435159e-02
1.796391459715513186e-02 -1.472887463739459835e-02 -8.507987103956001634e-03
1.779466769996695258e-02 -7.768763586395784071e-03 5.372502284442400543e-03
7.864659848200668962e-03 -1.166921541156362577e-03 8.614838463551637709e-03
2.548832185136990294e-02 -5.271065783397796412e-03 2.481915800713129817e-03
-4.278078572820308983e-02 -9.055630920622857738e-03 -1.864649444357790661e-02
-3.980886664468274994e-02 9.760966431806522223e-03 -4.673682058180035626e-03
6.276553215345715905e-03 -1.051513417628617726e-02 9.423048920357791555e-03
-4.135281779088090942e-02 -6.306295380332548398e-04 -5.792025455999428446e-03
-3.681221995566235500e-03 -2.223441025875119714e-02 5.334599785425583711e-03
-3.606040282389474244e-02 2.476941537110595015e-03 -1.938166549433662997e-02
4.799616401871918811e-04 -1.205708912660813370e-02 5.388371394411577489e-03
2.802889356859637748e-02 3.386801789211518754e-02 1.342791388230161337e-02
3.844064955409110668e-02 3.930109872280937444e-02 2.778735051427542405e-03
1.630711549542989899e-02 7.254873198108719758e-03 -4.113765039495446973e-03
1.340139037363319123e-02 2.157714520500825933e-02 8.283590595750920131e-04
-7.595998958256314215e-03 -2.531292305078932173e-02 1.467803988756004492e-02
-4.670408434309388825e-03 -3.505364769687329546e-02 8.358242658741925693e-03
5.191109418139070418e-03 1.231935500111078739e-02 1.726565136373684958e-02
7.219338068211936590e-03 -9.507493595584896179e-03 -4.294397881771617326e-02
-8.897484803512455132e-03 1.704798120979762396e-02 9.928998193972529522e-04
4.158142184292342759e-03 -3.330126257910995952e-02 9.023507024835841772e-03
3.129361642419865169e-02 4.757174565216703427e-02 1.022347162319560410e-02
3.713819170983734264e-02 1.658757346509754163e-02 -1.216791025593610270e-02
-4.218472376617344449e-02 5.118589161579852574e-03 -9.353298906891920408e-03
1.104811481954398947e-02 -1.073811859082978576e-02 -9.258720228130911528e-03
-3.075821477190911549e-02 1.493422815428761298e-02 3.537567854255872779e-03
3.171293648034503171e-02 -6.992509103038955891e-03 -2.922215669954052186e-02
-6.358819512413525603e-03 -2.886114056011659934e-02 1.357394840631524074e-02
1.717843453674625358e-03 1.627159661374364200e-02 8.471652931572584352e-03
4.021370962239753828e-03 1.812972708994660051e-02 6.918080926630883198e-03
-4.885951690397303919e-03 2.226512593287723052e-02 1.889316384615910907e-02
3.186932911840708454e-02 -7.778477387410693590e-03 -1.625722664161975348e-02
5.011029590313627324e-02 4.747956744012735847e-02 1.060974029210469231e-03
-4.933854383826867529e-02 4.928189438579111750e-03 -8.038869942735489202e-03
2.674822156908631884e-02 -6.967628911137931612e-03 -2.780178432637752176e-02
2.415328157070434009e-02 1.222560618474373764e-02 4.774942860436229980e-02
1.478791652938083248e-02 1.255367545233458497e-02 -1.031475204973119003e-03
-4.428976142445394809e-02 8.082929611528765976e-03 -1.129555035828091331e-02
1.542723510910336444e-02 1.030619184607658827e-02 -4.304595579939340510e-04
-6.312298665548429777e-02 8.283400841771400638e-03 5.250733457972873216e-04
-4.100790870317918418e-02 6.763324786945504666e-03 -1.993598827300704576e-02
-1.241135128878633788e-02 -2.687374328966722278e-02 1.849285933998738585e-02
-3.698945656049513336e-02 5.136870697493742428e-03 -2.336186115599831956e-02
8.511407006507243009e-03 1.506755140363799129e-02 4.970531508473648857e-03
-4.239888317956083674e-02 8.440752325023115343e-03 -7.081462840894441058e-03
2.771785090394418907e-02 5.714928000852133663e-03 -9.932330587978167522e-03
6.856842005147236081e-03 -1.564945535752487044e-02 1.731025453498264213e-02
2.398220465700648396e-02 -2.341298384182929557e-02 -2.250307834253566924e-02
6.724131805212025040e-03 2.685622258072814864e-02 -1.597927391213772169e-02
2.166684310991227186e-02 -1.552669860216731104e-02 -2.057118174598834143e-02
-3.500246132330669252e-02 1.768671754006501118e-02 1.078875915420258146e-02
-4.832600971996462748e-03 -4.330502589887086362e-02 1.039791808812595870e-02
4.431057207076602791e-03 -2.321344813624632783e-02 2.367210746919889888e-03
2.668585227255037065e-02 -1.616193624334137267e-03 -1.882635531913099541e-02
-2.505952696122986170e-02 1.332742060461044459e-02 -1.037613710600068795e-02
1.651037839528258014e-02 1.792363575970086151e-02 2.108771330315823041e-03
1.405644170005986709e-02 8.275883434360257335e-03 3.251028068309883348e-03
-4.337774278419966739e-02 1.222963985389901101e-02 -1.153287807502716839e-02
3.347499178273517784e-02 -6.706354594257544523e-03 -3.922123690643064542e-02
-1.071235642945272612e-02 -3.042330712941027603e-03 2.520545272438571086e-02
1.807252020775700768e-02 3.679016164798245420e-02 9.448837955713083187e-03
1.638317093845563857e-02 1.026845478906647166e-02 -9.280479588819124867e-03
-2.082703124072247253e-03 2.634018596292585571e-02 -1.659291038042036773e-02
-1.186076193757027060e-02 2.764511081898417960e-02 2.980243836875918866e-03
5.185546702114384940e-03 -1.222219181529014820e-02 -2.176708974340987868e-02
1.449736180490516363e-02 2.659813385051443616e-02 -5.192447355921041112e-03
3.163135104589473445e-02 3.222246401589082959e-02 1.051774162107956337e-02
-6.519175239136186517e-02 1.812439674729783567e-02 7.708398648141862215e-03
-2.744239210464967816e-03 -2.230455641003621994e-02 1.126457427685836378e-02
3.735378720419246096e-02 4.407318980043026246e-02 9.719753013084751411e-03
-1.022657342889621811e-02 2.063883172963311766e-02 2.380198574825645452e-03
-2.801531316942674002e-02 -4.302348533330072923e-03 -2.652016604576273862e-02
1.014855143972495828e-02 -4.092454466453663425e-02 6.390413859827053476e-03
1.933989237413792943e-03 -2.965208854647666259e-02 1.965942017964541350e-02
1.231990208225275038e-02 -7.285516610059026427e-03 -6.152675671492729287e-03
2.594264588320787865e-02 1.261911572160532083e-02 -3.595888558999202876e-05
6.316857347700772195e-03 2.345496443242370277e-02 1.130032277595930702e-02
-1.168442331478917323e-02 -3.404092918206280682e-02 2.340012855557903684e-02
-2.651980998057544992e-03 -1.797361828516214760e-02 1.494315168419853984e-02
3.143103467735788858e-02 1.014128040666296277e-02 -1.100316158329634787e-02
-1.975180681096296714e-02 2.607200603309863668e-02 -1.965901007369855180e-02
-1.211754901160380996e-02 1.208396126288337202e-02 -4.305525935702248473e-03
2.761523121325574689e-02 4.626070147028875541e-03 9.727459585354173918e-03
9.764264597058874492e-03 -2.118979893516889992e-02 -1.976345547674603759e-04
3.802893815378487891e-02 -2.665797936266265603e-03 -1.799945202081041501e-02
-1.515977975762790309e-02 5.348066311176613401e-03 -2.036619288408130640e-03
3.463782086954903666e-02 -1.295050195112216378e-03 -1.054755652642271231e-02
1.693471486634672354e-02 -3.658988404576076631e-02 -1.826239213050361368e-02
-5.503062101351998553e-02 1.502929838146247789e-03 9.054731512841781194e-05
3.035091196004336550e-02 1.765595429349774842e-02 -1.236945642011910880e-02
3.374700832517649185e-02 3.660801852517890642e-02 2.154378773328819580e-02
1.868795406348704169e-02 9.604084069638241933e-03 -1.674755886595605259e-02
2.057583352024974690e-03 -1.524215034182811214e-02 -1.272473254581018903e-03
1.864819593877204990e-03 1.440426343666512295e-02 -3.955592831343014704e-02
3.434656337277151167e-02 8.295487347158129326e-03 -1.257424364400857447e-02
2.069756130755847842e-02 1.185055539906631518e-02 5.819708565090460362e-03
-4.487016959501903546e-02 6.885176608575432032e-03 -8.323818388321340550e-03
-4.481975301646529825e-02 8.226312929862884338e-04 -1.051945354069716912e-02
1.387871639762924304e-02 4.834666666479615037e-03 5.237364368367802142e-02
3.346381346263091385e-03 -4.946452133296897619e-02 -5.881231737420231434e-03
-1.564339148970751714e-02 2.431748160187154062e-02 1.087080634008300538e-03
3.026439589442488434e-02 -8.980251414549122319e-03 -2.287461586162803373e-02
-3.374695131011290483e-02 7.454730085472986885e-03 3.800472312067610520e-03
3.913563031927080882e-02 4.958974883308469445e-02 2.513419141895291767e-03
-1.521179446836975861e-02 1.606306841317536524e-02 5.972988148652050994e-03
2.215525757107150023e-02 -5.630797070135087944e-04 -7.746081232680706447e-03
-1.259739502011228938e-02 1.421543727907582759e-02 -5.952599061102771538e-03
6.157196767097915767e-03 8.621339319036637819e-03 4.201137769291727296e-03
-4.274921569976832328e-03 -2.395300464464759568e-02 2.291205216955410906e-02
1.876026998881629923e-02 -4.757923908780496876e-03 8.283193292989678852e-03
-1.064564783533124628e-02 -2.743957302253461489e-02 1.116117309052126055e-02
1.588293483894194502e-02 1.488628494206622847e-02 -8.468197628594289691e-03
-6.101359238483128854e-03 -1.916422816021620332e-02 1.069495268546472033e-02
-2.177019990418223305e-02 1.985268833274088027e-02 3.108691011113665342e-03
-2.555416022113470020e-02 1.526767696144600353e-02 7.113033766573258372e-03
1.857024450149961925e-02 1.293567880519827691e-02 4.394058350816392594e-02
1.933432553311456928e-02 3.547620959028500304e-03 8.955207968826527651e-05
8.412528526916467769e-03 -1.933913364010394695e-02 -3.813908119421367728e-03
-8.976742338969407676e-04 -4.197748794458067145e-02 -9.526729004974384893e-03
1.469253060478239309e-02 1.358322289538696666e-02 -4.108925473188751454e-03
2.622118495061576821e-02 -2.586162468728106512e-02 -1.836426065537578867e-02
1.263653886447008330e-02 3.758172300158676721e-03 4.646130766772526600e-03
2.854970983811456683e-02 -1.760847432305701283e-03 -6.326692818745454326e-03
8.376620670562976226e-03 -4.376682393848052577e-02 -1.171104597829763366e-02
-1.692395383080138802e-02 2.066360760114151554e-02 -2.532102068321213928e-02
6.201837459368286440e-03 7.195516122805331767e-03 1.404995603112429471e-02
2.216272866820005565e-03 -4.227116243819656338e-02 1.213968219205661427e-02
5.399779031623762153e-03 1.184838138300278385e-02 9.276318952811120344e-03
-4.130290966292676086e-02 2.637282134906341474e-02 -1.453273731813355812e-02
-4.128249645268740331e-02 1.329227233931982478e-02 -1.660502982998833706e-03
2.946826574055443418e-02 -8.767796045685255502e-03 -9.699470928024662292e-03
1.548625556992638298e-02 6.094993085418820393e-03 4.869571660375006383e-02
2.089720775583290766e-02 1.523037155449856852e-03 -1.773028204838552127e-02
-3.285933249678510415e-02 1.806199192879100537e-02 -8.163681700071609079e-03
-3.714130495608214400e-02 5.670114151539568624e-03 2.179036868135776628e-02
-1.042928347265092287e-02 -4.442447598604565978e-02 1.272119376354519452e-02
1.492056857459771353e-02 1.312358983197411781e-02 -3.814642592800392574e-03
9.466055684397083406e-03 -2.933621396998764563e-02 1.462657508456496544e-02
-1.219598504440165890e-02 -5.759055500565224590e-03 2.324455163571130870e-02
-4.309220593501775221e-02 1.187886042713524361e-02 -1.225013136163900958e-02
3.501013119577327248e-02 9.572575978055010079e-03 -8.249063954989895378e-03
-8.984487997759336292e-03 -5.167272950062009630e-03 -4.078838701277490934e-04
2.108967442826294517e-02 -9.740713823393360241e-03 -2.406366989098214157e-02
-5.408625726270552964e-02 6.615308313912796230e-03 -6.083861278956857049e-03
3.195901957385620384e-02 8.379886296167904022e-03 -1.806080248873806471e-02
-4.609864708504316649e-02 -1.382931241891862447e-03 -1.635107566494274980e-02
-3.833575832297290639e-03 -1.489128003991255569e-02 1.430814755067896793e-02
2.670161125537514127e-02 -1.640480271924592975e-02 -2.481019537179969536e-02
7.408666707518487757e-03 1.261888561810515196e-02 5.434979230931539888e-04
-9.137266657847874490e-04 -8.641608610506177138e-03 2.780991889112031934e-02
-4.362399717061864884e-02 8.456071384420985396e-03 -1.190953024893725426e-02
4.485744290122421589e-03 1.188335017229135565e-02 7.767513220950974726e-03
2.240773886491218697e-02 -1.739642400805386374e-02 -1.416049860426754972e-02
4.109657059274930517e-03 -2.396246931551772666e-02 1.166446612239724345e-02
-7.945237285822097720e-03 -4.084249872629516775e-02 1.771701311942804405e-02
2.971157113593045351e-02 -2.221260699770084140e-02 -1.978928062097480567e-02
1.083205823836305877e-02 -4.430770313766813767e-02 -2.330352432880978750e-02
1.254773310734731695e-02 1.002126566724711836e-02 1.387831089618508321e-03
1.483650340700245519e-02 3.844717406453981856e-02 4.533886743382131886e-03
3.030636625493248956e-02 8.190759954134242682e-03 -1.527739686150209227e-02
2.111502591008008328e-02 4.937398454275192944e-03 -9.087934638370803037e-03
2.379680914776786341e-03 -3.522380910142730581e-02 7.511805420087231365e-03
-4.107789008486732729e-02 1.297924019247054424e-02 -1.640113837947239014e-02
-2.352733259096618026e-02 3.027257971886139834e-02 -1.897944970186712932e-02
-3.618575897188338990e-03 -1.178220675623031614e-02 1.677963470149607811e-02
2.188195000528098382e-03 -1.715734572381680256e-02 5.628088397373599144e-03
4.553966441991159388e-03 -4.564246074396045632e-04 1.032663410851516507e-02
-7.050049367193102212e-02 1.345404657050630962e-02 6.323754858104423462e-03
-3.547355400714637119e-02 1.129297742126900150e-02 -2.226916149524879943e-02
2.185456015714526065e-02 -4.869205955580734047e-03 -7.630875426474837721e-03
5.598181915683258375e-02 4.498311889404436881e-02 -1.697548388812453049e-03
2.282071201148165585e-02 1.319303279516989905e-02 -9.375704167788982690e-03
2.657807789839252560e-02 7.754576945397531097e-03 -2.079171288749600069e-02
1.668068179426470884e-02 1.686620204496982328e-02 -4.287482863252349390e-03
-5.369425732290772357e-02 -3.177070562911319274e-03 -7.244063404537161820e-03
2.038716743558316447e-02 9.613762972406337398e-03 7.627348095637771948e-03
1.663105276966339932e-02 -8.100936712567535780e-03 1.685138805749484062e-02
-2.741306446080134240e-02 -1.006587268828912710e-02 -1.998041361953964770e-02
4.093622343408215292e-02 4.241932287546321123e-02 1.151583309097346536e-03
3.402350215944891648e-02 4.143318268637244395e-02 8.123775358717907555e-03
4.145327500553665223e-02 -1.243471026101996765e-03 -1.583893263581622954e-02
-2.375732660893034066e-03 -2.081284477742808073e-02 1.422284520320894925e-02
2.786073981287663301e-02 2.290069841963749200e-03 6.968151440186468558e-03
1.032502382331645973e-03 -2.216743248180385456e-02 3.265111693634226674e-03
2.898004462415640706e-02 3.656404487410827575e-02 2.044340136903856353e-02
-4.097241893268579321e-02 2.290056197627002819e-03 -1.198682496521202498e-02
1.477551769058315333e-02 2.836734906149496888e-02 3.514512823834322827e-03
-3.331534661394668778e-02 4.318653192019640194e-03 1.919386804180573877e-02
2.366640982222357678e-02 1.918563899709942698e-03 -1.208573310223294388e-02
-3.729879291458476891e-03 -4.206975342831840124e-03 8.312618219262110988e-03
1.866124822049718482e-02 -2.134531350472104044e-02 -6.755872827737797147e-03
3.684897217381216672e-02 1.890887990480771483e-02 -1.751671949959009156e-02
1.862286436673487797e-02 2.250132709188586849e-02 -1.638405607922820140e-02
2.871064461133613840e-02 1.943835683915630039e-02 8.792933580402137114e-03
-2.102368628216212362e-04 -3.609924808622626963e-02 8.460533244036895842e-03
8.048952099513629818e-03 8.241463663258504629e-03 -9.229189829025624681e-03
2.705949724951689853e-02 -7.446426735535734663e-03 -1.586484753030622391e-02
2.270166526587381883e-02 1.290725894967616021e-03 -3.499048756034203928e-04
5.741075419974448445e-03 -8.288509445890879452e-04 1.931997519214894571e-02
-2.541539484466612958e-02 2.965866867792928824e-02 -1.047650408061029208e-02
-7.551090186107262299e-03 2.196479353542472521e-02 -7.520007784313501725e-03
-2.691600696357699090e-03 4.125210176429412560e-03 2.620131699828280245e-02
1.739047718796627243e-02 -3.319448772081260920e-03 -1.724049819463913807e-02
2.024395865055602858e-02 -2.027725746712072050e-02 -1.653197913181814888e-02
7.849267699329828471e-03 3.163620889808581305e-02 9.425962074473780844e-03
7.941725160925113686e-03 -2.245151731410345575e-02 1.242189052772266038e-02
-4.665461056587963395e-02 9.384554791643427707e-03 -1.788753635765177527e-02
9.160134309911633146e-03 1.369258158085515965e-02 2.813514876457203721e-03
-1.312461044332572518e-02 1.421241803419141933e-03 -3.170250911205727950e-03
2.387333458780870402e-02 1.663124365475747305e-03 1.242523063616367447e-02
-5.135884239825957986e-02 1.684646248573825125e-02 -2.051713746871971014e-02
1.498898650423746183e-02 -1.688162067439126501e-02 -2.094822277615536466e-02
-3.597524174692296600e-02 1.286036603917280891e-02 6.014760347384170980e-03
7.074563773630947357e-04 1.937853512241346707e-02 1.186335271609859250e-02
2.678429613410190663e-03 -3.933869161406773900e-04 -4.800993174752506663e-03
2.692290556702492399e-02 -7.379816769725707631e-03 -1.855337567642143665e-02
3.151860933108779905e-02 -7.768616130130718590e-03 -1.872747915035114299e-02
4.370433734657282014e-03 -2.764269808782291241e-02 9.122371223897793313e-03
4.375961610882370123e-02 4.294498828837616661e-02 2.377343816095449543e-03
-5.941299996766489372e-02 4.492932454742958612e-04 -9.651473051300013539e-03
1.083686100335044464e-02 -2.669173261333220373e-02 8.249040777806936064e-03
2.753758551211008682e-02 -1.654062278457681372e-03 -8.425715853580024658e-03
-2.760393121012694965e-03 -4.018030631595316537e-02 8.797720845092601993e-03
1.043875029733590427e-02 1.845471121725025115e-02 4.829333522220943115e-02
4.095785999782823594e-03 2.469096220402310082e-02 8.552330262652112214e-03
-3.038264902904010481e-02 6.395444165368711908e-03 9.225482576851565556e-04
3.317128472852120397e-02 4.109250895289871808e-02 1.138075981883893140e-02
-6.648621610457591986e-03 -7.150480406675346901e-03 1.947612442536842195e-02
2.160601229521392705e-02 1.148112043421322011e-02 -3.732595610057809401e-03
3.226181930087322538e-03 -1.423057622577771769e-02 1.839164994883340024e-02
-3.339356424261422096e-02 2.014864618220550338e-02 -1.444345171664277068e-02
-3.566601231849388098e-02 3.452831874552867147e-03 9.723920081644694957e-03
8.864829266219330720e-03 -7.039772093197285523e-03 -7.332798233921622704e-04
2.947016490572942210e-02 -1.539302040069195042e-02 -1.134450066901651968e-02
-8.114657546931362125e-03 -5.871395529893601826e-03 -3.861357231756309266e-02
-2.704537613657334583e-02 1.064633240874531157e-02 -1.117566062369983529e-02
-3.742898599652446506e-02 8.432313155520763243e-03 6.207008575771924899e-04
-3.600306301738168124e-02 1.009483853414509802e-02 1.151158819164746494e-02
-2.941264496161780356e-03 9.659045242286898661e-03 2.980430262075962899e-02
-2.478554809689548569e-02 1.816537442933394836e-02 4.899096370302784449e-03
1.892541857985882703e-02 2.088199687865121071e-02 4.067927902101887983e-02
1.761349205372099089e-02 -1.015146342118378002e-02 -1.339829476346910894e-02
1.655083685704057672e-02 -1.323472329641843005e-02 4.401516950828687769e-03
-5.309129683895301433e-02 -1.509138445824231628e-03 -1.270634537000480714e-02
-1.996968853950046793e-02 4.633855089156214621e-03 -7.749990763753954182e-03
2.652447949305665464e-02 -7.682427178894685009e-03 -1.793619602487001724e-02
-1.884664863315516775e-02 -3.910411168507384877e-02 1.939172730255146748e-02
4.957232653814696178e-04 -3.316540119908679973e-02 -2.070249897929684821e-02
-4.340988037548604295e-02 2.606136413289149756e-04 -1.424116192556004572e-02
-3.573331186497342212e-03 -1.806597578278135857e-02 6.772431917194846746e-03
-2.328752695735537143e-02 2.029626532161814614e-02 -8.749617412499835836e-03
-3.143939434530034892e-03 1.870894518250344881e-03 1.970938415757169868e-02
-5.169975005861283078e-03 -2.863979856491387366e-02 1.282531555291870594e-02
-2.940878633630933034e-02 -2.294677364221904547e-03 -1.030615057906441624e-02
-1.061217414178121377e-02 -3.635350811207536947e-02 1.649076430618081485e-02
-3.748056520024276722e-02 5.992760140686049369e-03 3.958483278858362236e-03
-4.466966493741244409e-02 1.158419420443242663e-02 -1.688525479267461923e-02
1.003014235590343750e-02 -2.166534358003451011e-02 7.574489759921089757e-06
2.001382668222172895e-02 1.254866586991413950e-02 6.971772834456115529e-03
-1.790134001727869406e-02 -1.190442833101960224e-02 2.314155186354605043e-02
5.177753019547971097e-03 -2.091526934242297908e-02 1.265304519153750799e-02
1.742811171403469556e-02 9.819076611654074110e-03 -1.766938175825747206e-03
2.424116014011511167e-03 7.799280051938346434e-03 1.785217044670645709e-02
-2.531220866404202893e-02 2.396341558860413251e-02 -1.023281536910847223e-02
-1.023490880051454444e-02 2.549370507129635963e-02 -4.406034800350355622e-04
1.895285625303149563e-02 1.009662624773538173e-02 4.763337396049367733e-02
-4.289556074826940402e-02 1.226206828855674197e-02 -8.098994724056240296e-03
-1.784658508543920941e-02 5.442597882562141831e-03 -3.313151370856360668e-03
-4.197391311374184392e-02 4.222569967409301774e-03 -2.681107021331838487e-03
-2.440747385434316810e-02 5.014496052320729577e-03 3.252732461242928766e-04
1.303538473963166723e-02 5.022766468956320514e-03 7.816344139826484835e-03
-3.018824708710870185e-03 6.715808429223596096e-03 2.780714230685661648e-02
3.478215693458405755e-02 -4.204340867688859985e-03 -5.429284376402943035e-03
9.543724557305252251e-03 6.001427118686209448e-03 -5.522998655940995413e-03
4.832074328981024935e-04 -4.068334536171339111e-02 1.266224979876066047e-02
-4.657193612750828819e-03 2.188969866899252367e-02 7.630141247246412586e-03
6.655442092569613562e-03 -2.767368917685263455e-02 -2.293638117608160810e-03
-1.328426366987043618e-02 8.732191605070036000e-03 2.925623314007294584e-03
1.485628435775687706e-02 -3.898728594101594225e-02 -9.855153254156956075e-03
-1.128067787520968188e-02 -9.035064192861246707e-03 1.889942899296892520e-02
9.867096565080946124e-03 1.680148961884825667e-02 -1.000347422581937713e-02
-5.603236663196386851e-03 -1.568278157832303510e-02 7.979782491209477108e-03
-3.152696967610496559e-02 3.035091650308819992e-03 4.863605956621366334e-03
6.339379657091411685e-03 -3.733713498943125320e-02 -1.511570610023698497e-03
2.670083004026024050e-03 1.849788710744821110e-02 1.653956594817692499e-02
1.794070356635420888e-03 -4.028779218105218302e-02 1.562373816497729384e-03
-9.054390406076938402e-03 -3.945123875528638163e-02 1.276415782916243309e-02
1.858505292680619897e-02 -8.125903267614118658e-03 -9.480462730771303109e-03
-3.827503556065269246e-04 3.349682736324999005e-04 -3.934822078279860691e-02
1.065699257108462111e-02 7.839111310351053186e-03 1.320224183338501722e-02
1.754706838764098081e-02 1.511527235926427189e-02 2.084072576223938212e-04
-4.760292664486166780e-02 2.580984453719755052e-03 1.918144336161818619e-02
3.509149152484885431e-03 -3.670542635837473200e-02 -1.174720620624648002e-03
6.579658522221590138e-03 -1.488743072915282677e-02 2.074690616367535698e-03
-4.117013214668889531e-02 -1.660975468667309904e-03 -5.885965587162928468e-03
1.904285407947249251e-02 -1.709326248634914294e-02 -1.245913310546564387e-02
3.823132416888609664e-02 4.750582622622107065e-02 9.814980244143869242e-03
-4.037018699086256796e-02 -8.075716374723118998e-03 -2.456005301827272197e-02
2.841750228484701823e-02 -3.239803314869532224e-03 -1.075052688826669614e-02
4.232519193836459053e-04 -3.347985605423049738e-02 -7.171296955075456836e-03
1.874485766157042016e-02 2.034004801921119807e-02 -1.179651619753072957e-03
1.550000737323480732e-02 -8.910006636920264622e-03 -2.126762097822713915e-02
-5.371916735580439806e-02 1.390978251265740165e-03 -6.750388361742134906e-03
1.482175306549203195e-03 -3.837956361646067266e-02 1.164475398749155455e-02
-3.569541214376806965e-02 2.219221767366804331e-04 -3.356928633536251927e-02
-7.024210673987801856e-02 8.107836837046376866e-03 1.273650661183972285e-02
-7.148466787642992516e-03 -3.361867085811179323e-02 2.000967441518980774e-02
2.063784371469861226e-02 -1.378564943102989458e-03 1.107686966222779477e-02
4.194857144774765539e-02 6.947572849222372927e-03 -1.705310068100436907e-02
1.850673003056709648e-02 7.359268946086626982e-03 -6.443706094075790126e-03
-5.997646265464995352e-02 -1.237000165490182574e-04 -1.239490224053071445e-02
-5.955309306624259613e-02 1.723611430564524552e-02 -1.558870187062834194e-02
-5.763874773911110277e-02 1.966544715501610668e-02 1.119145751510191265e-02
9.809152637023097268e-03 -2.411435445148963838e-02 5.196431299984038098e-03
-3.325438362417714594e-02 -2.747095418953005713e-03 -1.326949237944654268e-02
8.064382306707895340e-03 -6.387288463348378409e-03 -9.718215470847919564e-04
5.140599605461905475e-03 -1.999554381416942909e-03 1.322317783509175358e-02
3.338137154641806353e-02 -7.144001147802168591e-03 -1.553132252855823209e-02
6.496809057901651446e-03 -4.795566565397948317e-02 -1.208643213015075241e-02
-1.289673276559228157e-02 1.312414103123563450e-02 4.983333776962130431e-03
-1.564553713925668360e-02 -8.462347901527104976e-03 2.146059283350914421e-02
1.742618502323705493e-02 -6.905415819342286543e-03 7.363864902286945159e-03
-4.866362279849907602e-02 9.333223574468908074e-03 8.568520978106243177e-03
2.745778083502960557e-02 6.309023500443516896e-03 1.804182734072178789e-03
2.231896983573040602e-02 1.569727265307811065e-02 -6.759124008658740426e-03
5.696623280561900586e-03 1.482823522056356778e-02 -3.159247731637318882e-03
5.626472879702216871e-03 -4.570808776977613314e-03 1.573269034938685682e-02
1.478222880041615492e-03 -3.175338424939928156e-02 -1.548774137275165351e-02
-3.507384388483453935e-02 1.113978851476095724e-02 1.176710587843129811e-02
-1.334919321668194634e-03 -1.730089853925587118e-02 1.264417670597483244e-02
-3.630608431395101338e-02 -1.319469360028769668e-02 -2.814466195801607756e-02
-2.013461588543449463e-03 2.337195178065757870e-02 -2.944344485722551804e-03
-2.240234696227311542e-02 -2.578186299028236220e-02 2.523498008581394336e-02
2.583790110953269881e-02 -1.046532242576143391e-02 -2.275130877727910353e-02
3.133796092515990419e-03 -1.605390259942816172e-02 4.108864455732964653e-03
2.203035422531942136e-02 -3.026824490652357293e-03 1.779024670353053506e-02
1.228201419782444341e-02 -1.978795006258124087e-02 4.404381258692107413e-03
1.435576632564793294e-02 -4.365075823650883119e-03 4.230864907825355667e-03
-1.782111320890998260e-02 -3.256856979283678094e-02 1.276556481814524781e-02
-3.952350798782134494e-02 1.689862548020973701e-02 -2.392497283636332947e-04
1.679351886782645686e-02 7.129564902494551007e-03 5.121293776864841406e-03
2.767150329167490305e-02 -1.687649770227765689e-02 -9.522978747758334070e-03
3.443730521536985528e-02 8.194533970155165343e-04 -1.456387461532593873e-02
1.828750329234539104e-02 3.081447453076932574e-02 1.139309414900053878e-02
2.863234961894006725e-02 -4.361533781402532643e-04 -1.649726585359748143e-02
4.570876012974814384e-02 4.549117918848155639e-03 -1.839425487863414338e-02
1.246481252740326388e-02 -3.643591555418320554e-02 1.132746457119496869e-02
-3.759064494189127015e-03 -3.942288328342087589e-02 -1.254946555248337599e-02
-4.480587401597002466e-03 -2.685544888357381185e-02 3.815706739095175559e-03
-1.037826957906007666e-02 1.507204153851009838e-04 1.917319475025067166e-02
-6.169224991317460993e-02 4.309817976259854716e-03 2.392833498609693978e-04
-3.876351889726699362e-02 1.944725151867578855e-02 -1.090644872754724208e-02
-4.872697137006453544e-02 1.536248335612489836e-02 -1.536742717658875004e-02
2.701279687609798447e-02 4.102408547978646930e-02 1.165834462293248962e-02
2.549374734172333776e-02 -1.250935039233683557e-02 -1.723073134518192037e-02
3.022945667061218908e-02 4.079371290663557498e-02 1.874836326282460289e-02
-2.420860572771886196e-02 1.345596491803411135e-02 2.825128164818230779e-03
2.194011937279614910e-02 2.645976949060232716e-02 -7.978946080031691993e-03
1.799172102046346644e-02 -2.630651779256098360e-02 7.096438328387760612e-03
2.381283716783708787e-02 -2.241383622698140191e-02 -1.532865432424430387e-02
-1.337728793069082982e-02 -1.360369847841150226e-02 1.902089919142210817e-02
-1.968138828628656061e-03 -3.726870893491245063e-02 -3.319685527921084622e-03
1.433983563054199058e-02 -1.809940185352236844e-02 -1.693197109113383017e-02
-7.972501571173381055e-03 -2.463743435181970157e-02 7.995667313874207580e-03
-2.929629974427268302e-02 2.428707142871960531e-02 -1.327132894385331559e-02
-4.634499060423698247e-02 6.156408718269366876e-04 -1.194872798507860302e-02
-5.796163111993465206e-02 -2.470118448684486146e-03 -1.744608810700083376e-02
-6.629486808390878082e-03 -3.353193777294970201e-02 1.245322289266463656e-02
1.366265716061640031e-02 -9.569082769188512819e-03 1.199843710548484030e-02
-2.042078266304805934e-02 -1.560984141174092538e-02 2.017526625246601410e-02
-1.385184939589911325e-03 -2.237992616505447147e-02 1.777918761110177173e-02
2.551910618072579517e-02 -6.307547916661156856e-03 -1.801399384562889922e-02
-9.810835814081098061e-03 -1.198818524798292255e-02 2.205165619350954453e-02
-3.698644393753352470e-03 -3.701586060015445850e-02 1.305905905469642407e-02
2.830217193397989092e-02 -1.510966588346956312e-03 -1.907469015468905849e-02
-1.761434785221173416e-02 -1.588784316640742475e-03 -2.633472063943450084e-02
-6.381902308840315362e-03 -2.380237897728131741e-02 8.512348341191761786e-03
2.007604341784024766e-03 -3.821690180421025151e-02 -6.675175652963917516e-03
1.617158112458947847e-02 1.187884855989163047e-02 1.161200741430551582e-02
-3.818293167954478484e-02 6.350106689180459556e-03 1.084002394443338464e-02
3.221677589790745283e-02 1.254040459411488381e-02 -2.032982215030135556e-02
3.092536739402812138e-02 -1.101774218036513132e-02 -2.219193295032273125e-02
2.023794152880416947e-02 -6.827644579214956280e-03 -1.227297638384713778e-02
2.343317264560972057e-02 -6.661930315214591343e-03 -9.822486920512244618e-03
1.211617686106566776e-02 -3.610454138556091434e-03 1.721491872251659436e-02
-3.735098983907942510e-02 1.090207915559490877e-02 6.902296023514062698e-04
2.004398517874752053e-02 6.272979841343218543e-04 4.684766196367741442e-03
3.372833736637732838e-02 2.747331026991824132e-03 -1.294627129574750166e-02
-3.729639652734365041e-02 8.246613979586814303e-03 -2.450986817701993948e-04
3.734405294656115148e-02 1.547447393573073843e-02 -9.196077314475140790e-03
-1.853792376322961274e-02 -1.048976242854646884e-02 2.456789762570944780e-02
-4.168055518816511282e-04 -3.797674745508701488e-02 1.220614282727025199e-02
2.713391168091706940e-02 2.426018793811781770e-03 9.697957390829389790e-03
3.725950417618734828e-02 -5.799583988699996305e-04 -3.498839690028231284e-03
-3.774145587284900155e-02 -9.285771707788131879e-03 -3.003867682834450784e-02
-4.535954461647878806e-03 -3.993805493706836796e-02 1.700502808168822405e-02
-8.449707917602522055e-04 -3.916178423731816322e-02 5.686580949492453518e-03
-3.662098687636345523e-02 4.184362563643014704e-03 -9.031203801440720880e-03
1.064052321473837708e-02 -5.735159945974985067e-03 -1.614149977741474382e-02
-1.390438613127910165e-02 1.894485493395932710e-02 8.594198644839793483e-03
1.477153329674039950e-02 2.440722748543414089e-02 -7.396327021532726406e-03
2.237853256488003817e-02 -1.849447310396734948e-02 -2.681610982792606047e-03
-2.883139630917198534e-02 1.560994057993026971e-02 -6.798145605463968254e-03
-4.461839603449675729e-02 1.902096250726765733e-02 -7.387691996235101408e-03
1.377073358945254782e-02 -7.646567698474609695e-03 -6.810010780299345992e-03
-3.298613611545244545e-02 8.092345905535036632e-03 -4.778016770358809243e-03
-1.686864036486693252e-02 -1.881283398553227400e-03 -3.063479240227276815e-02
2.202728866915649227e-03 -2.033114471960124556e-02 2.889885779990963768e-03
3.295251456165429471e-02 3.389164120942484825e-03 -2.723244241035760807e-02
2.590086138211450395e-02 2.905527414684574289e-02 1.182741109986705334e-02
3.648531402912563032e-02 2.663168329793368788e-02 1.134084802491046491e-02
1.952838873181428347e-02 -6.869257082020146024e-03 -2.483326038663529953e-02
-2.278988462881055554e-03 -1.266415389752727043e-02 1.436234787387331673e-02
-6.205145629785102342e-04 -1.430168947709770273e-02 1.899986742912661980e-02
2.243216543362473725e-02 -5.969891475846179907e-03 8.537632967405743914e-04
1.187415142565683389e-02 -5.074966964743500564e-02 -6.330973971329198653e-03
2.141659880502029545e-02 -4.570178440356014392e-04 7.690069088086862355e-03
-5.289598318977607044e-02 1.969100704384593725e-02 -4.391106865148494166e-03
-4.456585215246616077e-02 1.121506945322542706e-02 -2.644630258525365596e-02
1.897004199916750566e-02 2.752512405714036686e-02 1.642534152006512593e-02
2.545190702198824387e-02 2.560801087332256060e-02 1.298922388401002430e-02
-4.417890271150781700e-02 5.613089846128210825e-03 -1.363610918339665593e-02
-4.125732311311713224e-02 2.114678043149280373e-02 1.291892145811186082e-02
8.885981902999677898e-03 1.269241927534034984e-03 1.085184393263219881e-02
3.004644100326870487e-02 -1.750408943066088284e-03 -1.763910579509195969e-02
1.544669072585023659e-02 1.621240289872687493e-02 1.360458278213909702e-02
7.706521952507011664e-03 1.336839115621133757e-02 4.056817616542810617e-03
-5.747723378759552956e-03 -2.152248579440485185e-02 2.281792626226294713e-03
-4.062300952463038586e-03 2.825191488663098688e-02 -7.004351086172812615e-03
-4.883785966351492785e-02 -3.153739647081906742e-03 -4.258168127692490805e-03
2.088192956680222454e-03 -1.045293054895482868e-02 1.246535348925744725e-02
1.773572393703507985e-02 2.920300216908986932e-02 1.236582203175490627e-02
3.628063497320919290e-02 3.567050361542579290e-02 1.337516089257462411e-02
2.657401733888947390e-02 -1.205668322778817581e-03 4.615935068604365074e-03
1.772088468476032755e-02 1.078268178980864699e-03 9.767800524631529719e-04
-1.062972555578758568e-02 -2.087289063959037877e-02 7.952909253360417041e-03
2.523606589555671409e-02 -2.354130706745841128e-02 -1.446272311135409286e-02
-8.220181651479458937e-03 -2.949710639333463780e-02 2.380900939594196575e-02
-6.244025732836661416e-03 1.421084145762254673e-03 2.177055358547384106e-02
-4.775846918386101453e-02 4.673737549158660243e-03 -8.255568740284765367e-03
5.458170984259063177e-03 -6.703694145584462513e-03 1.301980622572147459e-02
-1.170206262992350317e-02 -9.150668418182850150e-03 2.286374038072141665e-02
2.015519347922803059e-02 2.954168517718530444e-03 4.736610028041026571e-03
4.717947170918471329e-03 2.231917722583214546e-03 2.110526029113594590e-02
1.942314466776751125e-02 1.366187880656467152e-02 -1.171719191515847684e-02
-2.620062147811361153e-02 2.429568793837457146e-03 -1.872797857231989910e-02
5.054323978805640161e-03 -3.243434664473618390e-02 4.084350742274022242e-03
-4.990635242661620175e-02 9.119680172332365192e-03 -4.196743075445021065e-03
-5.257838280974111433e-02 -7.919631336413627534e-04 -1.536625839327117500e-02
1.420624830656660141e-02 4.100174592054718625e-02 7.047295933158516899e-03
-3.310605196898493488e-03 -4.687359226594654121e-02 1.770370930993197048e-02
-2.933846566983187160e-02 4.655537250921845324e-03 4.002205669426565394e-03
1.572832011190626253e-02 -1.496309128373153260e-02 -1.507687828540160355e-02
-4.435625084478910310e-03 -2.271636424779443011e-02 2.525080448973257563e-02
1.307530773178022625e-02 3.818556362090677614e-03 4.116284212977794343e-02
2.214645106087888629e-02 -1.851434711738650027e-02 -3.481804038965569809e-02
1.743534073572743093e-02 -1.086786755514909664e-02 4.070328090021797102e-03
-3.974706912153553456e-02 1.256696480062933358e-02 5.580644118443505927e-03
4.186558778458480262e-02 5.232519380557718730e-02 -2.811523049543403034e-03
3.271278705586594393e-02 -2.745731556980549048e-02 -1.823772905294388305e-02
2.192313173927280812e-02 -1.608592179694351421e-02 -4.402658570928864347e-03
-5.646536495617605900e-02 -4.016795502508888754e-03 -1.074884832869649545e-02
-5.090566995290638636e-02 2.533588381301167536e-02 -1.016165783196745082e-02
-6.885339253783870350e-02 2.180632997236928855e-02 5.483565062232592484e-03
-3.755540899196551340e-03 -1.755232728186533961e-02 2.111941860664066917e-02
-1.817698592414084338e-02 1.248125771673889994e-02 1.175630830081630072e-02
3.054473307677654879e-03 -9.360308015364714185e-03 4.837616385689188364e-03
2.617072652308474745e-02 7.412925243720947834e-03 -2.186605222020256666e-03
2.457979396694526513e-03 1.886745265796240315e-02 -1.565105006529594368e-03
1.099834478557948185e-02 -6.464607778379382252e-04 7.520611768327039107e-03
-9.491823098865558028e-03 1.128011862508140721e-02 4.857764343644169203e-03
2.481729461007648255e-02 -3.869169015066630662e-03 9.200975508579983808e-03
2.277610396926161435e-03 -3.768995403703163938e-02 7.735698015193169692e-03
-3.067264855583109670e-02 1.530079479573960392e-02 -9.333439491972808644e-03
-4.291967789019864900e-04 -2.895815609711190064e-02 7.243020657470978889e-03
3.525009590668835152e-02 4.937037868734634599e-02 3.655316088092694631e-03
1.411247574667354697e-02 3.150224980589443058e-02 9.447615928547271544e-03
-1.837652564047456694e-02 -1.608618642786680680e-03 3.482586338571866912e-03
-2.775348715411526251e-02 6.223477257597760659e-03 6.568000766856448187e-03
-1.843313420028360947e-02 3.539093254670836169e-03 -2.506240539542871609e-03
2.862465635239249892e-03 1.585862875410173206e-02 3.447969461301973564e-03
1.636883766412541158e-02 -9.637237771322805860e-03 -1.543040394547700797e-02
-3.094251324163892897e-02 6.390002685189538449e-03 -1.210218359860871541e-02
3.073935056640214949e-02 3.687619551353516628e-02 9.773838539148423793e-03
-3.324980801662217461e-02 1.584005896984363657e-02 -1.610925523323995454e-02
-9.048914361683164237e-03 -8.159604056876266706e-03 2.421479726642815009e-02
5.365178096611514756e-03 -1.867779279205269982e-02 -8.394283355299717378e-03
-8.808762089435614659e-03 -3.444428278755008038e-03 1.701977758255662776e-02
1.778007403218194102e-02 -1.032078957210791174e-02 -2.089021578641696644e-02
-6.148464118941821682e-02 7.801348485215480258e-03 -2.057567032800820470e-02
8.207013058788245954e-03 -2.719576704988287477e-02 2.556589364413117040e-03
1.269304673783226006e-02 -3.339661033979439333e-03 2.130141154027596559e-02
1.875579138987118130e-02 2.447448214707010489e-03 -1.195095213899886053e-03
8.684631837514512551e-03 -3.861622656719883653e-03 1.617085939082612764e-02
-7.071128913440978547e-03 -3.809971015834913433e-02 2.721640682217900224e-03
2.816009639839034406e-02 -8.666902828270881334e-03 -2.457283614236504057e-02
-4.384673057443227301e-02 1.772485465305886909e-02 1.240847581796354800e-02
2.576137898978046042e-02 -3.138773202925122102e-02 -8.884571572395413147e-03
1.356956239798511868e-03 -5.010937430272061066e-03 1.665237156009667999e-02
2.590836106789504503e-02 6.478046211498993991e-03 -2.428611132508455908e-02
2.548253291221736633e-02 2.491699069664163671e-02 1.572892462440304145e-03
1.728672154830539903e-02 1.450969624130567411e-02 7.101458875939110904e-03
-3.867256397481571434e-02 7.561699702366460850e-03 -1.054898643380192992e-02
-4.237466867763906020e-02 -5.008975388395623535e-03 -2.222763846038693439e-02
2.002226528812220407e-02 1.495055859319364099e-02 -6.401606464424730233e-03
-4.804564683379012463e-02 -4.510380103517718300e-03 1.514810937054035002e-02
4.616397968065424212e-02 4.934673973553662524e-02 7.680903009059270037e-03
3.504792885625895860e-02 6.943043980171085226e-03 -1.064504472774663486e-02
1.848075679456788814e-02 -2.145789015437307365e-02 -1.047839482023796807e-02
9.538847101506204088e-03 2.897070413200807798e-02 1.173101185417090020e-02
1.267394229324146464e-02 -3.853073974600787488e-02 -8.416187248629018736e-03
-3.610684566917427007e-02 -5.745917580035703187e-03 -2.788789450408108231e-02
-3.287597805741799845e-03 -2.712914020636024090e-02 6.125500862524415474e-03
-3.792550410555482754e-02 1.177264845769077084e-02 -2.890807750475291298e-03
2.312416922426538662e-03 -5.196413995883588516e-02 -5.308809888351957371e-03
1.289041334703323015e-02 6.513346724291216999e-03 1.134059299300828457e-03
-8.977382216528677697e-03 -4.224083622778266461e-02 8.882266804425291776e-03
1.655884764277757229e-02 1.753149598595914183e-02 -6.787721713677728058e-03
-4.510211447605797647e-02 -3.877610245631366460e-03 1.226352414641600566e-03
-3.180276060016409834e-02 2.651339996880959504e-02 -2.527271439127260280e-02
1.555449980138042844e-02 -2.882894046254466658e-02 -5.532706700395165558e-03
5.056381483018909141e-03 -2.990417983214308656e-02 6.991595269079112045e-03
-5.487160095921020733e-03 -3.507260132064447811e-02 7.640744320369517034e-03
1.271462046452117439e-03 3.703939923775615567e-02 -2.674506783961579353e-03
2.676699578549201347e-02 -2.249069419208804890e-02 -1.473186958851777605e-02
-7.114665565806832861e-03 -3.730840159633536665e-04 2.328250844781553502e-02
-1.759803499171758850e-02 9.023074291809910288e-03 -4.234697194584831695e-03
8.319039539796357213e-03 4.451869070990809377e-04 9.608991006668887551e-04
1.053585520183421449e-02 -2.719286592129432564e-02 9.654084239722077534e-03
1.591868067894921428e-03 6.015333526659343184e-03 5.729708273000887545e-03
-4.131716059733131496e-02 -1.305779883380148686e-02 -6.375883841472881550e-03
2.814877034906033623e-02 9.815114677813277511e-03 3.600508876651570440e-03
-3.072395160742045009e-02 1.616360744094231042e-02 -2.206723372629051938e-02
3.709887427931960087e-03 1.193057081280454561e-02 9.215821524041363164e-03
-3.266163223734590282e-02 3.137771975594057933e-03 1.359409024486989311e-02
5.570740965981467799e-03 -3.232526557897716368e-02 -8.862988118767956003e-03
2.656297061463765152e-02 1.561869167376396181e-02 -1.307784374269873977e-02
-9.456260062218160498e-03 1.720441494652694484e-02 5.389478602408387560e-03
-2.327727050409776101e-03 -3.833084200333567587e-02 1.195204331831204586e-02
-2.796001265016470616e-02 5.441342817261204945e-03 1.043548549482554641e-02
-4.488029599954835441e-02 1.508950069489735195e-02 -2.114012052897979235e-02
1.791178951513409945e-02 -2.329527358526888026e-02 1.817091543006261545e-04
-3.617663508116686355e-02 -1.012549057952952047e-04 -1.231445584202189164e-02
7.758295273407577949e-03 8.395624756026833987e-03 -2.454054313224372005e-03
1.778734516805389326e-02 2.735458568084693509e-02 1.452131209132840814e-02
3.613982057411580656e-02 2.333588961035504804e-03 -1.994095219090869994e-03
4.714746391760357355e-03 1.684613663996264998e-02 8.827241863482270922e-04
2.945372533973321730e-02 -1.382763999080640661e-02 9.407485975248954663e-03
2.686688451398216299e-02 -6.626475806270925618e-03 -9.483382269669835343e-03
-1.308478006846080718e-02 2.825321979381855558e-02 -4.865434609715579319e-03
2.813102038352736922e-02 1.382136621913810336e-02 1.378894970505071247e-04
2.827309767754064215e-02 3.618558673573814798e-03 2.397940532159800481e-03
8.640542356971543658e-03 4.063690129545290304e-03 -5.834903929505690009e-05
3.750326037790397121e-03 -1.939838195296126212e-03 1.108945575585390877e-02
7.268842822978792938e-03 -4.362962874377745992e-02 1.017718161029087728e-02
1.658242385568991714e-02 1.609681288794220788e-02 4.977052679578061745e-02
1.616172569487228346e-03 -2.461947246415745888e-02 9.301479440582757427e-03
-4.798762311261765140e-02 -2.196231617980648303e-03 -1.068845549178180226e-02
2.450917129406020994e-02 1.814621960353180949e-02 5.216551253662686819e-04
2.526146978230022974e-02 -7.423651966437102082e-03 -2.052951515824932502e-02
3.381269184940401823e-02 2.077056125569002112e-02 7.599991374448795273e-03
3.549041744566051176e-02 -1.553377511392619106e-02 -2.489170760424130879e-02
-4.385655855019991028e-02 4.708129923426021546e-03 -7.577048490519050147e-03
1.386304007569324689e-02 1.095814671523086779e-02 8.476206886502958516e-04
8.627789201789170734e-03 4.323976970101135048e-03 8.487093174587480998e-03
2.065124331035285421e-02 -1.419681453117532625e-02 -2.638783706206903126e-02
3.369317737722060668e-02 1.272824967906885547e-02 -2.178376935943881001e-02
3.886809543386725123e-03 -4.309084960225347677e-02 -5.064221648714359834e-03
3.382684453790914952e-02 1.227803913306671491e-02 -8.261229981217100768e-03
-2.633894446284055623e-03 -1.507584388478431896e-02 1.802954486390911243e-02
1.723109510666117131e-02 -7.152437163447318601e-04 2.532642385190103217e-03
7.209126373511278926e-03 9.102368272326929674e-03 -1.283890432786899188e-03
-6.636660606879481519e-03 -2.761648224785079667e-02 2.437484399112506764e-02
-4.704618816352203539e-03 2.161397906536613803e-02 1.826109386783800886e-02
1.406936910403936043e-02 1.946852631629405334e-02 7.718673082740952658e-03
9.736361773105469200e-03 2.678588090021290571e-02 3.023236125393067952e-06
1.289031498412014642e-02 -1.607802272208603070e-02 2.926002945590626229e-03
1.603577941918250468e-02 -6.617254439554508608e-03 1.109801454440689089e-02
-4.277808850550656079e-03 2.576181779184127940e-02 -7.645661067943551603e-03
1.375495172606305827e-02 3.104648670472294112e-04 -9.161206650482001460e-03
-2.936724576566605155e-03 -1.778852372170409632e-02 2.588534990909350381e-02
-4.885534981285998696e-02 1.008893459346126356e-02 -8.887286730931366965e-03
-7.974745725988821241e-03 -3.463400509178536646e-02 1.950108705282629223e-02
2.897064581659025695e-02 1.054827032026291016e-02 -2.331115443138587814e-03
1.276428228318460083e-02 1.650375792845920619e-02 6.956138669206407034e-03
2.589158016859826293e-03 -3.232627493508138244e-02 1.410474781680829022e-02
-2.047261892588839866e-02 -2.188688398665362966e-02 1.935404873101741197e-02
1.394154215191043510e-02 2.521740590250353201e-02 4.246493254335981238e-02
-5.720374222548890025e-02 1.181708289080107485e-02 8.145246585924709876e-03
3.093858026146719883e-02 -3.836924111042261561e-03 -1.432935815539029649e-02
1.617819381425508046e-02 -1.790770621651503400e-02 -8.855265673977475577e-03
-1.070637284542962087e-02 1.385512890541661969e-02 2.324822231436504683e-02
2.059242054080778761e-02 3.570061885650243163e-04 -2.784906381721511531e-02
-1.196012902311945070e-02 -4.021690277050889162e-02 1.552068715930314188e-02
2.512711215278961088e-02 1.505154076017629731e-02 3.892783038479230573e-02
1.284155153524558233e-03 -2.618176051101848978e-02 1.009665783227918327e-02
2.360595473731618658e-03 2.767845636900600342e-02 1.617044086739637121e-02
-3.075928221764269790e-02 2.104357311480134843e-02 -1.095336761890087357e-02
3.388192662394087871e-03 -3.323562396418298925e-02 4.870055479126577692e-03
5.383357011899247285e-03 -3.586739621776745962e-02 -1.356017978089756222e-02
3.084827205160597247e-02 3.650952399712236590e-02 -1.335300368105078793e-04
9.507099555935885626e-03 1.855797361568177484e-02 6.085379780893003174e-03
3.350457272032516393e-02 5.136412542010262983e-02 7.004604324458661539e-03
-4.688811022290899355e-03 2.011832249784865911e-02 -2.618468100812361811e-04
3.425300098614341565e-02 -1.549141605275331998e-02 -1.925885119279853452e-02
3.154491785176145868e-02 -2.809127767689277230e-02 -1.671545260864430379e-02
-2.115743536729096722e-02 -5.029258890264635441e-04 2.611268738521715579e-02
-3.550599428974396399e-02 -2.424686348894831110e-03 -1.054332996598036747e-02
-2.078369895642594514e-02 -4.169873442811543665e-03 2.074520651505035868e-02
1.835047522590839766e-02 5.673998649031577156e-03 1.436578722976454732e-02
-3.799171303253508908e-02 1.722567980908507046e-02 1.226560742564587227e-02
2.323156264670468013e-02 1.268478066676160653e-03 -7.869466007315879114e-04
-2.588393320464855204e-03 -2.639916873468835246e-02 -1.270933809295785250e-03
1.119820577038397810e-02 -3.207525778081093959e-02 8.507808153732466377e-03
-5.981534114507885101e-04 1.384755568917541736e-02 3.511033435855951800e-03
2.059776469313852332e-02 -6.507320800518467951e-03 -1.568008162719677565e-02
-3.631138470087449249e-02 1.026727437312316936e-02 -6.755481779714011918e-03
-2.939162649999041421e-02 9.824540283422174280e-03 -4.146584797439613508e-03
-8.907907967201393259e-03 -3.520011394715846093e-02 1.524499966192342099e-02
-1.501698200392994655e-02 -4.920599553774047778e-03 -2.914943113886643219e-02
-3.897130313647984706e-02 6.007446443485367190e-04 -1.528583388240027305e-02
2.701163993393223064e-02 -2.236906900613948659e-02 -2.154008227565985811e-02
-4.862716385410518344e-02 1.436070827539783108e-02 -9.934833782551524134e-03
-1.895283348670449841e-02 -2.073119463758989894e-02 1.956458967016729694e-02
-3.422960757202143933e-02 6.745086429269476699e-03 2.043532198452428783e-03
4.067381736841050102e-03 -4.078250506736946085e-02 1.493959205385867080e-02
-4.770146728921650231e-02 -9.875283452354504873e-03 -2.167302836491895660e-02
5.111712963638719714e-02 4.574310179097062362e-02 -7.954642011321401765e-03
1.904653434005632376e-02 2.222738083752238969e-02 -3.273801946966182781e-03
-4.463165707398757120e-02 9.930821705635485205e-03 2.204227601753820393e-03
2.266409388963293910e-03 1.534858061217300729e-02 1.003321013051301433e-02
1.630017036738404604e-02 -1.682367387519836943e-02 -6.422847126800300052e-03
-1.185651359529585683e-02 -3.768478222034248731e-02 1.804945441352846444e-02
-3.329823552827082533e-02 2.882689944482311282e-03 -1.676763709977056524e-02
1.031558453601062221e-02 3.260361998052034929e-03 8.523917883575595281e-03
-7.554758814161288694e-03 -2.691799369195079644e-02 1.240962599149464385e-02
2.000878816284954245e-02 -3.705545280789241877e-03 -1.475917062409550472e-02
2.278122313247505151e-02 1.415538583567463315e-02 5.474601164350193991e-03
-6.316905475437120665e-02 1.033436464745461809e-02 9.963128815755810039e-03
1.594058452299075210e-02 1.099289179307883814e-02 4.747286405115311997e-02
-4.037232214587170576e-02 1.040591741703038179e-03 3.290100186723000572e-03
3.724317519995506282e-02 3.297389131883999430e-02 5.618494000703072935e-03
2.793900065148736435e-03 1.504254530579837018e-02 6.626880016920582914e-03
-7.479577286668557222e-03 9.396647388240515417e-03 -3.709277966134311849e-02
-9.106578196935777303e-03 -2.776540836477899010e-02 1.249528711066265514e-02
3.485537776070326416e-02 6.881533739761607447e-03 -4.452827104830569052e-03
-9.318018550168854011e-03 -1.529927000180737219e-02 1.093688717574046142e-02
3.373275391063081802e-02 8.544446271255076372e-03 -8.168559968649159730e-03
-8.240762549651010904e-03 -1.228188877168478500e-02 2.827455937548491519e-02
-6.120757081024692098e-02 2.407875074068174803e-02 3.376793582172975955e-03
2.360081066220630353e-02 -2.882596638931762822e-02 -8.921583741024934414e-03
2.249826765545647270e-02 2.737647399863742462e-02 2.308961060609817945e-03
-3.729347191302105624e-02 2.674984375455540073e-04 -1.812362316087914524e-02
1.851972562493258215e-02 6.787407487358441439e-03 4.699130910192889088e-02
5.572619245961156834e-04 1.762935986673661373e-02 1.337798731860071269e-02
-3.379560655457888689e-03 -2.052202095294746939e-02 1.392109058481440058e-02
2.515315127291338840e-02 -3.852287833489168555e-03 -1.136832542986280017e-03
-3.669568382328564776e-02 9.354373377018793817e-03 3.710167572641785445e-03
3.327623490421346367e-03 -5.825273233243347549e-04 1.105466804324005924e-02
7.198372043748983359e-03 2.779078790994535947e-02 9.923292414776845038e-03
-8.003761992311026613e-03 -4.177229443725657097e-03 -4.865052218716388321e-02
3.589903970838805719e-02 1.676850341940427230e-02 -5.665345784842924608e-03
2.403439647360539055e-02 -1.225608833823855527e-02 -2.637589044142815350e-02
3.195056306127024709e-02 4.505630148198788709e-02 2.296837495387913861e-02
3.487254719299383993e-02 2.127134709798327375e-02 -3.369160435091879142e-03
-1.146823519291343373e-02 -3.244938261839184351e-02 1.281418439892396434e-02
-1.441745887722294811e-02 2.839032556097922499e-03 7.820468626305350154e-03
-7.008282427232487462e-03 -1.644707487253177502e-02 2.060194166193900570e-02
-5.636009097122451341e-04 -6.289615291048981059e-03 9.668635666632969389e-03
3.593596762649811649e-02 3.796038604829040514e-02 6.915531419059287206e-03
5.580680916366486354e-03 1.876590920398587756e-02 4.193080865852121626e-04
2.156644516351888599e-02 2.106140729341877613e-02 7.985467532187586967e-03
-5.944708452591917353e-02 1.863898930665698617e-02 7.507926608404200119e-03
2.924172188114221305e-02 -1.373410563554474393e-03 -5.680033080339288304e-03
9.074515133646675336e-03 -4.492438109799429258e-02 4.782929937173601960e-04
2.481496435815536486e-02 2.065593444957057948e-02 -3.327352002257500611e-04
1.357809727406526952e-02 1.684605805110542948e-02 -3.117361295530628532e-03
3.218823080089271843e-02 4.382340250220587846e-02 1.096830223232144949e-02
-3.839066476655387389e-02 1.939930932110406347e-02 -3.503030632337218579e-04
7.603172393427535397e-03 -3.588184019777809070e-02 -8.319667579286191272e-03
-5.455576614209984437e-02 1.276553821050788878e-02 -6.761153767025809835e-03
-3.271670421011590307e-02 -4.287592600032559022e-03 -6.501906473813308905e-03
-1.760919466254997397e-03 3.548771838268915957e-02 9.561917494858032662e-03
-5.649979980085975554e-04 -1.689418341010635871e-02 1.264216437841899320e-02
-8.895762688931838644e-04 1.239306873476701647e-02 4.862698736511009666e-03
-3.514988778934875768e-02 -3.488582919390104033e-03 -2.317184917456754922e-02
2.718474750186852546e-03 1.836031462201541051e-02 -1.197102780306230803e-02
-4.547917908635053935e-02 7.037868188624517990e-03 -1.152333468125741646e-02
1.279546610638179760e-02 1.339339571911933331e-03 2.032981293964069344e-03
-4.194549487781345370e-02 7.038201954441473777e-04 9.979060866583700298e-03
3.355295100364255600e-02 8.130986572528659017e-04 -2.565296235389963667e-02
-6.157457921926590139e-02 2.846220650725823573e-02 3.852476443879126675e-03
-1.011560632265801860e-04 7.149792334649059632e-03 4.718773729449795597e-03
2.329304587203081742e-02 -9.124866536085293051e-03 -1.790645849489651276e-02
2.227277890598148083e-02 3.313446983872139762e-02 1.440990262393060904e-02
-2.550553459482819522e-03 -2.076147408160279595e-02 1.599554853387098741e-02
-2.184178258201611642e-02 -3.455928776645217360e-03 -5.946468250373349550e-03
-2.169755575292343485e-03 -9.906886186763911792e-03 1.376824357961660590e-02
2.830109462938069226e-02 2.092908344087333374e-03 -4.686043194265108319e-03
3.027446641378338243e-02 -2.405756114671613998e-03 -2.545980664235375154e-02
-7.163088593474629430e-03 -3.295696654464388975e-02 1.581825544175351900e-02
-1.700363302210505106e-02 -1.038216116167407950e-02 -6.364272425401269577e-03
3.760611368835298641e-04 4.728776644503381726e-03 7.567164282891480562e-03
1.550859595505734746e-02 -2.404266132843435252e-02 -2.012255090865745083e-02
-3.329103651166454014e-02 9.634814413243623574e-03 -2.007731995841441873e-03
-4.579451672256486944e-02 1.208871530052509427e-02 -6.965610827613286614e-03
8.560320518146077862e-03 -3.338784642074471565e-02 2.435643580880757914e-03
-4.673423416003611233e-03 -1.804889245081915672e-02 2.499289750195546767e-03
3.128033022834973004e-02 5.981829282716157698e-04 -1.536148406096007717e-02
2.120410164011892612e-02 1.578464488634336374e-02 -1.357105362615232749e-02
4.938548831991029960e-03 -3.943476866649065632e-02 -8.732395980559571474e-03
2.345710325871970536e-02 1.274432097191547167e-02 -6.809081921087676431e-03
-3.351923547552702887e-02 -4.195792866163306281e-03 -1.137279010800172629e-02
3.540120758447065641e-02 3.023165447310094400e-02 4.426236956385350314e-03
1.655119474414615613e-02 -1.234280260469573613e-02 1.249568371611134779e-02
-4.954495863347578924e-03 -2.347466063253720106e-02 1.804708027564451422e-02
2.547365269629553453e-02 9.824672246771457007e-03 -3.796208099258210292e-03
2.030212590924473232e-02 -1.354477518338976713e-02 3.782875994625019278e-03
-4.539526238093508081e-02 7.437116225056968413e-03 -1.313596976627326267e-02
2.885409994993781355e-02 8.292149525604012097e-03 8.795027200998346839e-03
1.245174147968035328e-02 1.668288639385347855e-02 4.610079996832737448e-02
2.286314506710772701e-02 2.188430646059421562e-03 -2.777694483836618683e-02
7.756932886773275707e-03 -2.391108897965932290e-02 2.320844014686285033e-03
4.683423328517464027e-03 1.905203205739550848e-02 4.005482662211379795e-03
-4.160858767457175506e-02 1.730637530305402863e-02 -1.204274604993353821e-02
1.973987718162126953e-02 2.167690539865320745e-02 -4.221126751297301564e-04
-1.732402320397603487e-02 -1.781576897359186951e-02 8.971918134278236701e-03
-1.167099369870795884e-02 1.039631589438578911e-02 -7.557308275304800435e-04
2.785131777764544500e-02 1.067450220631559199e-02 -6.579103746880216735e-03
2.676414290243599864e-02 1.134278144092561343e-02 -1.088991304204191442e-02
2.013896046635156069e-03 -2.970794733614163033e-02 1.660199067330508579e-02
-1.094728036849968063e-03 -2.434084705041504246e-02 1.350984470449415054e-02
-3.560045796893544778e-02 5.642329005323153991e-03 -1.026360176047768843e-03
1.945815159647586211e-03 6.948710605352865360e-03 8.884989763232532117e-03
2.259243381441208842e-02 1.742039034864309595e-04 -1.163011742582991011e-02
3.049275545849886720e-02 -5.457855932968622668e-03 -1.327817163335437423e-02
-2.834822403430749260e-02 1.395775014238954774e-02 -3.354240296396586180e-03
-1.164152032824900332e-02 -3.430697066410556828e-02 1.426171351825541306e-02
-3.545885273004971416e-02 1.151655841159123991e-02 -6.489665690634598486e-03
-7.907179324640998402e-03 -1.192224663534534324e-02 8.275453981457422600e-03
1.552162411234211947e-02 -5.125498137709934288e-02 -1.484300212032887978e-02
1.935590613331497969e-02 7.735687223600369762e-03 -9.778989659884461394e-03
-8.322265346857149471e-03 -2.723922220925322976e-02 1.662453404394680090e-02
1.673685902808306342e-02 -3.390404705521420092e-02 -5.485033226552659714e-03
2.464192703901423379e-02 -2.012495462600336071e-02 -2.630525253313235889e-02
-1.236106800682978089e-02 2.525772313843149125e-02 9.931055633536484822e-03
2.537192069048538681e-02 4.521756934227329217e-03 -1.981738357092507202e-02
2.428731563422228956e-02 -6.756452725480742785e-03 -2.378861954193049744e-02
-5.721026147206555688e-03 1.548912303226947576e-02 -1.212234158774400713e-03
-4.233011405410784522e-02 6.774764805109268276e-03 1.527974249143563244e-02
2.006016218986471540e-03 -5.016337020035618877e-02 -1.255236164470856230e-02
2.248111869671971449e-02 -1.853908773184503173e-02 -2.170190715818512070e-02
1.688619534535981334e-02 9.886989738592120297e-03 4.330596707427258885e-02
3.851848806314310536e-02 4.676602677758960602e-02 1.192821959107566963e-02
3.259277721155048185e-02 2.519760589497750669e-02 -1.050542849643892190e-02
4.239109759484391282e-02 4.652053210858976551e-02 6.066341500669000450e-03
2.776944572825764193e-02 1.476706333178064851e-02 -4.980999243875867261e-03
3.186530075665754136e-02 3.643412167216569103e-02 7.972987742879607612e-03
1.033762165978921108e-02 -3.010293129981233759e-02 8.320066962018462381e-03
1.612180284391563634e-02 -2.321779891342655791e-02 -1.189561807003739619e-02
-6.744758002582251777e-02 1.836470710005009763e-02 -4.652275305920840730e-03
-3.477561215143444573e-02 1.226311200173104028e-02 -7.974370195898914868e-03
-3.972787852474452333e-03 -2.502178554044341349e-02 9.984653807638091405e-03
4.400734132209226795e-02 1.018745819822666505e-03 -1.613903030662670185e-02
1.236418663520328677e-02 6.903193897095896009e-03 4.977914670593736046e-02
-1.445460824022774815e-02 6.128661902719175218e-05 1.811043959882021812e-02
-4.233041403678222681e-03 3.307429547775681336e-03 2.429365023828066947e-02
3.609750625670980068e-02 4.917721646226323219e-03 -1.641349649174295849e-02
-4.732653167205244649e-02 1.466395076486358938e-02 -9.907458575196589207e-03
3.354775619659474545e-02 -2.222051269650739125e-02 -1.811853132321921550e-02
-6.767450791305396583e-03 -6.534752798522417902e-04 2.020514317355233402e-02
3.547472773699560794e-02 1.288807713627257261e-02 -1.367664407723573165e-02
2.030544002363875167e-03 -3.825870668719705964e-02 -5.181669168416941709e-03
-7.522787986654947377e-03 1.979099851411716265e-02 -1.181871830105322724e-03
-3.756954573953021070e-02 -7.849118934308681184e-03 -1.322514564539675232e-02
1.380484534100701217e-02 3.146424367098941272e-02 1.186823519635691118e-02
4.676095480998837886e-03 -3.803790621488956081e-02 1.159727224851507359e-02
1.063613034885793965e-02 7.866149924631256340e-03 2.877473865847274704e-03
1.406360398734813558e-03 3.198735729689997781e-02 -2.141166590186982521e-03
-8.274180534763699371e-03 2.384438384810428843e-02 3.954063026258117057e-03
8.500665946435514292e-03 2.386453929964164195e-02 1.084415257310633249e-02
-3.052831900162346779e-03 -2.091835679188540006e-02 2.023038010975140161e-02
-2.936819506318968584e-02 -4.133654974826726780e-03 1.202003546081851018e-02
-3.783365765270231551e-02 -1.235200881602306448e-02 7.521487629114077984e-03
1.388879827928174611e-02 -1.815191787800970666e-02 -1.433068249366480432e-02
-8.054986689689864338e-03 -2.057010088324010694e-02 9.526548574352968965e-03
3.719552029743988103e-02 1.168210488633309591e-02 -1.676204434440878299e-02
-1.722410088741839831e-02 -1.229394236112108657e-02 -1.778487362019896822e-02
2.206059173471983798e-02 1.796059479140741516e-02 5.155098937945472304e-02
2.835564110312209160e-02 -1.415625685557869891e-02 -1.705779065590574267e-02
-1.390864544790829105e-02 1.413340513002609485e-03 -3.789740603930464007e-03
3.237820700887673875e-02 -6.057139443120112014e-04 -1.914922189287583676e-02
2.990372134460770118e-02 -9.795384916234911588e-03 4.448642711709431888e-03
-3.522108488932717413e-02 1.749906001067417019e-02 5.999325743712604318e-03
-1.150007402418830663e-02 2.265829537352187159e-02 -1.532312602597761053e-03
-3.295766247204023631e-03 -1.715769200252142621e-02 1.313731836717071250e-02
-1.889147474841190331e-03 1.356048147786955912e-02 -3.813441924210788508e-02
-2.071235633921856244e-03 -3.990353786474105241e-02 1.379774396839280291e-02
8.818724446072763803e-03 -1.347870536223489714e-02 4.781413227313863895e-03
-3.850720806536598456e-02 8.332524223991871065e-03 7.928494259867085656e-03
-6.735052124000598384e-02 1.266773203932310306e-02 -3.808649510058940719e-03
1.576477404291668979e-02 -1.456431748307168532e-02 -1.211884426737063793e-02
1.040159473715970666e-02 2.425840868012071362e-03 1.082163672443884825e-02
-2.249656774036286333e-02 7.061681827979248739e-03 -2.898912890241964538e-02
1.169816716661865354e-02 -3.391665861081206990e-02 7.324285988626914531e-03
8.609634676218808069e-03 1.723364986690415369e-03 -5.559140409173154301e-03
1.751735448277844456e-02 -1.787990265017393512e-02 -1.431655933350665412e-02
3.539236329639982442e-02 5.774771409550465313e-03 -4.615664318744861459e-03
3.941802915510327597e-03 -2.714975612706438737e-02 -1.043501519141771389e-02
-1.139330825970723786e-04 -2.730365428280594545e-02 1.850768430065202752e-02
2.324218296098658904e-02 1.496594373257946215e-04 -1.839543091534122854e-03
2.630151485274067821e-02 1.657136278333290122e-02 3.876139057465482346e-02
-4.549024645453354776e-02 -3.087387330035380566e-03 -1.491830193271310133e-02
2.355558927621610385e-02 1.827827048566511500e-02 5.455287631830298871e-04
2.767113257077599350e-02 5.165342067446999441e-04 -1.784090521367861365e-02
1.764382010637447276e-02 -2.819263506603808880e-02 1.249325349618100878e-02
3.299551559361378616e-02 -1.160035194795893190e-02 -3.223321721088152209e-02
4.258795217787902931e-02 2.832632868235749213e-03 -2.902612706595946931e-02
-1.223571263298156055e-02 -8.182591614628491675e-03 1.858107149988485335e-02
2.477241443170135823e-02 6.764316920757550318e-03 2.603432192157596834e-03
3.653779211035857594e-02 1.596803782914744604e-02 1.086802994790107921e-03
-3.142194127318821695e-02 -1.365384904628199475e-03 -7.515122660381186315e-03
3.131753407302438619e-02 -2.222723433818902042e-03 -3.405842266971100245e-03
-1.789914722170618750e-03 -1.772074584694586022e-02 1.365993901301956574e-02
-6.167213339615727416e-03 -2.604818325118528344e-02 -6.458592292142750942e-03
-1.391376311976137009e-02 -3.465391913313378702e-02 2.126917783086597000e-02
2.146509740275358985e-02 -3.915247769853797549e-02 5.747504085377587012e-04
8.146660764197575025e-03 -2.141909375428204323e-02 9.381504863935619803e-03
-2.916763248183944918e-02 -1.331869190794052020e-02 -1.846201951201350763e-02
5.595991211668988573e-03 4.411381631394810376e-03 9.923353147879366079e-03
-1.733251889328587397e-02 8.900977769306298373e-03 -3.419881727974820665e-03
3.659833017405517835e-02 3.853493458308394209e-03 -5.539719733742054335e-03
1.457525487257862497e-02 1.855251039729555879e-02 1.412643510733613619e-02
-2.178503959424862857e-02 2.065160903994709904e-02 9.536149852194711340e-03
2.251363504849934055e-02 1.264868166808326075e-02 -3.730621369820672720e-03
1.314647746772173650e-02 -4.187441409393994479e-03 9.242616846555458052e-03
-4.714310658881019911e-02 8.836390714356111981e-03 -1.608568652261373536e-02
2.939685925999882543e-02 -1.002345804840075114e-02 -1.762463424265799106e-02
-3.841586999964467092e-02 1.826787387039623470e-02 -3.889287801944129111e-03
-2.234208450135380039e-03 -8.728593250950976781e-03 2.163791860828757907e-02
4.412303105398785417e-03 -3.942878318272381027e-02 1.329319622167710740e-02
-4.312014349407507913e-02 2.783229107378918358e-05 -1.386127342086426913e-02
8.308084584317818391e-03 1.364946211169066476e-02 5.819588763805069211e-03
-3.204622003893780463e-02 9.074222475976606930e-03 1.192396313510595690e-02
-2.743825644078688383e-02 1.193150198315706331e-02 1.783623113754088593e-02
-3.959555438068169259e-02 6.343972740773401627e-03 -1.129595123745759724e-02
1.262876918924778040e-02 5.522652408350402393e-03 -2.130202377044699159e-03
3.975145568137768842e-02 1.229060818882677167e-02 -2.938754882777180194e-02
-3.559907676943215721e-02 2.110353306771048376e-02 -1.975306031933673698e-02
7.771409120951361729e-03 5.501640254580093467e-03 2.141179920106473650e-02
-5.693214135635166553e-03 -1.508362072701774706e-02 2.010517913649919816e-02
2.590436302165703350e-02 -2.456967768277401598e-02 -2.449917477848611441e-02
-9.613461239278271687e-04 -8.665273004317209163e-03 2.794501002673212622e-02
1.623610202470602074e-02 2.641764604385295613e-04 -5.068798547156750690e-03
-2.239253312369270110e-02 2.322599992131461899e-03 5.172879160580091777e-03
3.127874814052606679e-03 1.997844450900031210e-02 1.239297864469538976e-02
-4.244026113717414700e-02 -1.481753074167796403e-03 -1.330800547525173242e-03
1.946189478433288378e-02 -2.448544580521343217e-02 -1.448057226816160245e-03
-5.279127582574989069e-02 2.783690929358854926e-02 -1.034783677553338796e-03
2.504477106005678633e-02 2.753004713355196309e-02 -4.575301338682205912e-03
1.218683212492388188e-02 -2.224105962121277966e-02 -1.559173746794289064e-02
5.175647102891216614e-03 -1.198343974277203856e-02 3.299451053816252356e-03
8.613192040929824184e-03 2.390452316745081407e-02 -1.139330099268133500e-02
-1.074488222680526454e-02 2.830972860959227524e-02 9.118130986604053995e-03
2.312473389729952436e-02 2.027150880629537827e-02 -3.434929127744655759e-03
1.454610854340684586e-02 -4.590464391610908461e-03 6.259605058868844378e-03
2.073821423216205828e-02 9.249445827695611938e-03 7.396524840237889489e-03
2.263893299161173420e-02 3.463316514941534169e-02 9.763885035696306947e-03
-1.990716154696898707e-02 9.426016637959952829e-03 -3.104974475662688853e-03
1.802920571054596535e-02 -1.830821494631891533e-02 -1.516042863869331535e-02
-2.097501710032660584e-03 2.653142880820580016e-02 -5.241901505153859046e-03
9.957567294824250584e-03 1.862689643666534320e-02 1.558881185421316477e-02
1.661210829121035487e-02 -2.019364523778271331e-02 6.485539305587067170e-03
3.066939232384540553e-02 -2.219627176533025669e-03 -2.884725387177198598e-03
-5.627751237723363498e-02 -2.554214164786810029e-03 5.248190556706455907e-03
