7.090374258472956562e-03 -1.469043949616558910e-02
-1.893758951349776981e-02 -2.934757577951133817e-02
-4.314054627909672673e-02 -8.303567740872389025e-03
5.915119205253491219e-03 3.180851882844899087e-02
-5.842219418497608154e-03 -2.595153158283541178e-02
8.615908859171743329e-04 -3.626405357861217302e-03
1.045750687070252406e-02 -1.008566179655908009e-02
3.160063299252418439e-02 3.928144928906730782e-02
-3.042482417913259553e-03 -2.043138126657156883e-02
3.526111759997485606e-02 1.817480456396484978e-02
2.286982465854239810e-02 3.577934166664051112e-03
-4.502075175870919738e-02 7.013454522008694646e-03
9.309527867965018385e-04 -8.510335138762334037e-03
-1.913089148460382291e-02 5.369518275023680252e-03
-6.281792675687208026e-03 -2.565238460933635251e-02
-1.363239167571816610e-02 -2.268759373823805991e-02
2.581904400793530452e-02 2.438773672821467273e-02
1.666578499898718410e-02 -1.489079368694280064e-02
1.388281658555199673e-02 -6.716979117828454117e-03
-7.055125283356340760e-03 -8.699394534224717465e-03
1.340594861660448188e-02 3.758173541277647772e-02
-3.216461301134907608e-02 3.077623409048730468e-02
-5.657630395137600021e-03 7.432841182756561547e-03
2.198151867283646907e-02 -2.528005578710386739e-02
-3.047574384594875507e-02 2.340592643864896575e-03
-5.460746714566243332e-02 1.810296385707369296e-02
-6.901916061098285413e-03 -4.902775114461499148e-03
1.498632088858019296e-02 -2.803216845542586336e-02
-1.602790060552288648e-02 -1.405133821365765149e-03
-2.561493679842589619e-02 -1.216758854837169182e-02
-2.967269348800251338e-02 9.366680610956886269e-03
-1.445768968174281771e-02 -3.115856152277393307e-02
3.630413713368021988e-02 1.625093979091936369e-02
-1.597045042271672682e-02 6.337232916912422659e-03
3.169444061455753414e-02 4.056693811296680982e-03
-4.794358804294365783e-02 2.118730792956790773e-02
-1.436226154446800310e-02 9.593099422619611946e-03
-3.960263458921002870e-04 -1.721806575592852231e-02
3.778801954001401869e-02 4.268866160939731660e-03
1.662777668175609638e-02 -2.450579684797692809e-02
1.516812515253129420e-03 -3.547481879593666898e-02
3.512687475653190460e-03 3.792562577327597811e-03
-4.500825839245734677e-02 -8.336953649935944718e-03
-2.646689125850450186e-02 2.667146579640506179e-02
-4.148314382788348409e-02 4.768774989249379391e-04
1.387125559230830904e-02 -2.892280554929355443e-02
5.220609846341830312e-02 4.594987706019054013e-02
2.009011859889753629e-02 -2.607853783837634984e-02
-5.572260041492223606e-03 -1.114458314303192962e-02
-5.210169651293993301e-03 -1.598053451067717179e-02
2.175648655533086225e-03 -2.643026735167706975e-02
1.381815405631004086e-02 -1.489085299474141727e-02
-4.155216740000074183e-02 2.609897452285116909e-02
2.986410901443806859e-03 -1.980358680162690524e-02
-1.674086073713760767e-02 -1.442556139977624503e-02
-2.690128842333177131e-02 2.544402603943517194e-02
5.428364250940870273e-02 1.245327083172856168e-02
4.389319742557399456e-02 1.926154031380564874e-02
1.398531909780038537e-02 -1.181036153645950888e-02
-2.258184438081780460e-02 -2.268273457694926568e-02
8.424007985838141005e-03 -2.175284590895751671e-02
-1.522331427220092494e-02 -5.044658929855490824e-03
-9.138740907638305891e-03 -9.535809748429258798e-03
-3.564138055783805381e-02 1.754170552134999561e-02
-1.954578862059863989e-02 1.127000155620638518e-03
4.725191977181952135e-02 4.524954845656883190e-02
8.355049127956557268e-04 1.070578231017207949e-02
3.456496161228968939e-02 1.547421446845063595e-02
1.581336128776218448e-03 -1.050358038648296563e-02
-2.810208273404691745e-02 3.087877829607423366e-02
2.973894111945808022e-02 -3.738868847851775559e-03
-1.693703015685181501e-02 2.814628256372888118e-02
3.277909266063749189e-02 3.572968501852373611e-03
9.197685843805010822e-03 -1.602913571005395652e-02
-7.386140531744457083e-04 -2.598877898343983361e-02
-2.953827375822756438e-02 2.828986421997425546e-02
-3.135768388525551204e-02 2.682234789389577323e-02
-1.747306095803977805e-02 2.848544586533405774e-03
-2.136776993684774348e-02 3.367906097030057277e-02
-5.522245545983112298e-03 -1.840362220877393359e-02
1.164041195581455926e-02 1.024711859001206475e-02
4.017652415045314812e-02 1.628466464266242059e-02
-7.020635317894399069e-04 3.901591427464918410e-02
-4.851318884157757028e-02 7.266683326275467925e-04
-5.682934554809236476e-03 -2.293154118408828254e-02
-1.109091866994872146e-02 2.545514877061080469e-02
-2.168294452099089539e-02 -1.061317355378879612e-02
-1.912701757360985716e-02 4.713539137234810938e-02
4.628534397843365143e-03 -2.959219411059712049e-02
2.577080882124615016e-02 3.735454650011362475e-03
-2.102750654132679031e-02 -1.630886471848226257e-02
-2.018849440611002882e-02 -3.610971455726764978e-02
-4.022972355939390121e-02 1.612067086972180513e-02
9.772893466238760651e-03 -3.170266107971374953e-02
4.867932823040001244e-02 1.231510445668773136e-02
2.160491611585311014e-02 1.841977704548772299e-02
-6.320724002076222314e-02 4.259899850404434696e-02
-1.618922979597059442e-02 -1.496091236044837063e-02
2.794636129769286631e-02 1.794371307475432428e-02
-1.625805545176374489e-02 -1.345907680506842202e-02
-6.825875507513724967e-03 -7.031786823024859141e-03
5.975618400743081329e-03 1.811487360697885962e-02
5.199247348817167581e-03 -1.774664212487344489e-02
-5.080741685468131985e-02 1.935107129681303342e-02
6.861143633856514254e-03 -8.717951316151571761e-03
5.691350279097100867e-03 -2.461040026450033585e-02
4.042780624900103870e-02 5.516607181868136284e-02
3.551632690347594073e-02 1.650954098896094402e-02
-8.525112789380713194e-03 -1.202977884441207117e-02
3.727585230327834509e-02 1.514919692293167919e-02
4.173902152057403642e-02 1.563565168191962534e-02
6.123909516914910478e-03 2.153705462838848006e-02
4.304269780875931428e-02 9.699405378369429023e-03
-1.948498931775238807e-02 -1.945753733539867802e-02
-7.540921397000501826e-04 -1.159902851762462800e-02
1.598234294645859560e-02 -1.635819213173156719e-02
2.450438856216349218e-03 -2.471053241520236934e-02
-7.085371830365572339e-03 -2.926579357544729573e-02
2.847913667151660833e-02 -3.979347881560686695e-03
-7.695283716167307560e-03 -6.782490728013750372e-03
9.008361220864737409e-03 -1.544260851447520899e-02
6.579224729394188981e-03 -2.163362757045438067e-02
-3.260563174622545333e-03 -5.268713334854299712e-02
4.432241797128354949e-02 7.234570871410559226e-03
1.156704725020178508e-02 -4.639325985800336893e-03
-3.041021878601588360e-02 6.692002155963692328e-03
1.557514905673702647e-02 -1.880152781948301460e-02
3.472081824539869493e-02 3.911283276611254855e-02
-4.362768392103971021e-02 2.450098768218555295e-02
4.462260365256633110e-03 1.055633174217915533e-02
-2.628938426790213001e-02 -4.269780728875639461e-03
1.511569020319530540e-02 -9.118830974188772698e-03
8.475755121583727209e-03 -1.003423998077891677e-02
-3.153008472652315403e-03 4.509753794797433102e-02
-1.583064026317475281e-02 -2.228009342659566239e-02
2.322436862386682670e-03 -2.169554916147755502e-02
1.144981501980732279e-02 -3.099725806047988821e-02
-1.101305242741027965e-02 -2.628602807342823172e-02
-1.437155253515838560e-02 -3.171040762463272350e-02
2.574013935441093331e-02 1.774941875283646969e-02
7.633205207402671104e-03 -1.754304430564950987e-02
2.829150729582138521e-02 3.028803974258987338e-03
-4.296158399456303546e-03 -1.217292229768636783e-02
-1.503918314472178037e-03 -3.218215687350405724e-02
1.233712327435365630e-02 -2.619393919785184544e-02
-8.540366700501369340e-03 -2.153688969764273528e-02
-1.694157935064253759e-02 2.083960500312819278e-02
3.946364350355450329e-02 -1.602488864986014935e-02
5.276451361266226714e-02 5.091503695252751899e-02
-5.665030642343893072e-03 -1.548033041415376038e-02
-4.269529386982636246e-03 3.628738474255155388e-02
-2.400856451039075704e-02 -2.183257980559574762e-02
9.072536416690261257e-03 3.427368546054611331e-03
3.172747548305544785e-02 6.880802383213859182e-03
1.108652172457937589e-02 -3.464029148903697425e-02
2.481050707511771314e-02 -5.477979802094225682e-04
-1.378016047282716594e-02 -2.831853205012708347e-02
4.375660014124490432e-02 5.262563493104040896e-02
-1.166971694816693571e-02 -3.210578276141391046e-02
-1.087136965755868857e-02 -2.809291613452936584e-02
1.123931370783485054e-02 -1.526239084077345674e-02
3.710132663790879914e-02 -7.619474188879329923e-03
7.085870880153504088e-03 -2.790548218670429320e-02
-4.775587669182228961e-02 7.521408683432542590e-03
-1.952842059204349875e-02 2.864550226571825967e-02
-2.556179168249805844e-02 7.331268165283951616e-03
-1.442485872080307568e-02 1.509580765425780520e-02
3.718618473735758878e-02 1.803567343040027304e-02
-1.578406798942814590e-02 -6.477849881555308720e-03
1.505370754690013926e-02 9.404512511712167719e-03
-3.327182933867660342e-02 1.854981700878316139e-02
-2.478985245595710998e-02 5.316194757925357618e-05
-1.676352142553273403e-02 -5.334118766160113323e-03
-1.098623247123487780e-02 -1.337667347627877071e-03
-1.692445931786454652e-02 -4.598095851880274615e-03
1.972161835585514028e-03 3.198770090699534080e-02
-9.820433391983190638e-03 -9.827564814478023658e-03
1.046801341847754252e-02 3.040911152100539416e-02
1.679207095311524914e-02 -3.927763511476304800e-03
-1.405666579058472559e-02 -1.526198667569566344e-03
4.386720373460126221e-02 2.779217877512833029e-02
2.437395264124981795e-02 7.684610086756989318e-03
-1.210784370992587684e-02 -1.232314174086704232e-03
-1.587704077170694686e-02 -3.293727956346908549e-03
1.001685587265546511e-02 -8.687555584521887073e-03
2.055136185312076216e-02 2.202818593317226736e-02
6.887860153261988160e-03 -1.977139792434540189e-02
3.683572402293547321e-02 3.756516315596943045e-02
-1.799388365160905709e-03 -3.229377009482449490e-02
1.258758296640809064e-02 -2.682742327362368576e-02
1.146113187848932582e-02 4.131946823406011833e-03
2.164335255612750628e-02 -1.253948886778206810e-02
-1.128601010091830233e-02 -1.849625129554782754e-02
1.740679527210893833e-05 -1.349881509610598749e-05
-8.850038053192099338e-03 3.390107688550552788e-03
-3.215245099222692471e-02 -1.965268836240093280e-03
-5.432936837696030787e-03 -3.703318690441525368e-02
-6.427078952742621039e-03 -3.116947274458960020e-03
-3.915494788055969011e-02 1.661531268905058756e-02
5.576643710265236087e-02 1.884582894533618283e-02
5.991079196502029774e-05 -3.587704872072455808e-02
-2.501010229544186822e-02 -1.152165495509933218e-02
2.717751741721284933e-02 1.746445350831923177e-02
3.802791730912676721e-02 1.791054623927300013e-02
-1.212533763273239765e-02 -1.216045013753707001e-02
-1.608499761459747726e-02 -4.254710861873493843e-02
-4.394070335038954139e-02 2.393004236036221088e-02
2.066162632265285126e-02 -5.179078411978376236e-05
2.922005081888389907e-02 2.053319098154093858e-02
-1.172699795879139813e-02 -3.022402350311765087e-02
1.305380401608149249e-02 -1.558846764846218147e-02
4.077156694044031110e-02 7.308862996881352811e-03
-1.800737036998313265e-02 9.557415597793508799e-03
-2.728551927497922802e-02 1.693729233702145551e-02
8.611460849129193643e-03 -1.615828567422911101e-03
-2.209528176441670890e-04 -3.885221682291618156e-02
2.066322742779351171e-02 6.711998378271517678e-03
-2.023680166334355934e-02 -1.324076293739817264e-02
1.073501573694794937e-02 -2.889583816318695361e-02
2.292909149233282248e-02 8.030663243936815576e-03
4.642201992697832236e-02 5.766212516811916773e-03
-1.822931936650662096e-02 -7.776999997373646931e-03
-1.416457892280564151e-02 2.175577752399478204e-02
3.384891848801663272e-02 4.064932160281327367e-02
-7.805901373760818808e-03 1.448442547323353137e-05
1.901441827107558380e-02 -2.306675210026892103e-02
2.129366509610421468e-02 -9.438662769998379734e-03
6.930505434944385411e-04 7.640580509800927282e-03
1.075038020689697386e-02 4.267193445735300433e-02
7.517311014434429825e-03 -2.141967043424215789e-02
2.297750479887002845e-02 9.450112781679450430e-03
5.735550098123130824e-02 4.641664302157225142e-02
-3.893676521265960339e-02 2.283192582474837667e-02
-9.145852111784332980e-03 -2.751943695328297815e-02
-1.423859188246697285e-03 -2.274086771787912908e-02
1.963899998277896311e-02 9.883682998076888035e-03
3.375038709016655192e-03 -2.986802297661828552e-03
-1.629602702844388335e-03 -3.200530171079408320e-02
1.174677842270922291e-02 -2.334138849963230192e-02
-4.837771557266894867e-02 2.610745362321181123e-02
1.046075790925557816e-02 -2.454307147262918889e-02
8.987176369492201958e-04 9.906056664413603018e-04
-2.921709921739146579e-03 -7.110808045480884396e-03
-1.611210038007485426e-02 -7.462666322809268643e-03
1.850029247405872088e-02 4.312161892302388347e-03
3.729867920327422336e-03 3.398527649613276164e-02
-2.416850974133795057e-02 7.201469198184868095e-03
-1.509324429112439414e-02 -4.008465774655244063e-02
-1.664816272410282391e-02 -1.312153043835836627e-02
-2.277340425564767373e-02 3.869605129400551652e-02
-4.702642649417900465e-03 1.860570946697619882e-02
1.793349084328258250e-02 2.116570275466709249e-03
-3.763818296595225206e-04 -3.023795184049650475e-02
4.301561722422418688e-02 1.567609656429018103e-02
4.641832439284955883e-03 -2.401438411666676279e-02
1.636298425069694293e-02 -1.421180515563616117e-02
3.670434300018077939e-02 1.692718542695619346e-02
-1.062976692713497699e-02 2.973080313336295966e-02
2.511673565881509737e-02 -1.825625214691879369e-02
-2.204901751386983966e-02 -1.083720136972292185e-02
3.697439112922613208e-02 -4.550002822006782126e-03
-4.988953206826798881e-02 2.626920608508415828e-02
2.763258192513374026e-02 1.305216962620990920e-02
4.286165371981048161e-02 1.492004037320558869e-02
-3.837765626863739229e-03 9.951777046000389454e-03
-4.836780215292130203e-03 7.843295949099958475e-03
-2.047542603250370602e-02 -1.689683156599194533e-02
2.867621762263741769e-02 1.248595871233427329e-02
1.592571733340442802e-02 1.514520515908100197e-02
-2.938591535216897310e-02 -6.395090803522070905e-03
-5.266807505262736944e-02 9.819429612781547037e-04
-4.277707862767971166e-03 4.226125400786204418e-03
-3.824477080952856656e-02 3.215714463466278622e-02
-3.173006501271943836e-02 1.887431880939272749e-02
-8.292264918870547070e-04 -1.515800342355125112e-02
-2.330051320108597612e-02 -1.419713070184256895e-02
3.285334895862796617e-02 1.223465250708075103e-02
-3.022476826729521629e-02 3.555142718214344272e-02
1.408398081495187276e-03 -2.615248570682232598e-02
-2.290404061125204602e-02 -9.749985765561427695e-03
-1.578214158424647712e-02 -1.105946367093356072e-02
-3.482864970576054348e-02 -3.681585902958594853e-03
-2.231953341791103294e-03 -2.180650346583024035e-02
-7.434379532186253907e-03 -2.051988574569497611e-02
1.385532233456466915e-02 -2.848835812898030655e-03
2.857747617872312754e-02 2.345745274050635432e-02
-2.201609870130987259e-02 1.353709680303960203e-02
-2.488433324237944444e-02 -2.832840045818899380e-02
9.788640490162699853e-03 -1.828771335226193027e-03
2.061784156898532200e-02 -4.789295422144527505e-03
3.640675463778988291e-02 1.967265436205724912e-03
6.812058280999116512e-03 -2.985530565915389331e-02
-3.183000486224196041e-02 3.478413964138542952e-02
2.744297839733499805e-02 -2.183200386914023114e-03
-7.222113137893623226e-03 3.011927255291122277e-02
-2.049017437235459843e-02 -5.363989226928649913e-03
-3.118928184373121956e-02 1.769943051829512073e-02
1.610954031653883192e-02 1.512911179468202916e-02
1.314438234604638732e-02 1.154835778251716953e-02
3.030306915424519146e-02 -2.197421967836406633e-04
3.681936115079434413e-02 2.213961431704018420e-02
-2.139182418799231988e-02 2.205913044884895077e-02
-2.692046890479225102e-02 1.110667487315141269e-02
-2.442301202715311051e-02 1.171689434872181731e-02
-4.280148203234797159e-03 1.128019385073140979e-02
-4.615443438203901960e-02 -4.554425502121043495e-03
2.387251539398612885e-02 -2.140351326730858400e-02
-1.917566622862004744e-02 -5.831985362634803730e-03
9.658434278028352324e-04 -1.728359331065426954e-02
-3.428785485243831394e-02 1.395642888985147712e-02
-2.100164062360425354e-02 -7.323712974698833381e-03
5.844176898315222093e-03 -3.788927924893307543e-04
-3.469874175401198302e-02 1.101225670179539068e-02
3.355979526583267696e-03 -2.458323541708426138e-02
-3.091005300054694600e-03 -1.017670160059061003e-02
-3.821097488444662182e-02 2.329713277824893569e-02
-1.535022799845137641e-02 -2.029375540875527628e-02
4.214184982216671871e-03 1.019263786938994984e-02
4.845447477082495159e-03 -2.183607793129012722e-02
4.030158766504936957e-02 2.216409213882495829e-02
-8.182555667046832043e-03 -1.868469314350415522e-02
3.937736951432518201e-02 -6.227436718028681907e-03
1.042072832956629025e-03 -1.860408797996743538e-02
-1.896367530346209154e-02 -8.068756563002798740e-03
-7.398556853433972506e-03 -2.033348317022955209e-02
5.635722579315074338e-03 -3.219431302600405699e-03
4.235222557200456206e-02 8.082627480384426896e-03
2.064322353054545353e-02 -1.782991751885011286e-02
-1.941242109994390300e-02 2.844099571427865028e-02
9.206615546742161552e-03 4.592422587657523855e-03
1.118916470169414786e-04 -1.816083846702935128e-02
-1.732028738863728573e-02 -1.304391145571714809e-02
1.473505118195072260e-02 -2.815543071949845252e-02
-2.847739526155604328e-02 2.848870783731573264e-02
-1.860887886384025511e-02 -2.132227174085019397e-02
2.697148941838446723e-02 2.137389309680154392e-02
-3.215678055196506679e-02 -1.161321142827340808e-02
5.427340261281279193e-02 1.953416946781950242e-02
1.498375983180823094e-02 -3.767890339106642894e-02
-4.819909394826851767e-02 2.080132884741356034e-02
1.941468785781810466e-02 -1.256293967834334543e-02
-1.992372361539901816e-03 -2.636667096636809756e-03
4.668497067920839710e-03 -1.764665309157096434e-02
3.994819489488240366e-02 -9.471373468260803341e-03
1.847217656644047079e-02 -2.493064568313057335e-03
-2.323502997137394388e-02 2.507795673785049185e-03
-2.316685476380149836e-02 3.299107741123642051e-02
-2.691539903110895179e-02 2.881849455670328769e-02
-3.346443419332627983e-02 1.358547002323401247e-02
-3.133756264490666216e-02 2.258875921073132294e-03
-5.467656154822777420e-03 -1.628002545067261733e-02
-8.471309014260771167e-03 -9.402947802187070284e-03
7.647337380519067355e-03 2.233165941723145795e-02
-1.975760154708252302e-03 1.586830081873151499e-02
-6.000326105859534083e-03 -2.035045647351139617e-02
-6.259208406266502690e-03 -1.134915366002865050e-02
-2.375309517949945881e-02 3.272949169075623638e-02
-3.834477673937570358e-02 6.648857976103131687e-03
-3.990671399856016155e-02 -1.195752871457704189e-02
-2.767547100390879006e-02 1.399334145923404604e-02
-5.395838988852279250e-02 1.479110315045907044e-02
-8.426611003071222614e-03 -5.382078055265002853e-03
6.640250974942490557e-04 1.586933452407291237e-02
2.447063069048852416e-02 1.820735081211113937e-02
5.259396945472526175e-02 2.283489004835554531e-02
2.585189502959496163e-02 -2.170651956981434639e-03
2.079146745442081098e-02 -2.098554111365393687e-02
1.378090466180679000e-02 -7.264128372200719802e-03
9.988539778897870952e-03 -1.550751181736587797e-02
1.347200858558107381e-02 -2.434553403681315523e-02
-3.013517150129512920e-02 -8.615231332181481211e-03
8.830374157575263810e-03 -8.866042336095589921e-03
2.670323259433434859e-03 -1.250939099831798081e-02
6.706680083853173990e-03 -1.497456702924640851e-02
2.400931191625695592e-03 -1.164872137405993310e-02
4.589950027065992783e-02 1.557205175704977872e-02
9.503136351847518487e-04 1.258676348501898933e-02
-1.112151306770756132e-02 -2.187286269267491642e-03
1.311565719405237938e-02 -6.904484942582371325e-03
-2.253035461100752479e-02 -2.969446341349049265e-02
2.072242142710420051e-02 1.185877228008778983e-02
1.318607569955430013e-02 3.005935708290539965e-02
2.342445684322046803e-03 -1.594502449493695115e-02
1.270383512912676149e-02 -1.552723378052504009e-02
-1.324129891655283567e-02 -2.569191806168650422e-02
7.823622436981385667e-03 -2.705559398613765001e-02
7.797018950000407077e-04 -2.064645727669227326e-02
1.301898082209851544e-02 -2.704846878183799624e-02
2.259128534250311182e-02 -2.020048976240029770e-02
-1.311994312789558151e-02 -1.346483731360962124e-02
9.534218150785866985e-03 -1.298086508082534410e-02
3.180219143160922107e-02 4.621547726358807458e-03
9.322142426082553196e-03 1.477184370518819928e-02
2.007242444819563182e-02 -2.007268843575237688e-02
-2.630554163072823179e-02 -4.099248168488672447e-03
1.376388937434105432e-02 -1.738251257993831192e-02
-1.772297661353226111e-02 2.844030462256297992e-02
1.125363528400468577e-02 4.505155052166425964e-03
1.182673111016437593e-02 -2.531616306652559323e-02
4.059539527494759881e-02 9.052960720824870799e-03
-2.287680265179336744e-02 -9.409535876791571760e-03
-1.737479580505669682e-02 -1.593987770860514144e-02
4.316039009843936070e-02 1.592362172484824284e-02
2.021734637346392360e-02 -1.954758303969489006e-02
-3.700143341211571506e-03 -2.963458619402879052e-02
-4.075224895101758199e-02 6.486448696921381409e-03
2.566260207469391041e-02 1.798833051842265579e-02
-1.881835311013285716e-02 8.911719032690815570e-03
-2.749055719667772499e-02 2.536095441852618659e-03
-4.410192359335296172e-04 -2.350743500268724986e-02
-9.339586818053733676e-04 -1.951343185220934598e-02
-4.828092604976048398e-03 2.846878115386743818e-02
-2.716776303830706427e-03 -2.464262463768255099e-02
-1.729370307348506927e-02 -1.195082940281873458e-02
-4.269663338055004059e-03 2.061125143653886813e-02
-5.411995847835200657e-03 -1.569129087147224863e-02
-1.602199472128488025e-02 2.284761269074896475e-02
4.680470478270901125e-02 2.873894048517548414e-02
2.359269351139762355e-02 3.159101373870425600e-03
5.040528696193465052e-02 1.619567259955010177e-02
2.850749520503129478e-02 -6.325689054680872468e-03
-2.289764721109420476e-02 9.013255950496691302e-03
-3.209345988962126767e-03 -9.580881692917217821e-03
4.374448110291952879e-02 7.952653132920275980e-03
1.184535276511407276e-02 7.379630758467322672e-03
-9.341415410672803538e-03 -2.948607879248984001e-02
1.470239062386338377e-02 3.437878623737766759e-02
2.753773200554289480e-02 8.706020420759519318e-03
7.966596508602818982e-03 -2.499709725052681394e-02
8.712500674173600385e-03 -1.921650380016212689e-02
-1.886773268722376174e-03 5.064467522701755764e-02
1.488465668141153095e-02 1.725737424633225420e-04
-2.314652673610988545e-03 -1.800821213571980953e-02
-5.339791839387209027e-02 3.294482015026393984e-02
2.953594094601211945e-02 3.122807987561430215e-02
2.887804441308357284e-02 7.816774199107416610e-03
4.593039120834726055e-03 -1.742466755563264191e-02
6.317461371444494864e-03 -2.692403339766779799e-02
3.053859920502905931e-02 1.294965229362702967e-02
-4.318845593640947139e-03 -1.005263395622407220e-02
2.169886297686249646e-02 1.432955290014282027e-02
2.966543580443265979e-02 1.069050670030938580e-02
4.029582403578418903e-02 1.607290685007357195e-02
-2.097671244864390133e-02 3.011057732673302206e-02
-1.855190115026998448e-04 -1.165752882050084989e-02
-1.428255928559457252e-02 -9.963822501695640543e-03
-9.803469112912171352e-03 -2.130065246356637951e-02
-3.571572669636929181e-02 1.422201937040765401e-03
-4.922264811535906164e-03 -1.366070827113771181e-02
1.568939763279863023e-02 -5.067617110254111351e-03
1.322998979763322612e-02 -2.378476203836323022e-02
-3.968554196494677999e-02 9.615370456409361513e-03
-9.039144339259246388e-03 -2.439952372472412381e-02
8.251468775391870153e-03 -2.258589288514734755e-02
-1.940566024881215310e-02 1.958720348068636666e-02
-1.162739675275161096e-02 -3.494135061468137127e-02
2.649189808237066568e-02 -4.295525567385136828e-03
1.437016380505453175e-02 -2.385861743234849591e-02
-3.297749524536945642e-02 1.710609333052102304e-02
-2.957837941193185508e-03 -1.915349508570483861e-02
-1.867803876529610524e-02 2.438382813499296795e-02
1.417413649468484554e-02 7.399902166480645978e-03
-7.876572228521134394e-03 -2.705535914499443764e-02
1.709734376866894542e-02 -2.133536823539834357e-02
-8.628071635548611312e-03 -1.896563014927714688e-02
-3.152092838919196005e-02 -1.145853366560335967e-03
-1.419881553772264771e-02 -8.184710932161432667e-03
-4.055465596816708318e-02 1.835494491376513451e-02
4.212299593490957672e-02 5.088137544704214414e-03
-2.656232823388258307e-03 -2.905091017169541406e-02
3.542330612908894255e-02 2.219209462713347264e-02
6.617748235839497790e-03 -3.002408459605822658e-02
-4.947916971278611478e-03 1.296126468323638772e-02
-6.439944836436578383e-03 -8.618244792132623983e-03
-1.411194172000680355e-02 -1.992030926355869286e-02
1.694855141700029807e-02 -1.542670480158053400e-02
7.551793655535016248e-03 3.623101226307109263e-02
2.324123768208518140e-02 -1.328562517163573223e-02
4.166947784869938498e-02 1.666585554313379861e-02
-1.950442150352085444e-02 1.466376878785747000e-03
-3.401033884207439045e-02 3.033590475415146731e-02
-7.930855755140230404e-03 -1.238643609244640363e-02
-3.517419858778631642e-02 8.046218293877310454e-03
-2.456838008770216228e-02 -1.787794282540095328e-02
-4.700676371579853461e-04 -2.309874378642831280e-02
-2.099152611446203527e-03 -8.246908374672064918e-03
1.699197875743902950e-02 3.109595934724449905e-03
-4.294283247325066978e-03 -1.280722039570707585e-02
1.905998438506933956e-02 -1.062511864747437210e-02
4.305093771043027456e-02 1.304706470620688695e-02
-3.123757434546116374e-02 -1.069334844341983393e-02
-7.856656677773443329e-03 5.394114094216319842e-03
-1.472542306559463353e-02 -2.934332220502946023e-02
2.596813606312644435e-02 6.731274530840686277e-03
-1.763964705948246892e-02 9.060495621892938195e-03
1.568221337722471584e-03 -1.669779036923687773e-02
-1.423723880709728933e-02 -2.631481389129947633e-03
2.322255828223523250e-02 1.704714541322930460e-02
6.257742625802056174e-03 -4.179358255653617404e-03
-1.747832604474949120e-02 4.823109462926674501e-02
3.365554687577497744e-03 -7.922432844150879491e-03
4.131188256410745982e-03 -1.046976915305176253e-02
2.153765901559894988e-02 -1.492010811825676339e-02
-9.347725183891254092e-03 8.847878120363111831e-03
3.495393943773796031e-02 2.485723497569179014e-02
1.273808779782415433e-02 1.521356299244507222e-02
-1.802891547402355257e-03 3.807163635209434571e-02
2.314853283304711337e-02 8.554370143075928218e-03
3.398989761095042722e-02 1.858176896548833709e-02
1.959978741285168732e-02 -2.359487523786264317e-03
-2.239231777184369498e-02 4.889254562513155843e-03
-3.110732694951301794e-02 1.253798440167774517e-02
-2.159348978613502903e-02 1.344704922217159100e-02
1.837672994040865163e-02 -1.497593305858913384e-02
1.386290162207432300e-02 3.870643894022756000e-03
-2.478330973708084417e-02 -8.969014321286331720e-03
4.045656306495929583e-02 3.311206990964437463e-02
1.304816669926773219e-02 -1.612739003113443023e-02
-2.155791596309887884e-02 3.738701123941635951e-02
-3.371032970751465518e-02 2.389451962679466079e-02
-2.644976314645454407e-02 3.332049421507125332e-03
1.540281231202518530e-02 1.109202768838435035e-02
-3.199027848498363358e-02 2.588774145381353073e-02
-3.614699639430554376e-03 -7.448196425199148270e-03
3.646208300021552048e-03 2.837572442313042453e-02
-7.110826980164096367e-03 3.173359871910565178e-02
-1.529218563044143324e-02 -3.713136519329157063e-03
6.847717783410660689e-03 -1.805481901020296320e-02
-1.801985149301056285e-02 -1.475883858064639190e-02
-2.084487851357869417e-02 3.720896660779041132e-02
3.914042463306272035e-02 4.128377658298638953e-02
-5.469946068161040884e-03 3.771407064236272609e-03
8.113168881268853494e-03 5.269272071070946195e-03
1.956258512895403881e-02 2.529045814616924168e-02
7.430482403753961226e-03 -1.999781442810792675e-02
-7.649953029779500181e-03 -5.881089630874558258e-03
4.572048790813978969e-03 -1.692192393094901423e-02
-2.595371542885209840e-02 6.276451953228550295e-04
-4.475025339340081565e-02 2.997936119388238188e-02
-1.871777765427760573e-02 3.719630951714702084e-04
-4.117289921153963542e-03 1.838723320191745433e-02
-5.686924331572461647e-03 -1.120488877399726003e-02
1.202270051292713034e-02 4.529663900840199056e-03
-9.352235603043413358e-04 -3.169339413484024981e-02
6.883425823392604406e-03 2.265377051613596399e-02
-1.581411822733966993e-02 2.852096237399592144e-02
-6.597903812546219993e-03 -1.129245791755751488e-02
-1.352779076628496044e-02 -2.158715868714507213e-02
7.555586218578164669e-03 -3.024854958329853058e-02
-3.753008692892958239e-03 5.839722128283897709e-03
-1.589814718718895667e-02 3.286708656933046147e-02
-2.717581565630022150e-02 -7.233693599066400026e-03
-2.401923429203959778e-02 -8.581893482800447351e-03
1.167379130984255720e-02 -2.412301085327280339e-02
-5.577200660081962913e-02 5.936813194526960498e-03
-2.992619359256163541e-02 -2.513063314880335623e-03
-2.473463309569534641e-02 -8.474662202361989138e-03
1.064909431656605766e-02 -3.151717947507089168e-02
-1.618231365359197246e-02 3.083418699941840174e-02
-1.985012688531845662e-02 2.861853873353787867e-02
2.961504018944307280e-03 1.006800291483559741e-02
-3.184352094364487767e-02 7.245613048694620958e-03
-1.494652727876166938e-02 -7.637681647938402048e-03
1.774612349698646493e-02 -1.850010416477016612e-02
-3.426769268411457986e-02 -2.181139765545711887e-02
-4.077780784570774614e-02 3.534238936224993327e-02
1.516407937881389389e-02 -2.495770036386833757e-02
-3.783629710986786965e-02 1.566346969782268089e-02
1.608758517655391185e-02 1.057246566022720068e-02
2.393395870419477364e-03 -1.596169155126136649e-02
2.970839757762028938e-02 -2.760443208731970868e-02
-2.287335813399779538e-02 4.143251934531828884e-02
1.598992099950145504e-02 1.839120486537562269e-03
1.086060673498204406e-02 -3.610209271226204331e-02
2.616820512849727526e-02 -3.885858451183781589e-03
3.313630983772177657e-02 3.118753588045225511e-02
3.020210917981569834e-02 6.198763365333049766e-03
2.405493919418958196e-02 1.682906060859538228e-02
-5.254633907530224801e-02 6.416354138002493095e-03
-4.760309846286820551e-02 2.981618689506575562e-02
-8.288462260741013762e-03 4.777703275008275924e-04
-1.036326511103710657e-02 -1.715015371471570460e-02
2.659381019718372666e-02 -3.645090209576197504e-02
1.100422106364792180e-02 5.844185523390750016e-03
2.483516976695059053e-02 1.538799599972010858e-02
1.551568257977491670e-02 2.099104481997753850e-03
-6.196445427573923394e-03 -2.247786616588037453e-02
1.624212131925357235e-03 -2.274128935420089218e-02
1.529555596600880134e-02 7.151727791201131605e-03
-7.622431951220772113e-03 2.095777308652335691e-02
3.478418745273196395e-04 -1.609866972421299114e-02
-2.384670801213790645e-02 -1.253834280165966493e-02
5.151527312905197081e-02 1.060925847968139692e-02
2.517457504478890634e-02 -1.661371689230595194e-02
4.282096260445480973e-02 2.578828162862545695e-02
4.532741833582591001e-02 5.431668709423741886e-02
-3.437667316720818822e-02 2.899602142126317394e-02
-1.501066554246720426e-02 3.232703086089556282e-02
-3.158981850473555064e-02 -1.632400017465706482e-02
-1.998455378761466658e-02 3.785503755486760435e-02
4.832033692144372533e-02 1.376251901688383371e-02
3.241092046428887402e-02 1.924758245861662997e-02
-6.947126406096815199e-02 2.047036282183543887e-02
1.716532442145203563e-02 3.047669273054456202e-02
3.456581533576105758e-02 4.141128937878934407e-02
4.813804146416209538e-03 -4.053795094206603944e-02
5.286748276980936245e-02 2.266184842640762975e-02
-1.128099217943035783e-02 3.589666287900519781e-02
1.894189812377194276e-02 -1.679543274374188004e-03
-8.897777159171633282e-03 -1.803310121425494988e-02
1.418243166475533640e-02 -3.406488919292775114e-02
1.964128194902130600e-02 -1.761437554480858175e-02
3.029585787179255030e-02 3.159148180394540095e-02
-2.417514507203646565e-02 -1.071676608140040982e-02
-1.022652789134483216e-02 -4.504357466037841630e-03
-7.436359704447326885e-03 -2.574483096008172919e-02
-2.097135750216340758e-02 -5.726265852815723770e-03
-3.598112603006081711e-02 3.588752331373162158e-02
8.215354323477235682e-03 2.201987928113547169e-02
1.355538784077718259e-02 8.952368239677106765e-03
-5.476283078632902465e-03 -6.254786222775625230e-03
2.911221378713361660e-02 1.235678134833037914e-02
1.843632186630670203e-02 -2.357186067385251896e-02
-1.047799904303115329e-02 5.969563757884527484e-03
-2.997542157050633177e-02 -2.923086595423131460e-03
2.590531519824437051e-03 4.063938570951997065e-02
-1.227060582307969508e-02 1.574965076426928026e-02
-1.704077850350728743e-02 -8.218788704803003595e-03
2.165262533836721619e-03 -3.246512503150104229e-02
3.276498261063355566e-02 -5.995568611243908734e-04
4.643561757816759561e-02 1.473979411544444271e-02
2.030518691193098496e-02 -1.185609506668180817e-02
-2.253944440172214736e-02 2.376720348710325420e-02
4.774715992915816963e-03 -1.695974382959128043e-02
1.750804894201482206e-02 -3.569892245726047353e-02
-2.898007796936489036e-02 -1.696225300497074696e-03
-2.177968874367650076e-02 -9.898937500911388770e-03
-1.229840469141528850e-02 -1.345231148474279256e-02
1.892947837887487897e-02 1.808411603000519008e-02
-3.370918225770719312e-02 1.504339038998339130e-02
-1.414910787189272053e-02 2.633710631499319721e-02
3.418883949946482925e-02 -5.304343554199660547e-03
-5.096376793839270392e-02 1.641712117639681709e-02
-6.578634381372162887e-02 2.925107346986293572e-02
4.802987286711984938e-02 4.508329493683866512e-03
1.365300017855496789e-02 6.093200475368191864e-03
2.255852283891906715e-02 8.973106661454975652e-03
-1.726832327031141423e-02 -2.448617802765027870e-02
7.277019224850287717e-03 -4.176281715353705637e-04
-1.867531533654259029e-02 -5.686838480077108758e-03
4.545174733234685904e-02 1.753468331584386378e-02
9.873463103381335468e-03 -2.588275356822997489e-02
1.270046690492488903e-02 -2.269665314599969563e-02
-2.074751696409365270e-02 -3.111926713047967127e-02
-1.851409934156339476e-02 -6.097893716472940935e-03
7.085415057714918854e-04 -1.850621940917326902e-02
2.376281720422426108e-02 1.061508777128838087e-02
3.178697487586917142e-02 -7.483659951784501401e-04
1.455207272877081202e-02 -6.240552540199418088e-03
3.314976960701481335e-03 2.887923537228271123e-03
1.587205836716901186e-02 2.091039412682648736e-03
9.964249276551392573e-03 -1.520721522403566117e-02
-3.143741255434796388e-03 1.546239899016508580e-02
-3.036930756216812879e-04 -1.388187373433047087e-02
4.928288134134813786e-03 -9.343198684344777502e-03
1.225540007961412221e-02 -2.760996299321985883e-02
2.662496759084559753e-02 4.925861552692120497e-03
1.086000253293677685e-02 -2.588429614191016873e-02
1.401275369867953716e-02 -3.240832918209296531e-02
3.326721049598518887e-02 4.242396320390285323e-03
-9.155851992564309830e-03 -6.200795441908419844e-03
-2.188706786001949622e-02 2.534316332530801158e-02
7.276167892178692738e-04 -9.549966257915705296e-04
1.811059537525902888e-02 -1.519535748205604270e-03
8.944495116553263792e-03 -1.428780867610067104e-02
9.617347028150554852e-03 -1.730879156042615732e-02
-2.579778409746418671e-02 -9.932945171930846178e-04
2.197627427321578383e-02 -2.976897296561483927e-02
9.432766090968026929e-03 2.537309364543079843e-02
1.782445419671426987e-02 -3.633818283740394145e-02
-2.670525198722104292e-03 2.098122346453780429e-02
-5.893227140787007240e-02 3.419357981566025634e-02
-2.737297464678229569e-02 2.574735040130005786e-02
1.263338632247979453e-02 2.190726406884487693e-02
-2.052904486449936422e-02 -3.964410488112355899e-03
3.703198319303110941e-02 1.174519291574990451e-02
-3.352081909082334221e-02 2.283291890954111669e-02
-3.034367025535531642e-02 2.979886235992724314e-02
1.034588126111745873e-02 2.045451994865385772e-02
-2.793748499212422246e-03 1.155624330896838983e-02
3.470711710192028732e-02 -2.004376805155879543e-02
7.124433936730224098e-03 -2.799785646875009928e-02
6.480373333410906407e-05 7.857918472049026798e-03
-4.739923370697354810e-02 1.411756698845757427e-02
1.353845672759663825e-02 -1.146493466917693563e-02
-2.006127767280170907e-02 -2.497544083011076291e-02
1.107744902548839228e-02 -1.450496759422298561e-02
1.961627216555413347e-02 2.601466166856768181e-03
2.584860058978181302e-02 2.285391270653620160e-02
3.570833800329329538e-02 4.918504562778681921e-02
1.329695438242379027e-02 2.547269338751297421e-02
1.141336405411739856e-02 -2.523444212440723380e-02
-9.183147621811929215e-03 -3.726060001329942889e-02
1.500408882095979196e-02 4.706961824611252503e-03
2.283776789456383807e-02 -3.087564540240348224e-02
-1.668322391968464491e-02 -2.545752991782901722e-02
-1.234513480004803022e-02 -1.665101127349668739e-02
1.708058623248686486e-02 6.809661028221241589e-04
-1.047813113364274261e-02 -2.554946630885043205e-03
4.458222959317418438e-03 -3.068497763599340941e-02
-1.626101950589280143e-02 -1.490027512263112329e-02
-1.394511551440054051e-02 -3.392583809772842327e-03
3.446233312977191321e-02 4.103802709874801447e-03
-4.502930764124451687e-03 -1.846506755190618215e-02
-1.065857618396948842e-02 -1.532963476664766546e-02
-4.068935008847830714e-02 9.705810839661254200e-03
4.379265160930235351e-02 1.367737128493821779e-02
1.999676078759605319e-02 -1.122197865443225889e-02
-1.876081090604503690e-02 -1.892049322852603190e-03
-2.970125038136111478e-02 1.838932506124798735e-02
1.180505656125694670e-02 -4.077291413801404502e-02
1.556717579270114511e-02 -2.125027780617828876e-02
2.435525233672890602e-02 -5.915169899976154000e-03
7.625246735706870879e-03 9.156034207270730488e-04
2.158342025255431673e-02 -8.074184030230854153e-03
6.192845907133511310e-03 -1.439012155103582512e-02
1.885027466503376437e-02 -5.821736104848732632e-05
-8.959130491636027940e-03 -6.170700954307473639e-03
-5.411752103996062338e-03 6.324681548093731825e-04
-3.550879292123369779e-02 -1.273117601330701551e-02
3.877088468501823509e-02 7.662727064986742803e-03
2.214338615815133679e-02 2.861943310703765619e-02
1.349548693359756482e-02 2.912663448776862604e-02
-2.593795111080925142e-02 -8.230819000376770125e-03
1.723692263120560689e-02 1.987643699341050049e-02
1.770132891621275378e-02 9.744521673556152605e-03
-1.481361436602481648e-03 -1.795708681841667181e-02
5.917621602615100694e-03 -1.952897360175499060e-04
-8.817670225907231832e-03 8.148084893294492079e-03
-4.379920884022156513e-02 3.041664507863268280e-02
1.545032303320481755e-02 2.220041201804665368e-02
-2.958625826395057390e-02 -1.517805554007446885e-02
-7.990724789306419967e-03 -1.012689962600769530e-02
-1.976485485165848516e-02 2.646989687777144898e-02
4.805815978765103774e-02 1.119679947808484809e-02
-1.949285386510934406e-03 4.780110803196245539e-02
-1.515944182580176991e-02 -1.673766166781970322e-02
-1.405296435630840751e-03 -3.037621938697519092e-02
-5.095383368746957001e-04 1.677923795266493198e-02
-7.420255829183364064e-03 -2.164926831747385552e-02
1.974674768872730635e-02 1.534239104075739088e-02
-8.575511372579161171e-03 -8.800555083159824349e-03
-3.368568679445122643e-02 1.087824941631609053e-02
1.678563350986519639e-02 -4.998835787333719138e-03
-7.017231856147130263e-03 -2.549528268346949733e-02
-3.666383642554982367e-03 7.361070616735699776e-03
2.093457971385481037e-02 8.842361978042907050e-03
1.897239983165276839e-02 4.221477216404306149e-02
-1.650767276132341158e-02 -4.319140441087168485e-03
4.326468107600926760e-02 1.721180288878315298e-02
1.174263889494121804e-02 7.251609545519597383e-03
2.183284865836642233e-02 -1.459205508974980268e-02
1.791702347875561221e-02 -8.171410465670962339e-03
-2.384742894239329572e-02 1.600336128582353912e-03
-1.623591137900616543e-02 -8.836613476654816418e-03
-9.072190662808786096e-03 -2.934105492615091473e-02
2.539602888199589056e-02 4.230763266079613782e-02
-2.819328150823615861e-02 2.499958895250550817e-02
3.578412064693289873e-02 1.723083945910907494e-02
7.226819321151383910e-03 -4.157810488784377187e-03
9.293668289212863448e-03 -2.902338380634644083e-02
1.999083389747035450e-02 -1.646990891884542868e-02
6.042065690377856207e-02 5.158834264105210260e-02
-6.295892824200806370e-02 1.383132165273344427e-02
-5.708271849164152194e-03 -1.942448158341661402e-02
-2.629211926815052877e-02 -3.666887757709522133e-02
-1.844362869356954565e-02 -1.639013962683268100e-03
-3.190904047719667763e-02 -1.449047788477404904e-02
1.313609377013126751e-02 -3.010623060761769346e-02
-3.406397313280717237e-02 4.148741235831266555e-02
-1.555180864502705117e-02 -8.341235674243996367e-03
1.661334113096775422e-02 -2.434510293690334698e-02
1.363187744976402695e-03 -1.141861735600875616e-02
-3.471733712159248003e-02 8.691498450464676603e-03
8.782409482531432915e-03 -3.032339052360649018e-02
1.863778815614321877e-02 7.695369253468947734e-03
-2.280668704536048183e-02 -2.433333938162193528e-03
-2.535595910220794433e-02 1.795244778518202342e-02
1.561047931624036898e-02 -1.232706802244660192e-02
1.708921040242480233e-02 1.964109256331174943e-03
9.821791760387516695e-03 -2.507342646558449392e-02
-4.304756423818108940e-02 8.750124663085159446e-03
-1.078032329966866106e-02 -3.661709992701441679e-02
-7.167271302895603796e-03 1.260104486490278355e-02
-9.901362958369464007e-03 3.350698354639648768e-02
5.254388707454694246e-02 2.824739345074345556e-02
-4.202638517120934475e-03 -2.013740254250477937e-02
4.586563323509509904e-02 2.282547658166306920e-02
1.464307737072302780e-02 1.806050976957596782e-02
-8.280649035540944489e-03 -1.884187004999660076e-02
-1.521916588634067945e-02 -1.529855770591822574e-02
-1.859966951130571575e-02 3.332685618870685762e-02
-6.049516792481771836e-04 -1.820812965913876091e-02
-1.933896237300953072e-02 -9.742639145116471777e-03
1.996991413075126925e-02 3.362623505132252694e-02
-2.892951185602903735e-02 1.134741207244855006e-02
-4.037800364606264347e-02 2.832765254050284565e-02
-3.786664063297826531e-03 -1.700166618610404745e-02
3.607527908497039359e-02 6.649055629447328530e-03
1.753256747076869029e-02 -9.577438047802217663e-03
4.274141752717878356e-02 5.980127486713484632e-03
9.985830675847766000e-03 1.974142581124557760e-02
-1.285510106640397159e-02 -1.774675342584831200e-02
4.763338140223889565e-03 -2.250072079382936952e-03
1.179316117507050229e-03 -1.515736985439862516e-02
2.561161313963584638e-02 7.830799688626327235e-03
-4.635406463215729911e-02 -2.184291216996675500e-03
2.475690527944288469e-02 8.494345374520142697e-03
-2.883666223069144066e-02 8.705526404407061547e-03
-2.504089456794499069e-02 2.506270840168173253e-02
-1.294921742127103613e-02 -1.801153003977798775e-02
1.754899957982809788e-02 2.303447791476475801e-04
-3.445591850376879955e-02 -7.662058756765090066e-03
1.057266208230360494e-02 1.609855583286545072e-02
-4.768261430985709128e-03 -1.213303960327261760e-02
1.135494625580427998e-02 -2.116918881496028873e-02
-2.682455822735572981e-02 1.228319784576680472e-02
2.827165079568418754e-02 9.673401880072225040e-03
8.412030327898670700e-04 -1.649043782366730465e-02
4.361120801482598619e-02 2.912940518986653713e-04
2.216263959083504195e-02 2.251019745623238002e-03
-2.850128792189125446e-02 -9.120826172527492573e-03
6.399134199630893312e-03 5.553522771013524699e-03
-2.380192532429932159e-02 4.530597170726929912e-03
-2.755934551467425705e-02 -8.332393934072564526e-03
-3.457221841502637616e-02 -1.512342703229818328e-02
-4.684876876760246146e-03 -1.842719636356951463e-02
2.480478873535760936e-02 4.549052893595892377e-02
1.524356142609905110e-02 6.964858729590781006e-03
3.477544232585104336e-03 2.030697444640011586e-03
1.111704956790281022e-02 -1.962388774609544195e-02
4.369107245137495051e-03 -1.719940850682672231e-02
3.382880218039505116e-02 2.084273552722985118e-02
2.957678423479370537e-03 8.739217917105595104e-03
-2.757654258634032254e-02 3.881803144690863100e-03
1.573239363083486081e-02 -2.373172172494145485e-02
-4.719804819402260987e-02 2.497239661041235001e-02
4.125218800184841939e-02 2.189262692060872130e-03
-2.421084957514306121e-02 -1.751673676998508067e-02
3.307294449524684349e-02 8.239260813986772070e-03
4.904915114491219599e-03 -2.267970813514583184e-02
1.936782192685217521e-02 2.658572803124303885e-02
1.120416809473884570e-02 -2.307066822290530089e-02
7.366205578299105453e-03 -8.726091362733432431e-05
-1.512476183339770894e-02 -6.503912003811284336e-03
8.594645760674085935e-03 -8.733895216076249541e-04
-1.409014691878297983e-02 -1.571681577332427644e-03
1.077688514675636134e-03 -2.159663683697084224e-02
-4.256251593243190641e-03 -9.802726180002880110e-03
2.136834916216225760e-02 -2.699026197371895419e-02
-9.369059791123649991e-03 1.808662717713941607e-03
-7.382616885239202953e-03 -2.073839674448165957e-02
4.254108168636451526e-02 -3.251661462598027900e-03
8.966215282825748534e-03 -3.661954750891540603e-03
-1.504508426684596917e-02 -1.648132125251250066e-02
-1.209416892281065664e-02 2.039525669307913278e-02
1.630339027626766246e-02 1.880165096038878200e-02
-1.301603954800035871e-02 -1.124361109251849865e-02
-7.672459630491397335e-03 -4.362582881746704562e-03
1.984960430843975276e-02 4.159782708084184925e-03
2.550433083197647249e-02 6.075148642326846926e-03
1.925985190063455796e-02 1.747417769284023443e-03
1.262773656123066489e-02 1.509793214156428254e-02
7.017581207777580030e-03 -3.201256705280487030e-02
7.446465494538485885e-03 -2.216915838621453042e-02
6.593121799587571032e-03 3.812420892717864607e-02
3.215381279267028741e-02 -5.949122517988391159e-03
1.676473301374617128e-02 1.748892809848315993e-02
1.492553329873633206e-02 2.878750058164305375e-02
-1.597748510524032300e-02 -1.454357982180167624e-02
-2.482250673346724987e-02 1.235305730133675998e-02
-1.409911906430982333e-02 1.222394908694532031e-02
-5.240453040009451433e-03 4.513575106751762517e-03
-4.854064053863518802e-02 1.967603230906306289e-02
1.241991782226802010e-02 -1.881206435385556625e-02
2.906672627313611982e-03 2.291212092209403677e-03
-4.153880177263351986e-02 2.807362071746005369e-02
-2.044757390765132229e-02 7.414682989293298887e-03
2.849547502608929753e-03 -3.234852825231671752e-02
1.824096369423869324e-02 2.945679063720721066e-03
1.304892052682482886e-02 -1.777127007948272469e-02
-1.308189118598940314e-03 7.110144326780910157e-03
1.270700394416175716e-02 -2.281352067326324583e-03
-3.329420233955171504e-02 3.279617607653186051e-02
3.621798846604658284e-02 1.216669909529029085e-02
-2.162474314510880180e-02 2.277819515111495496e-02
8.878582016180785325e-03 -2.158055879395234453e-02
-5.411897567723806916e-03 -2.075176874078616882e-02
-3.256943025534479730e-02 2.636304535118799003e-02
2.096572435321073999e-02 3.073720644392426843e-02
-2.710229452466111910e-02 3.022193231299874494e-03
2.647814233091522890e-02 -1.187217752772188944e-03
-3.929396820629215553e-02 2.241978464311696409e-02
-2.153199762213495877e-02 1.897055306059954038e-02
2.188583021258083683e-02 1.316456824350322428e-02
-7.182078363119805652e-03 -1.777719488256129451e-02
-4.204973805802250317e-03 -5.183145472452433409e-04
-9.062049454084215513e-03 1.049224547632502010e-02
9.760396859385884680e-03 -2.050877898941450006e-02
-2.216463038454070597e-02 -8.646851636647941500e-03
1.281766489412875659e-02 -1.413712889888086785e-02
3.094884231726898610e-02 3.478188456890631691e-02
-5.595857952222756462e-03 1.948738956078435161e-03
1.133954917110122258e-02 -2.713901123399902957e-02
-8.325753433558766986e-03 5.274335769922199567e-03
-3.346125505602220388e-03 6.357649778699988111e-03
-2.652545158032276057e-02 1.916973781818126152e-02
-1.419667425917761801e-02 -3.067977568524193205e-02
1.388051462275011888e-02 -3.150790926699459371e-02
5.041675585466489327e-03 -2.756792787664066879e-02
-3.632768927844787915e-02 3.765961094745515214e-02
-3.609409394720628633e-02 1.268008176047076378e-02
-1.583998705641603616e-03 -2.449880997940006092e-02
-2.696982410175647465e-02 1.736858349370379306e-02
-5.573303519186762096e-03 2.257057298540792161e-03
-5.029884176927036698e-04 8.023084677674742482e-03
1.596459609840587476e-02 2.690206639209626049e-02
-4.016817879591329243e-02 5.928634938878904644e-03
-1.318438967072228102e-02 -1.600278568935448523e-02
2.427094401414958691e-02 2.387568141148912939e-03
2.092482475198675917e-02 9.387822100138554227e-03
-2.127821503870245060e-02 -2.047532095573420616e-03
1.655760947664743424e-02 -1.600804836907753978e-02
-8.930361647075639106e-03 -4.677774568426747506e-03
3.451596809150784487e-03 -2.164275054294621456e-02
-4.072371633821975090e-02 1.992028256637579792e-02
-3.898461956957893770e-03 -1.942142000917232436e-02
-2.229469940051370929e-03 -2.707727601736600875e-02
-2.001794927121868309e-02 1.941554513626630660e-02
3.279795639344632724e-02 3.075813014576616461e-02
-2.050026363644689292e-02 -3.130487265004443242e-02
-2.065483108340625262e-02 -2.005266453025138923e-02
7.725721715780497004e-03 -3.828617521858208427e-03
-1.594736909639029795e-02 7.856284265108776782e-03
5.400636955291649582e-02 1.602444905829897639e-02
-1.869074756737520646e-02 -5.324052467315672395e-03
3.016580934900542983e-04 -1.690513323837827125e-02
2.403998220638630268e-03 -3.284254955396621184e-02
-5.711477439330604408e-03 1.052586119534786729e-02
-2.159438116366869248e-02 5.300836544650716631e-03
1.537511717478661985e-02 9.017342455503766022e-03
1.998960165711393538e-02 3.167875486643336597e-02
1.297959416530247712e-02 -2.739982026678372540e-02
-5.438248556421262925e-02 -9.378587635958397783e-03
3.069778363530670847e-03 -2.132288807750407078e-02
-3.193735013131798750e-02 -3.185489339046037455e-03
-1.845581036950434337e-02 -1.737057893498021241e-02
-3.748897322471502619e-02 2.015097913360274287e-02
-5.008584575579325474e-03 -2.791635459059324878e-02
5.235325199448914724e-03 -8.198746487638212607e-03
1.863078001352382745e-02 -1.757167863066612032e-02
-1.276999480777690418e-02 -3.112952257487955430e-03
-2.982480184416683860e-02 4.774305777148353525e-02
-5.149538028415668635e-03 -1.865278849605868025e-02
-3.386868322555311450e-02 1.672140426413516040e-02
-3.229922386143153218e-02 2.473283520057689699e-02
1.499154167648378798e-02 -1.835455224694960974e-02
3.061797993301880808e-02 1.022289327688893044e-02
1.231087876652691392e-02 -1.424442510183195065e-02
-4.983883012360721537e-02 1.297208126518396148e-02
1.118268467860999245e-03 -2.040786506753940188e-02
-6.493646079113073177e-02 1.264385787520645732e-02
-9.427644233926621995e-04 -2.483137470240953312e-02
1.483045649930782479e-02 3.100019235441570618e-03
-5.961724404802148675e-04 -8.735453731776489025e-03
-2.893055375580875013e-02 7.465703556381827512e-03
-4.178869631284424027e-03 3.731595896681227931e-02
-1.580107538163873226e-02 -5.511245071836333659e-04
1.154740044159313118e-02 2.193768798732043807e-02
-4.212130895298800415e-02 -6.368799188395907022e-03
2.860708210307313579e-02 6.030271766830005119e-03
7.408043161159057893e-03 -2.379845856020081779e-02
1.067750411336259621e-02 -2.040398652608709298e-02
8.575110523860641001e-03 -1.210452042353572268e-02
4.124106028098500909e-02 4.786109759430316572e-03
1.266463963859633043e-02 -2.569012909841301984e-02
-3.379153270597623059e-03 -2.709305952501292469e-02
-2.150887695268180119e-02 2.502786346281705987e-02
-9.259547585343828879e-03 -2.317224246953875771e-02
-3.721986536346554020e-02 4.248268454352410219e-03
7.265792526001707552e-03 9.677887275026164637e-03
2.119697042504700354e-02 -2.242281002042177673e-02
2.952324491749799135e-02 -7.010909437699642220e-03
-3.811583386195909612e-02 2.045263197651181475e-02
4.004317376881717100e-03 -1.027576539146360900e-02
4.396057781336749209e-02 -2.691822679149523476e-03
-8.994043843796050569e-03 -3.261473596987848195e-02
1.555940643086035392e-02 -1.817397567088259447e-02
-4.705268151717982572e-02 1.366454635747638147e-02
2.744832030540797496e-02 1.350335313364467655e-03
