7.090374258472964368e-03 -1.469043949616559257e-02
-1.893758951349773859e-02 -2.934757577951137980e-02
-4.314054627909673367e-02 -8.303567740872470557e-03
5.915119205253439177e-03 3.180851882844903250e-02
-5.842219418497566520e-03 -2.595153158283544648e-02
8.615908859171933065e-04 -3.626405357861207761e-03
1.045750687070253621e-02 -1.008566179655909049e-02
3.160063299252413582e-02 3.928144928906737721e-02
-3.042482417913226159e-03 -2.043138126657157924e-02
3.526111759997483525e-02 1.817480456396492958e-02
2.286982465854240504e-02 3.577934166664101853e-03
-4.502075175870921819e-02 7.013454522008617451e-03
9.309527867965275340e-04 -8.510335138762320159e-03
-1.913089148460381944e-02 5.369518275023656834e-03
-6.281792675687163791e-03 -2.565238460933636985e-02
-1.363239167571812446e-02 -2.268759373823811543e-02
2.581904400793527329e-02 2.438773672821472130e-02
1.666578499898719104e-02 -1.489079368694279544e-02
1.388281658555202622e-02 -6.716979117828427229e-03
-7.055125283356329484e-03 -8.699394534224738282e-03
1.340594861660441769e-02 3.758173541277649854e-02
-3.216461301134913159e-02 3.077623409048729775e-02
-5.657630395137610430e-03 7.432841182756559813e-03
2.198151867283651070e-02 -2.528005578710385351e-02
-3.047574384594876548e-02 2.340592643864854074e-03
-5.460746714566249577e-02 1.810296385707362010e-02
-6.901916061098296688e-03 -4.902775114461531240e-03
1.498632088858022939e-02 -2.803216845542586336e-02
-1.602790060552287607e-02 -1.405133821365786616e-03
-2.561493679842587190e-02 -1.216758854837174213e-02
-2.967269348800255502e-02 9.366680610956846370e-03
-1.445768968174277434e-02 -3.115856152277400593e-02
3.630413713368020601e-02 1.625093979091944696e-02
-1.597045042271674764e-02 6.337232916912397505e-03
3.169444061455754802e-02 4.056693811296752106e-03
-4.794358804294367865e-02 2.118730792956785916e-02
-1.436226154446801351e-02 9.593099422619594599e-03
-3.960263458920691704e-04 -1.721806575592852925e-02
3.778801954001400482e-02 4.268866160939797580e-03
1.662777668175612761e-02 -2.450579684797692462e-02
1.516812515253169319e-03 -3.547481879593668286e-02
3.512687475653178751e-03 3.792562577327592607e-03
-4.500825839245737453e-02 -8.336953649936040128e-03
-2.646689125850455737e-02 2.667146579640506179e-02
-4.148314382788349103e-02 4.768774989248629123e-04
1.387125559230835935e-02 -2.892280554929354749e-02
5.220609846341821986e-02 4.594987706019065810e-02
2.009011859889757445e-02 -2.607853783837634290e-02
-5.572260041492210596e-03 -1.114458314303195738e-02
-5.210169651293972484e-03 -1.598053451067720301e-02
2.175648655533130027e-03 -2.643026735167707669e-02
1.381815405631006861e-02 -1.489085299474141033e-02
-4.155216740000080428e-02 2.609897452285112746e-02
2.986410901443848059e-03 -1.980358680162691218e-02
-1.674086073713759726e-02 -1.442556139977629534e-02
-2.690128842333181641e-02 2.544402603943514418e-02
5.428364250940868191e-02 1.245327083172866230e-02
4.389319742557396681e-02 1.926154031380572160e-02
1.398531909780042527e-02 -1.181036153645947592e-02
-2.258184438081776643e-02 -2.268273457694932813e-02
8.424007985838163556e-03 -2.175284590895751671e-02
-1.522331427220092494e-02 -5.044658929855529855e-03
-9.138740907638295483e-03 -9.535809748429284818e-03
-3.564138055783809544e-02 1.754170552134995745e-02
-1.954578862059863295e-02 1.127000155620605341e-03
4.725191977181943809e-02 4.524954845656897068e-02
8.355049127956417406e-04 1.070578231017208296e-02
3.456496161228968939e-02 1.547421446845069146e-02
1.581336128776231024e-03 -1.050358038648297777e-02
-2.810208273404700072e-02 3.087877829607422672e-02
2.973894111945810451e-02 -3.738868847851718746e-03
-1.693703015685187746e-02 2.814628256372887424e-02
3.277909266063749882e-02 3.572968501852432158e-03
9.197685843805050721e-03 -1.602913571005393917e-02
-7.386140531744109054e-04 -2.598877898343986484e-02
-2.953827375822760601e-02 2.828986421997422424e-02
-3.135768388525557449e-02 2.682234789389575935e-02
-1.747306095803978845e-02 2.848544586533369779e-03
-2.136776993684780246e-02 3.367906097030055890e-02
-5.522245545983089747e-03 -1.840362220877396829e-02
1.164041195581455405e-02 1.024711859001206822e-02
4.017652415045314812e-02 1.628466464266251079e-02
-7.020635317894962854e-04 3.901591427464923961e-02
-4.851318884157758415e-02 7.266683326274633089e-04
-5.682934554809193108e-03 -2.293154118408831377e-02
-1.109091866994875615e-02 2.545514877061080816e-02
-2.168294452099087805e-02 -1.061317355378883429e-02
-1.912701757360993349e-02 4.713539137234814408e-02
4.628534397843398970e-03 -2.959219411059715865e-02
2.577080882124616404e-02 3.735454650011418853e-03
-2.102750654132676950e-02 -1.630886471848231808e-02
-2.018849440610998719e-02 -3.610971455726771223e-02
-4.022972355939393591e-02 1.612067086972174615e-02
9.772893466238798815e-03 -3.170266107971377034e-02
4.867932823040001938e-02 1.231510445668783718e-02
2.160491611585307545e-02 1.841977704548777850e-02
-6.320724002076230641e-02 4.259899850404429839e-02
-1.618922979597057013e-02 -1.496091236044840012e-02
2.794636129769284549e-02 1.794371307475437632e-02
-1.625805545176371367e-02 -1.345907680506845498e-02
-6.825875507513715426e-03 -7.031786823024876489e-03
5.975618400743050972e-03 1.811487360697888044e-02
5.199247348817197072e-03 -1.774664212487346224e-02
-5.080741685468141006e-02 1.935107129681298138e-02
6.861143633856524662e-03 -8.717951316151573496e-03
5.691350279097141633e-03 -2.461040026450034626e-02
4.042780624900099012e-02 5.516607181868144610e-02
3.551632690347593380e-02 1.650954098896100994e-02
-8.525112789380702785e-03 -1.202977884441209719e-02
3.727585230327833121e-02 1.514919692293175552e-02
4.173902152057402254e-02 1.563565168191970514e-02
6.123909516914878386e-03 2.153705462838850088e-02
4.304269780875931428e-02 9.699405378369527903e-03
-1.948498931775238460e-02 -1.945753733539875435e-02
-7.540921397000302333e-04 -1.159902851762463320e-02
1.598234294645862336e-02 -1.635819213173154985e-02
2.450438856216379142e-03 -2.471053241520238322e-02
-7.085371830365532440e-03 -2.926579357544734084e-02
2.847913667151662567e-02 -3.979347881560638123e-03
-7.695283716167289345e-03 -6.782490728013761648e-03
9.008361220864765165e-03 -1.544260851447519858e-02
6.579224729394217604e-03 -2.163362757045438414e-02
-3.260563174622472041e-03 -5.268713334854308039e-02
4.432241797128353561e-02 7.234570871410650299e-03
1.156704725020180242e-02 -4.639325985800303934e-03
-3.041021878601589401e-02 6.692002155963654164e-03
1.557514905673705596e-02 -1.880152781948299379e-02
3.472081824539864636e-02 3.911283276611262488e-02
-4.362768392103975879e-02 2.450098768218550438e-02
4.462260365256621834e-03 1.055633174217918309e-02
-2.628938426790214389e-02 -4.269780728875697574e-03
1.511569020319531755e-02 -9.118830974188751881e-03
8.475755121583735882e-03 -1.003423998077890809e-02
-3.153008472652394766e-03 4.509753794797433796e-02
-1.583064026317472853e-02 -2.228009342659569708e-02
2.322436862386708257e-03 -2.169554916147755849e-02
1.144981501980737310e-02 -3.099725806047989168e-02
-1.101305242741024322e-02 -2.628602807342825601e-02
-1.437155253515834917e-02 -3.171040762463278595e-02
2.574013935441091250e-02 1.774941875283653214e-02
7.633205207402717074e-03 -1.754304430564950293e-02
2.829150729582137827e-02 3.028803974259041114e-03
-4.296158399456280128e-03 -1.217292229768639385e-02
-1.503918314472133585e-03 -3.218215687350408499e-02
1.233712327435369967e-02 -2.619393919785185237e-02
-8.540366700501353728e-03 -2.153688969764277344e-02
-1.694157935064257922e-02 2.083960500312819625e-02
3.946364350355454492e-02 -1.602488864986007996e-02
5.276451361266219081e-02 5.091503695252765083e-02
-5.665030642343871388e-03 -1.548033041415378813e-02
-4.269529386982686553e-03 3.628738474255154695e-02
-2.400856451039073622e-02 -2.183257980559580660e-02
9.072536416690269931e-03 3.427368546054627377e-03
3.172747548305546172e-02 6.880802383213927703e-03
1.108652172457943140e-02 -3.464029148903699507e-02
2.481050707511772702e-02 -5.477979802093672738e-04
-1.378016047282713125e-02 -2.831853205012712510e-02
4.375660014124482800e-02 5.262563493104048529e-02
-1.166971694816690969e-02 -3.210578276141396598e-02
-1.087136965755864867e-02 -2.809291613452940400e-02
1.123931370783486094e-02 -1.526239084077344807e-02
3.710132663790883384e-02 -7.619474188879270075e-03
7.085870880153539650e-03 -2.790548218670431402e-02
-4.775587669182228268e-02 7.521408683432474068e-03
-1.952842059204353692e-02 2.864550226571826314e-02
-2.556179168249804803e-02 7.331268165283922125e-03
-1.442485872080307742e-02 1.509580765425780000e-02
3.718618473735757490e-02 1.803567343040035978e-02
-1.578406798942814243e-02 -6.477849881555346884e-03
1.505370754690011671e-02 9.404512511712181597e-03
-3.327182933867665893e-02 1.854981700878312670e-02
-2.478985245595710998e-02 5.316194757921591371e-05
-1.676352142553272709e-02 -5.334118766160154089e-03
-1.098623247123488474e-02 -1.337667347627905694e-03
-1.692445931786455346e-02 -4.598095851880318850e-03
1.972161835585451144e-03 3.198770090699535468e-02
-9.820433391983162882e-03 -9.827564814478041005e-03
1.046801341847750262e-02 3.040911152100544274e-02
1.679207095311527342e-02 -3.927763511476265769e-03
-1.405666579058472213e-02 -1.526198667569588462e-03
4.386720373460121364e-02 2.779217877512843091e-02
2.437395264124980407e-02 7.684610086757021410e-03
-1.210784370992587511e-02 -1.232314174086729603e-03
-1.587704077170695380e-02 -3.293727956346938473e-03
1.001685587265546511e-02 -8.687555584521885338e-03
2.055136185312072400e-02 2.202818593317230553e-02
6.887860153262020252e-03 -1.977139792434540189e-02
3.683572402293544545e-02 3.756516315596951372e-02
-1.799388365160867111e-03 -3.229377009482452265e-02
1.258758296640813054e-02 -2.682742327362367882e-02
1.146113187848932236e-02 4.131946823406028313e-03
2.164335255612753056e-02 -1.253948886778203688e-02
-1.128601010091829365e-02 -1.849625129554787611e-02
1.740679527212599418e-05 -1.349881509609274837e-05
-8.850038053192104542e-03 3.390107688550535875e-03
-3.215245099222692471e-02 -1.965268836240150526e-03
-5.432936837695992623e-03 -3.703318690441531613e-02
-6.427078952742634049e-03 -3.116947274458989944e-03
-3.915494788055973174e-02 1.661531268905053899e-02
5.576643710265235393e-02 1.884582894533629732e-02
5.991079196507263760e-05 -3.587704872072457890e-02
-2.501010229544184046e-02 -1.152165495509938596e-02
2.717751741721284586e-02 1.746445350831930809e-02
3.802791730912676027e-02 1.791054623927308340e-02
-1.212533763273238203e-02 -1.216045013753711337e-02
-1.608499761459742175e-02 -4.254710861873500782e-02
-4.394070335038961772e-02 2.393004236036213803e-02
2.066162632265286514e-02 -5.179078411974345715e-05
2.922005081888385050e-02 2.053319098154100103e-02
-1.172699795879136343e-02 -3.022402350311770292e-02
1.305380401608152371e-02 -1.558846764846216759e-02
4.077156694044029722e-02 7.308862996881426537e-03
-1.800737036998314999e-02 9.557415597793482778e-03
-2.728551927497928353e-02 1.693729233702142081e-02
8.611460849129214459e-03 -1.615828567422881610e-03
-2.209528176441113881e-04 -3.885221682291623707e-02
2.066322742779350130e-02 6.711998378271554107e-03
-2.023680166334354547e-02 -1.324076293739822816e-02
1.073501573694799795e-02 -2.889583816318696402e-02
2.292909149233282942e-02 8.030663243936869353e-03
4.642201992697834317e-02 5.766212516811999172e-03
-1.822931936650662790e-02 -7.776999997373697238e-03
-1.416457892280567274e-02 2.175577752399478898e-02
3.384891848801659803e-02 4.064932160281334306e-02
-7.805901373760808400e-03 1.448442547322981120e-05
1.901441827107562196e-02 -2.306675210026891756e-02
2.129366509610423203e-02 -9.438662769998358917e-03
6.930505434944268317e-04 7.640580509800929017e-03
1.075038020689692529e-02 4.267193445735305291e-02
7.517311014434460183e-03 -2.141967043424216136e-02
2.297750479887002498e-02 9.450112781679507676e-03
5.735550098123125967e-02 4.641664302157241795e-02
-3.893676521265965196e-02 2.283192582474834198e-02
-9.145852111784289612e-03 -2.751943695328301978e-02
-1.423859188246669964e-03 -2.274086771787914296e-02
1.963899998277895617e-02 9.883682998076924464e-03
3.375038709016648687e-03 -2.986802297661839394e-03
-1.629602702844344317e-03 -3.200530171079409014e-02
1.174677842270925587e-02 -2.334138849963229845e-02
-4.837771557266901112e-02 2.610745362321175919e-02
1.046075790925561112e-02 -2.454307147262919236e-02
8.987176369492247494e-04 9.906056664413709269e-04
-2.921709921739143109e-03 -7.110808045480903478e-03
-1.611210038007483691e-02 -7.462666322809292929e-03
1.850029247405872088e-02 4.312161892302401357e-03
3.729867920327385039e-03 3.398527649613281021e-02
-2.416850974133797139e-02 7.201469198184825594e-03
-1.509324429112433516e-02 -4.008465774655252389e-02
-1.664816272410280310e-02 -1.312153043835840964e-02
-2.277340425564773618e-02 3.869605129400551652e-02
-4.702642649417917813e-03 1.860570946697622310e-02
1.793349084328258597e-02 2.116570275466741775e-03
-3.763818296594812667e-04 -3.023795184049653598e-02
4.301561722422416606e-02 1.567609656429025042e-02
4.641832439284980169e-03 -2.401438411666676973e-02
1.636298425069697415e-02 -1.421180515563614209e-02
3.670434300018075857e-02 1.692718542695626632e-02
-1.062976692713503424e-02 2.973080313336295966e-02
2.511673565881513553e-02 -1.825625214691875900e-02
-2.204901751386982231e-02 -1.083720136972296695e-02
3.697439112922615290e-02 -4.550002822006710135e-03
-4.988953206826803044e-02 2.626920608508409583e-02
2.763258192513374720e-02 1.305216962620996297e-02
4.286165371981048161e-02 1.492004037320568063e-02
-3.837765626863740964e-03 9.951777046000394658e-03
-4.836780215292141479e-03 7.843295949099949801e-03
-2.047542603250368867e-02 -1.689683156599199737e-02
2.867621762263741075e-02 1.248595871233433227e-02
1.592571733340440027e-02 1.514520515908102972e-02
-2.938591535216897310e-02 -6.395090803522129018e-03
-5.266807505262739719e-02 9.819429612780701359e-04
-4.277707862767968564e-03 4.226125400786212225e-03
-3.824477080952862207e-02 3.215714463466275846e-02
-3.173006501271949387e-02 1.887431880939268239e-02
-8.292264918870324809e-04 -1.515800342355125632e-02
-2.330051320108595878e-02 -1.419713070184262273e-02
3.285334895862794535e-02 1.223465250708081868e-02
-3.022476826729528568e-02 3.555142718214343578e-02
1.408398081495226307e-03 -2.615248570682234333e-02
-2.290404061125202173e-02 -9.749985765561471063e-03
-1.578214158424646671e-02 -1.105946367093360062e-02
-3.482864970576054348e-02 -3.681585902958659038e-03
-2.231953341791072503e-03 -2.180650346583026464e-02
-7.434379532186223549e-03 -2.051988574569500040e-02
1.385532233456467782e-02 -2.848835812898008104e-03
2.857747617872309284e-02 2.345745274050642371e-02
-2.201609870130988647e-02 1.353709680303957948e-02
-2.488433324237943750e-02 -2.832840045818906319e-02
9.788640490162708527e-03 -1.828771335226173729e-03
2.061784156898533588e-02 -4.789295422144494545e-03
3.640675463778989679e-02 1.967265436205795168e-03
6.812058280999159880e-03 -2.985530565915390025e-02
-3.183000486224202980e-02 3.478413964138541564e-02
2.744297839733499805e-02 -2.183200386913986685e-03
-7.222113137893670931e-03 3.011927255291123665e-02
-2.049017437235459843e-02 -5.363989226928694148e-03
-3.118928184373124732e-02 1.769943051829509298e-02
1.610954031653880070e-02 1.512911179468206732e-02
1.314438234604638038e-02 1.154835778251718688e-02
3.030306915424518105e-02 -2.197421967835900582e-04
3.681936115079430943e-02 2.213961431704024665e-02
-2.139182418799234070e-02 2.205913044884894730e-02
-2.692046890479228224e-02 1.110667487315136932e-02
-2.442301202715313826e-02 1.171689434872179997e-02
-4.280148203234815374e-03 1.128019385073140458e-02
-4.615443438203901960e-02 -4.554425502121123293e-03
2.387251539398615660e-02 -2.140351326730856318e-02
-1.917566622862004397e-02 -5.831985362634839291e-03
9.658434278028571332e-04 -1.728359331065427648e-02
-3.428785485243835557e-02 1.395642888985145109e-02
-2.100164062360426048e-02 -7.323712974698887157e-03
5.844176898315229900e-03 -3.788927924893201833e-04
-3.469874175401199690e-02 1.101225670179533690e-02
3.355979526583307594e-03 -2.458323541708428220e-02
-3.091005300054688095e-03 -1.017670160059063605e-02
-3.821097488444667734e-02 2.329713277824892875e-02
-1.535022799845134345e-02 -2.029375540875532138e-02
4.214184982216646717e-03 1.019263786938994984e-02
4.845447477082522915e-03 -2.183607793129014110e-02
4.030158766504935569e-02 2.216409213882505197e-02
-8.182555667046804287e-03 -1.868469314350417951e-02
3.937736951432519589e-02 -6.227436718028608181e-03
1.042072832956655046e-03 -1.860408797996746313e-02
-1.896367530346208460e-02 -8.068756563002840373e-03
-7.398556853433946486e-03 -2.033348317022957638e-02
5.635722579315083879e-03 -3.219431302600393990e-03
4.235222557200456206e-02 8.082627480384520571e-03
2.064322353054547435e-02 -1.782991751885008858e-02
-1.941242109994393769e-02 2.844099571427865375e-02
9.206615546742149409e-03 4.592422587657542070e-03
1.118916470169658189e-04 -1.816083846702936169e-02
-1.732028738863726491e-02 -1.304391145571719146e-02
1.473505118195076249e-02 -2.815543071949846640e-02
-2.847739526155610573e-02 2.848870783731571876e-02
-1.860887886384021694e-02 -2.132227174085023561e-02
2.697148941838443947e-02 2.137389309680160637e-02
-3.215678055196507373e-02 -1.161321142827348614e-02
5.427340261281279193e-02 1.953416946781962038e-02
1.498375983180828819e-02 -3.767890339106642200e-02
-4.819909394826855237e-02 2.080132884741351523e-02
1.941468785781811854e-02 -1.256293967834332115e-02
-1.992372361539893576e-03 -2.636667096636812358e-03
4.668497067920855323e-03 -1.764665309157095047e-02
3.994819489488241754e-02 -9.471373468260740891e-03
1.847217656644048120e-02 -2.493064568313020039e-03
-2.323502997137395776e-02 2.507795673785014490e-03
-2.316685476380156775e-02 3.299107741123641357e-02
-2.691539903110901424e-02 2.881849455670326340e-02
-3.346443419332630065e-02 1.358547002323396390e-02
-3.133756264490668991e-02 2.258875921073075915e-03
-5.467656154822757471e-03 -1.628002545067263468e-02
-8.471309014260752085e-03 -9.402947802187084161e-03
7.647337380519025722e-03 2.233165941723148917e-02
-1.975760154708280491e-03 1.586830081873152540e-02
-6.000326105859501123e-03 -2.035045647351142045e-02
-6.259208406266486210e-03 -1.134915366002866959e-02
-2.375309517949953167e-02 3.272949169075622250e-02
-3.834477673937572439e-02 6.648857976103077043e-03
-3.990671399856015461e-02 -1.195752871457711995e-02
-2.767547100390881781e-02 1.399334145923401308e-02
-5.395838988852282025e-02 1.479110315045899758e-02
-8.426611003071203532e-03 -5.382078055265016731e-03
6.640250974942156622e-04 1.586933452407292625e-02
2.447063069048849987e-02 1.820735081211119488e-02
5.259396945472523399e-02 2.283489004835565980e-02
2.585189502959498245e-02 -2.170651956981384332e-03
2.079146745442084915e-02 -2.098554111365391259e-02
1.378090466180680387e-02 -7.264128372200697251e-03
9.988539778897883095e-03 -1.550751181736589705e-02
1.347200858558111718e-02 -2.434553403681315870e-02
-3.013517150129512226e-02 -8.615231332181548865e-03
8.830374157575270749e-03 -8.866042336095586451e-03
2.670323259433452206e-03 -1.250939099831798601e-02
6.706680083853191338e-03 -1.497456702924642238e-02
2.400931191625717276e-03 -1.164872137405992616e-02
4.589950027065991395e-02 1.557205175704986892e-02
9.503136351847314657e-04 1.258676348501899279e-02
-1.112151306770756479e-02 -2.187286269267518530e-03
1.311565719405238112e-02 -6.904484942582365253e-03
-2.253035461100748663e-02 -2.969446341349056551e-02
2.072242142710420051e-02 1.185877228008783840e-02
1.318607569955425329e-02 3.005935708290543781e-02
2.342445684322075859e-03 -1.594502449493695462e-02
1.270383512912680139e-02 -1.552723378052503315e-02
-1.324129891655280965e-02 -2.569191806168654238e-02
7.823622436981422096e-03 -2.705559398613766042e-02
7.797018950000721496e-04 -2.064645727669229061e-02
1.301898082209856228e-02 -2.704846878183799624e-02
2.259128534250313958e-02 -2.020048976240028729e-02
-1.311994312789556243e-02 -1.346483731360965073e-02
9.534218150785877394e-03 -1.298086508082534236e-02
3.180219143160924883e-02 4.621547726358870775e-03
9.322142426082537583e-03 1.477184370518823398e-02
2.007242444819566304e-02 -2.007268843575236994e-02
-2.630554163072822485e-02 -4.099248168488718418e-03
1.376388937434108381e-02 -1.738251257993830151e-02
-1.772297661353230969e-02 2.844030462256296951e-02
1.125363528400467189e-02 4.505155052166445045e-03
1.182673111016441063e-02 -2.531616306652560364e-02
4.059539527494759881e-02 9.052960720824950597e-03
-2.287680265179335357e-02 -9.409535876791618597e-03
-1.737479580505667254e-02 -1.593987770860519695e-02
4.316039009843935376e-02 1.592362172484833652e-02
2.021734637346396524e-02 -1.954758303969484842e-02
-3.700143341211530740e-03 -2.963458619402882868e-02
-4.075224895101760281e-02 6.486448696921325030e-03
2.566260207469389654e-02 1.798833051842272518e-02
-1.881835311013288145e-02 8.911719032690786080e-03
-2.749055719667773540e-02 2.536095441852563581e-03
-4.410192359335011027e-04 -2.350743500268727762e-02
-9.339586818053388900e-04 -1.951343185220935986e-02
-4.828092604976096970e-03 2.846878115386744512e-02
-2.716776303830677371e-03 -2.464262463768258915e-02
-1.729370307348505886e-02 -1.195082940281877275e-02
-4.269663338055017070e-03 2.061125143653889241e-02
-5.411995847835177238e-03 -1.569129087147226598e-02
-1.602199472128490801e-02 2.284761269074897516e-02
4.680470478270898349e-02 2.873894048517558128e-02
2.359269351139761314e-02 3.159101373870464198e-03
5.040528696193465746e-02 1.619567259955020933e-02
2.850749520503131212e-02 -6.325689054680825631e-03
-2.289764721109420476e-02 9.013255950496668750e-03
-3.209345988962111589e-03 -9.580881692917235168e-03
4.374448110291954267e-02 7.952653132920357512e-03
1.184535276511405021e-02 7.379630758467340020e-03
-9.341415410672768843e-03 -2.948607879248987471e-02
1.470239062386331785e-02 3.437878623737772310e-02
2.753773200554289480e-02 8.706020420759564421e-03
7.966596508602858881e-03 -2.499709725052682435e-02
8.712500674173640283e-03 -1.921650380016212689e-02
-1.886773268722444262e-03 5.064467522701760621e-02
1.488465668141152401e-02 1.725737424633390490e-04
-2.314652673610960790e-03 -1.800821213571982340e-02
-5.339791839387213884e-02 3.294482015026389127e-02
2.953594094601209169e-02 3.122807987561438542e-02
2.887804441308357284e-02 7.816774199107477325e-03
4.593039120834763352e-03 -1.742466755563263844e-02
6.317461371444534762e-03 -2.692403339766781187e-02
3.053859920502904543e-02 1.294965229362709733e-02
-4.318845593640934129e-03 -1.005263395622408955e-02
2.169886297686249646e-02 1.432955290014287231e-02
2.966543580443266326e-02 1.069050670030943784e-02
4.029582403578418209e-02 1.607290685007365175e-02
-2.097671244864395337e-02 3.011057732673300472e-02
-1.855190115026885691e-04 -1.165752882050086724e-02
-1.428255928559456038e-02 -9.963822501695673503e-03
-9.803469112912138392e-03 -2.130065246356640726e-02
-3.571572669636927794e-02 1.422201937040712275e-03
-4.922264811535883612e-03 -1.366070827113773090e-02
1.568939763279866145e-02 -5.067617110254074922e-03
1.322998979763327296e-02 -2.378476203836323716e-02
-3.968554196494682162e-02 9.615370456409304267e-03
-9.039144339259211694e-03 -2.439952372472416545e-02
8.251468775391910052e-03 -2.258589288514734755e-02
-1.940566024881217738e-02 1.958720348068635972e-02
-1.162739675275157106e-02 -3.494135061468143372e-02
2.649189808237067956e-02 -4.295525567385087388e-03
1.437016380505456818e-02 -2.385861743234847857e-02
-3.297749524536949806e-02 1.710609333052097447e-02
-2.957837941193164691e-03 -1.915349508570486289e-02
-1.867803876529615381e-02 2.438382813499296101e-02
1.417413649468483340e-02 7.399902166480651182e-03
-7.876572228521106639e-03 -2.705535914499445846e-02
1.709734376866897318e-02 -2.133536823539831928e-02
-8.628071635548590496e-03 -1.896563014927718505e-02
-3.152092838919198087e-02 -1.145853366560396032e-03
-1.419881553772262689e-02 -8.184710932161462157e-03
-4.055465596816713869e-02 1.835494491376507900e-02
4.212299593490955590e-02 5.088137544704279466e-03
-2.656232823388219276e-03 -2.905091017169544876e-02
3.542330612908892173e-02 2.219209462713354897e-02
6.617748235839542026e-03 -3.002408459605826474e-02
-4.947916971278623621e-03 1.296126468323639293e-02
-6.439944836436569710e-03 -8.618244792132646534e-03
-1.411194172000678447e-02 -1.992030926355874143e-02
1.694855141700031542e-02 -1.542670480158051319e-02
7.551793655534965073e-03 3.623101226307112038e-02
2.324123768208519875e-02 -1.328562517163570621e-02
4.166947784869937110e-02 1.666585554313389575e-02
-1.950442150352084403e-02 1.466376878785717727e-03
-3.401033884207444596e-02 3.033590475415143956e-02
-7.930855755140214791e-03 -1.238643609244642098e-02
-3.517419858778633029e-02 8.046218293877272290e-03
-2.456838008770213452e-02 -1.787794282540101920e-02
-4.700676371579523322e-04 -2.309874378642832668e-02
-2.099152611446187481e-03 -8.246908374672068387e-03
1.699197875743905031e-02 3.109595934724494141e-03
-4.294283247325048763e-03 -1.280722039570710187e-02
1.905998438506936038e-02 -1.062511864747434261e-02
4.305093771043026069e-02 1.304706470620696848e-02
-3.123757434546114986e-02 -1.069334844341990332e-02
-7.856656677773464145e-03 5.394114094216299025e-03
-1.472542306559460577e-02 -2.934332220502953309e-02
2.596813606312644782e-02 6.731274530840739186e-03
-1.763964705948249320e-02 9.060495621892908705e-03
1.568221337722491317e-03 -1.669779036923689855e-02
-1.423723880709728586e-02 -2.631481389129976256e-03
2.322255828223520127e-02 1.704714541322936358e-02
6.257742625802055307e-03 -4.179358255653623476e-03
-1.747832604474957099e-02 4.823109462926674501e-02
3.365554687577503815e-03 -7.922432844150888165e-03
4.131188256410758992e-03 -1.046976915305176774e-02
2.153765901559897417e-02 -1.492010811825674084e-02
-9.347725183891266235e-03 8.847878120363103158e-03
3.495393943773790479e-02 2.485723497569185952e-02
1.273808779782414392e-02 1.521356299244511212e-02
-1.802891547402395156e-03 3.807163635209438735e-02
2.314853283304709256e-02 8.554370143075971586e-03
3.398989761095039253e-02 1.858176896548840301e-02
1.959978741285168732e-02 -2.359487523786234393e-03
-2.239231777184370192e-02 4.889254562513123750e-03
-3.110732694951304916e-02 1.253798440167770353e-02
-2.159348978613504291e-02 1.344704922217157886e-02
1.837672994040867244e-02 -1.497593305858911129e-02
1.386290162207431433e-02 3.870643894022780286e-03
-2.478330973708084417e-02 -8.969014321286382027e-03
4.045656306495924726e-02 3.311206990964446484e-02
1.304816669926775301e-02 -1.612739003113441982e-02
-2.155791596309892741e-02 3.738701123941636645e-02
-3.371032970751468988e-02 2.389451962679463304e-02
-2.644976314645455448e-02 3.332049421507088036e-03
1.540281231202518877e-02 1.109202768838439372e-02
-3.199027848498367521e-02 2.588774145381351338e-02
-3.614699639430531825e-03 -7.448196425199152607e-03
3.646208300021513450e-03 2.837572442313044188e-02
-7.110826980164144939e-03 3.173359871910564484e-02
-1.529218563044142457e-02 -3.713136519329181783e-03
6.847717783410680638e-03 -1.805481901020297014e-02
-1.801985149301053857e-02 -1.475883858064644047e-02
-2.084487851357874622e-02 3.720896660779041826e-02
3.914042463306267872e-02 4.128377658298647279e-02
-5.469946068161037414e-03 3.771407064236260466e-03
8.113168881268858698e-03 5.269272071070972216e-03
1.956258512895401105e-02 2.529045814616930066e-02
7.430482403754000258e-03 -1.999781442810791982e-02
-7.649953029779481099e-03 -5.881089630874571268e-03
4.572048790814007592e-03 -1.692192393094902117e-02
-2.595371542885209840e-02 6.276451953228124204e-04
-4.475025339340089198e-02 2.997936119388234719e-02
-1.871777765427759879e-02 3.719630951714489580e-04
-4.117289921153993899e-03 1.838723320191745780e-02
-5.686924331572441697e-03 -1.120488877399728432e-02
1.202270051292714075e-02 4.529663900840225077e-03
-9.352235603042873425e-04 -3.169339413484026369e-02
6.883425823392563640e-03 2.265377051613597786e-02
-1.581411822733971156e-02 2.852096237399593531e-02
-6.597903812546207850e-03 -1.129245791755753223e-02
-1.352779076628493962e-02 -2.158715868714511030e-02
7.555586218578207169e-03 -3.024854958329853058e-02
-3.753008692892965611e-03 5.839722128283885566e-03
-1.589814718718901218e-02 3.286708656933048228e-02
-2.717581565630021456e-02 -7.233693599066463344e-03
-2.401923429203960819e-02 -8.581893482800497658e-03
1.167379130984259536e-02 -2.412301085327279992e-02
-5.577200660081964301e-02 5.936813194526871160e-03
-2.992619359256164235e-02 -2.513063314880392002e-03
-2.473463309569534987e-02 -8.474662202362058527e-03
1.064909431656610971e-02 -3.151717947507089168e-02
-1.618231365359202797e-02 3.083418699941839133e-02
-1.985012688531850172e-02 2.861853873353786826e-02
2.961504018944293402e-03 1.006800291483560782e-02
-3.184352094364488461e-02 7.245613048694566315e-03
-1.494652727876165377e-02 -7.637681647938436742e-03
1.774612349698649269e-02 -1.850010416477016265e-02
-3.426769268411455210e-02 -2.181139765545720213e-02
-4.077780784570782247e-02 3.534238936224990552e-02
1.516407937881393379e-02 -2.495770036386831328e-02
-3.783629710986793904e-02 1.566346969782264620e-02
1.608758517655390838e-02 1.057246566022724578e-02
2.393395870419501650e-03 -1.596169155126137343e-02
2.970839757762033101e-02 -2.760443208731970174e-02
-2.287335813399785783e-02 4.143251934531829578e-02
1.598992099950145504e-02 1.839120486537589808e-03
1.086060673498208916e-02 -3.610209271226207106e-02
2.616820512849727526e-02 -3.885858451183738654e-03
3.313630983772174188e-02 3.118753588045233838e-02
3.020210917981569834e-02 6.198763365333105277e-03
2.405493919418955767e-02 1.682906060859544126e-02
-5.254633907530226883e-02 6.416354138002422838e-03
-4.760309846286826796e-02 2.981618689506571745e-02
-8.288462260741013762e-03 4.777703275008168046e-04
-1.036326511103708749e-02 -1.715015371471573929e-02
2.659381019718378217e-02 -3.645090209576195422e-02
1.100422106364791486e-02 5.844185523390774302e-03
2.483516976695057665e-02 1.538799599972015715e-02
1.551568257977491670e-02 2.099104481997781171e-03
-6.196445427573892169e-03 -2.247786616588040576e-02
1.624212131925399085e-03 -2.274128935420090258e-02
1.529555596600880134e-02 7.151727791201165432e-03
-7.622431951220808542e-03 2.095777308652335691e-02
3.478418745273380709e-04 -1.609866972421302236e-02
-2.384670801213791685e-02 -1.253834280165973952e-02
5.151527312905198469e-02 1.060925847968150100e-02
2.517457504478894451e-02 -1.661371689230592419e-02
4.282096260445476810e-02 2.578828162862554715e-02
4.532741833582581981e-02 5.431668709423756458e-02
-3.437667316720826455e-02 2.899602142126314966e-02
-1.501066554246725457e-02 3.232703086089557670e-02
-3.158981850473553676e-02 -1.632400017465712727e-02
-1.998455378761472556e-02 3.785503755486760435e-02
4.832033692144371839e-02 1.376251901688393779e-02
3.241092046428883933e-02 1.924758245861668549e-02
-6.947126406096822138e-02 2.047036282183534867e-02
1.716532442145200094e-02 3.047669273054463834e-02
3.456581533576100207e-02 4.141128937878943428e-02
4.813804146416267651e-03 -4.053795094206608107e-02
5.286748276980933470e-02 2.266184842640774424e-02
-1.128099217943042028e-02 3.589666287900519087e-02
1.894189812377194970e-02 -1.679543274374153527e-03
-8.897777159171615935e-03 -1.803310121425497764e-02
1.418243166475538844e-02 -3.406488919292776502e-02
1.964128194902133376e-02 -1.761437554480855053e-02
3.029585787179251907e-02 3.159148180394549116e-02
-2.417514507203646218e-02 -1.071676608140047227e-02
-1.022652789134483563e-02 -4.504357466037874590e-03
-7.436359704447295660e-03 -2.574483096008177430e-02
-2.097135750216338329e-02 -5.726265852815759332e-03
-3.598112603006089344e-02 3.588752331373158688e-02
8.215354323477197518e-03 2.201987928113550985e-02
1.355538784077716524e-02 8.952368239677137990e-03
-5.476283078632879046e-03 -6.254786222775628700e-03
2.911221378713360272e-02 1.235678134833043812e-02
1.843632186630672631e-02 -2.357186067385250855e-02
-1.047799904303116023e-02 5.969563757884507535e-03
-2.997542157050633871e-02 -2.923086595423181767e-03
2.590531519824367662e-03 4.063938570952001922e-02
-1.227060582307970722e-02 1.574965076426928026e-02
-1.704077850350727355e-02 -8.218788704803043493e-03
2.165262533836764987e-03 -3.246512503150105616e-02
3.276498261063356954e-02 -5.995568611243246287e-04
4.643561757816758867e-02 1.473979411544453812e-02
2.030518691193099884e-02 -1.185609506668179776e-02
-2.253944440172220634e-02 2.376720348710324726e-02
4.774715992915844719e-03 -1.695974382959128390e-02
1.750804894201488451e-02 -3.569892245726046659e-02
-2.898007796936489036e-02 -1.696225300497134327e-03
-2.177968874367648341e-02 -9.898937500911425200e-03
-1.229840469141526942e-02 -1.345231148474282552e-02
1.892947837887486162e-02 1.808411603000522130e-02
-3.370918225770722088e-02 1.504339038998334099e-02
-1.414910787189276389e-02 2.633710631499317986e-02
3.418883949946482925e-02 -5.304343554199612842e-03
-5.096376793839272473e-02 1.641712117639674423e-02
-6.578634381372168438e-02 2.925107346986284898e-02
4.802987286711985632e-02 4.508329493683959320e-03
1.365300017855497310e-02 6.093200475368226558e-03
2.255852283891906021e-02 8.973106661455032898e-03
-1.726832327031138994e-02 -2.448617802765031687e-02
7.277019224850279043e-03 -4.176281715353632453e-04
-1.867531533654255907e-02 -5.686838480077139983e-03
4.545174733234685904e-02 1.753468331584394704e-02
9.873463103381366693e-03 -2.588275356822997142e-02
1.270046690492492546e-02 -2.269665314599970257e-02
-2.074751696409361454e-02 -3.111926713047973025e-02
-1.851409934156336354e-02 -6.097893716472986038e-03
7.085415057715079316e-04 -1.850621940917328984e-02
2.376281720422424720e-02 1.061508777128843291e-02
3.178697487586919918e-02 -7.483659951783904005e-04
1.455207272877083458e-02 -6.240552540199390333e-03
3.314976960701495213e-03 2.887923537228288037e-03
1.587205836716900839e-02 2.091039412682672155e-03
9.964249276551418594e-03 -1.520721522403565597e-02
-3.143741255434821975e-03 1.546239899016507886e-02
-3.036930756216731564e-04 -1.388187373433048821e-02
4.928288134134813786e-03 -9.343198684344774033e-03
1.225540007961416905e-02 -2.760996299321986924e-02
2.662496759084559059e-02 4.925861552692152590e-03
1.086000253293680808e-02 -2.588429614191018607e-02
1.401275369867959093e-02 -3.240832918209297225e-02
3.326721049598518193e-02 4.242396320390342569e-03
-9.155851992564302891e-03 -6.200795441908438059e-03
-2.188706786001954480e-02 2.534316332530798382e-02
7.276167892178762127e-04 -9.549966257915691202e-04
1.811059537525905663e-02 -1.519535748205570226e-03
8.944495116553296751e-03 -1.428780867610066584e-02
9.617347028150577404e-03 -1.730879156042614692e-02
-2.579778409746417284e-02 -9.932945171931279859e-04
2.197627427321583934e-02 -2.976897296561482886e-02
9.432766090968004377e-03 2.537309364543085047e-02
1.782445419671433232e-02 -3.633818283740393451e-02
-2.670525198722122507e-03 2.098122346453784245e-02
-5.893227140787012791e-02 3.419357981566020083e-02
-2.737297464678232692e-02 2.574735040130002317e-02
1.263338632247976157e-02 2.190726406884490815e-02
-2.052904486449936422e-02 -3.964410488112395797e-03
3.703198319303111635e-02 1.174519291574997217e-02
-3.352081909082338385e-02 2.283291890954106812e-02
-3.034367025535536500e-02 2.979886235992721885e-02
1.034588126111744485e-02 2.045451994865390283e-02
-2.793748499212443930e-03 1.155624330896838636e-02
3.470711710192032201e-02 -2.004376805155876073e-02
7.124433936730273538e-03 -2.799785646875010275e-02
6.480373333410952485e-05 7.857918472049035472e-03
-4.739923370697357585e-02 1.411756698845751702e-02
1.353845672759665039e-02 -1.146493466917690961e-02
-2.006127767280169866e-02 -2.497544083011081148e-02
1.107744902548842524e-02 -1.450496759422297173e-02
1.961627216555413694e-02 2.601466166856800273e-03
2.584860058978178179e-02 2.285391270653626752e-02
3.570833800329321905e-02 4.918504562778690248e-02
1.329695438242375904e-02 2.547269338751300891e-02
1.141336405411744193e-02 -2.523444212440722687e-02
-9.183147621811873704e-03 -3.726060001329946358e-02
1.500408882095980063e-02 4.706961824611282860e-03
2.283776789456388318e-02 -3.087564540240346489e-02
-1.668322391968462409e-02 -2.545752991782907620e-02
-1.234513480004800767e-02 -1.665101127349670473e-02
1.708058623248686139e-02 6.809661028221596123e-04
-1.047813113364273567e-02 -2.554946630885066624e-03
4.458222959317464408e-03 -3.068497763599343717e-02
-1.626101950589278408e-02 -1.490027512263116839e-02
-1.394511551440053530e-02 -3.392583809772857506e-03
3.446233312977192015e-02 4.103802709874861294e-03
-4.502930764124441279e-03 -1.846506755190622032e-02
-1.065857618396946239e-02 -1.532963476664768974e-02
-4.068935008847834878e-02 9.705810839661193484e-03
4.379265160930234657e-02 1.367737128493831320e-02
1.999676078759608094e-02 -1.122197865443224675e-02
-1.876081090604504037e-02 -1.892049322852651979e-03
-2.970125038136113907e-02 1.838932506124797001e-02
1.180505656125700915e-02 -4.077291413801407277e-02
1.556717579270117113e-02 -2.125027780617828529e-02
2.435525233672893378e-02 -5.915169899976113234e-03
7.625246735706877818e-03 9.156034207270932149e-04
2.158342025255434102e-02 -8.074184030230810785e-03
6.192845907133514780e-03 -1.439012155103584073e-02
1.885027466503378518e-02 -5.821736104844560486e-05
-8.959130491636014063e-03 -6.170700954307497058e-03
-5.411752103996070144e-03 6.324681548093568110e-04
-3.550879292123369779e-02 -1.273117601330709878e-02
3.877088468501822816e-02 7.662727064986806988e-03
2.214338615815130556e-02 2.861943310703770824e-02
1.349548693359753013e-02 2.912663448776867114e-02
-2.593795111080924448e-02 -8.230819000376827371e-03
1.723692263120558954e-02 1.987643699341054906e-02
1.770132891621273644e-02 9.744521673556171687e-03
-1.481361436602470372e-03 -1.795708681841668569e-02
5.917621602615111102e-03 -1.952897360175233701e-04
-8.817670225907250914e-03 8.148084893294474731e-03
-4.379920884022162064e-02 3.041664507863263422e-02
1.545032303320477765e-02 2.220041201804670225e-02
-2.958625826395055655e-02 -1.517805554007452436e-02
-7.990724789306392212e-03 -1.012689962600769877e-02
-1.976485485165852332e-02 2.646989687777143510e-02
4.805815978765105162e-02 1.119679947808495390e-02
-1.949285386511007264e-03 4.780110803196249702e-02
-1.515944182580174042e-02 -1.673766166781974485e-02
-1.405296435630793480e-03 -3.037621938697521173e-02
-5.095383368747086021e-04 1.677923795266494239e-02
-7.420255829183332839e-03 -2.164926831747387981e-02
1.974674768872729247e-02 1.534239104075744292e-02
-8.575511372579166375e-03 -8.800555083159857309e-03
-3.368568679445128888e-02 1.087824941631604023e-02
1.678563350986519639e-02 -4.998835787333696587e-03
-7.017231856147092967e-03 -2.549528268346953203e-02
-3.666383642554978898e-03 7.361070616735711919e-03
2.093457971385479649e-02 8.842361978042946949e-03
1.897239983165268512e-02 4.221477216404313781e-02
-1.650767276132340811e-02 -4.319140441087204914e-03
4.326468107600926066e-02 1.721180288878322584e-02
1.174263889494122498e-02 7.251609545519639884e-03
2.183284865836645008e-02 -1.459205508974977319e-02
1.791702347875563303e-02 -8.171410465670931114e-03
-2.384742894239330266e-02 1.600336128582328758e-03
-1.623591137900614809e-02 -8.836613476654847643e-03
-9.072190662808760075e-03 -2.934105492615097718e-02
2.539602888199584199e-02 4.230763266079621415e-02
-2.819328150823619331e-02 2.499958895250548388e-02
3.578412064693287792e-02 1.723083945910915127e-02
7.226819321151383042e-03 -4.157810488784383258e-03
9.293668289212901612e-03 -2.902338380634645471e-02
1.999083389747038919e-02 -1.646990891884540786e-02
6.042065690377847881e-02 5.158834264105226219e-02
-6.295892824200809146e-02 1.383132165273335407e-02
-5.708271849164118367e-03 -1.942448158341665218e-02
-2.629211926815049061e-02 -3.666887757709531848e-02
-1.844362869356954218e-02 -1.639013962683308649e-03
-3.190904047719665682e-02 -1.449047788477412016e-02
1.313609377013131262e-02 -3.010623060761770733e-02
-3.406397313280723482e-02 4.148741235831263779e-02
-1.555180864502703729e-02 -8.341235674244034531e-03
1.661334113096778892e-02 -2.434510293690334004e-02
1.363187744976425680e-03 -1.141861735600875963e-02
-3.471733712159249391e-02 8.691498450464638439e-03
8.782409482531481487e-03 -3.032339052360649018e-02
1.863778815614320836e-02 7.695369253468968551e-03
-2.280668704536048183e-02 -2.433333938162239932e-03
-2.535595910220797555e-02 1.795244778518201301e-02
1.561047931624038980e-02 -1.232706802244657590e-02
1.708921040242480233e-02 1.964109256331211806e-03
9.821791760387553125e-03 -2.507342646558448351e-02
-4.304756423818111716e-02 8.750124663085096996e-03
-1.078032329966861769e-02 -3.661709992701444455e-02
-7.167271302895624613e-03 1.260104486490276274e-02
-9.901362958369512579e-03 3.350698354639647381e-02
5.254388707454690083e-02 2.824739345074358740e-02
-4.202638517120911056e-03 -2.013740254250480366e-02
4.586563323509511292e-02 2.282547658166316981e-02
1.464307737072301045e-02 1.806050976957600945e-02
-8.280649035540918468e-03 -1.884187004999662851e-02
-1.521916588634065690e-02 -1.529855770591827258e-02
-1.859966951130577126e-02 3.332685618870684374e-02
-6.049516792481465007e-04 -1.820812965913877132e-02
-1.933896237300951337e-02 -9.742639145116525554e-03
1.996991413075121374e-02 3.362623505132257551e-02
-2.892951185602905470e-02 1.134741207244850843e-02
-4.037800364606270592e-02 2.832765254050281442e-02
-3.786664063297810051e-03 -1.700166618610408908e-02
3.607527908497039359e-02 6.649055629447398787e-03
1.753256747076870417e-02 -9.577438047802196847e-03
4.274141752717879744e-02 5.980127486713573970e-03
9.985830675847752122e-03 1.974142581124563312e-02
-1.285510106640396638e-02 -1.774675342584835711e-02
4.763338140223905177e-03 -2.250072079382921773e-03
1.179316117507072997e-03 -1.515736985439863731e-02
2.561161313963586025e-02 7.830799688626386215e-03
-4.635406463215729911e-02 -2.184291216996759634e-03
2.475690527944290203e-02 8.494345374520196473e-03
-2.883666223069146495e-02 8.705526404407019914e-03
-2.504089456794502885e-02 2.506270840168172559e-02
-1.294921742127100490e-02 -1.801153003977802938e-02
1.754899957982810135e-02 2.303447791476791033e-04
-3.445591850376879262e-02 -7.662058756765159455e-03
1.057266208230359453e-02 1.609855583286547501e-02
-4.768261430985694382e-03 -1.213303960327264536e-02
1.135494625580429212e-02 -2.116918881496028179e-02
-2.682455822735578185e-02 1.228319784576676829e-02
2.827165079568418407e-02 9.673401880072252795e-03
8.412030327898979698e-04 -1.649043782366731159e-02
4.361120801482600007e-02 2.912940518987465238e-04
2.216263959083506277e-02 2.251019745623279635e-03
-2.850128792189124752e-02 -9.120826172527551554e-03
6.399134199630891577e-03 5.553522771013539444e-03
-2.380192532429932853e-02 4.530597170726911697e-03
-2.755934551467425359e-02 -8.332393934072625241e-03
-3.457221841502634840e-02 -1.512342703229826828e-02
-4.684876876760220993e-03 -1.842719636356953891e-02
2.480478873535754691e-02 4.549052893595900704e-02
1.524356142609903722e-02 6.964858729590812231e-03
3.477544232585096529e-03 2.030697444640018525e-03
1.111704956790283104e-02 -1.962388774609543501e-02
4.369107245137516735e-03 -1.719940850682673619e-02
3.382880218039501646e-02 2.084273552722992404e-02
2.957678423479351022e-03 8.739217917105600308e-03
-2.757654258634032948e-02 3.881803144690815395e-03
1.573239363083490244e-02 -2.373172172494145485e-02
-4.719804819402263069e-02 2.497239661041228756e-02
4.125218800184842632e-02 2.189262692060949325e-03
-2.421084957514303346e-02 -1.751673676998512577e-02
3.307294449524685043e-02 8.239260813986832785e-03
4.904915114491249957e-03 -2.267970813514584918e-02
1.936782192685215440e-02 2.658572803124310824e-02
1.120416809473888733e-02 -2.307066822290530436e-02
7.366205578299126269e-03 -8.726091362731197619e-05
-1.512476183339770720e-02 -6.503912003811325102e-03
8.594645760674096344e-03 -8.733895216076070648e-04
-1.409014691878298330e-02 -1.571681577332462122e-03
1.077688514675657601e-03 -2.159663683697085265e-02
-4.256251593243186304e-03 -9.802726180002906131e-03
2.136834916216230965e-02 -2.699026197371895419e-02
-9.369059791123656930e-03 1.808662717713932283e-03
-7.382616885239176932e-03 -2.073839674448168732e-02
4.254108168636455689e-02 -3.251661462597950705e-03
8.966215282825772820e-03 -3.661954750891510679e-03
-1.504508426684594835e-02 -1.648132125251254576e-02
-1.209416892281069654e-02 2.039525669307914665e-02
1.630339027626762430e-02 1.880165096038882017e-02
-1.301603954800035177e-02 -1.124361109251853161e-02
-7.672459630491397335e-03 -4.362582881746731450e-03
1.984960430843976317e-02 4.159782708084222222e-03
2.550433083197648290e-02 6.075148642326896366e-03
1.925985190063457878e-02 1.747417769284068763e-03
1.262773656123065795e-02 1.509793214156432591e-02
7.017581207777623398e-03 -3.201256705280485643e-02
7.446465494538517110e-03 -2.216915838621455470e-02
6.593121799587530266e-03 3.812420892717870158e-02
3.215381279267031517e-02 -5.949122517988332179e-03
1.676473301374616087e-02 1.748892809848321891e-02
1.492553329873628695e-02 2.878750058164308498e-02
-1.597748510524029872e-02 -1.454357982180171094e-02
-2.482250673346727415e-02 1.235305730133673049e-02
-1.409911906430983373e-02 1.222394908694531337e-02
-5.240453040009467912e-03 4.513575106751751241e-03
-4.854064053863522271e-02 1.967603230906300391e-02
1.241991782226804959e-02 -1.881206435385556971e-02
2.906672627313628895e-03 2.291212092209418422e-03
-4.153880177263358925e-02 2.807362071746001553e-02
-2.044757390765134311e-02 7.414682989293286744e-03
2.849547502608967917e-03 -3.234852825231674528e-02
1.824096369423870712e-02 2.945679063720764001e-03
1.304892052682485662e-02 -1.777127007948272122e-02
-1.308189118598947253e-03 7.110144326780917963e-03
1.270700394416175889e-02 -2.281352067326315909e-03
-3.329420233955177749e-02 3.279617607653185357e-02
3.621798846604656896e-02 1.216669909529036718e-02
-2.162474314510883996e-02 2.277819515111495843e-02
8.878582016180821754e-03 -2.158055879395235840e-02
-5.411897567723788702e-03 -2.075176874078620698e-02
-3.256943025534484587e-02 2.636304535118798309e-02
2.096572435321069836e-02 3.073720644392435170e-02
-2.710229452466111563e-02 3.022193231299842835e-03
2.647814233091524971e-02 -1.187217752772136252e-03
-3.929396820629219023e-02 2.241978464311692940e-02
-2.153199762213498653e-02 1.897055306059951263e-02
2.188583021258082989e-02 1.316456824350328500e-02
-7.182078363119783967e-03 -1.777719488256132227e-02
-4.204973805802257256e-03 -5.183145472452646996e-04
-9.062049454084234595e-03 1.049224547632500969e-02
9.760396859385905496e-03 -2.050877898941451047e-02
-2.216463038454068862e-02 -8.646851636647984868e-03
1.281766489412877914e-02 -1.413712889888086091e-02
3.094884231726890977e-02 3.478188456890640712e-02
-5.595857952222753860e-03 1.948738956078428222e-03
1.133954917110126248e-02 -2.713901123399904344e-02
-8.325753433558765251e-03 5.274335769922199567e-03
-3.346125505602238603e-03 6.357649778699980304e-03
-2.652545158032280567e-02 1.916973781818123376e-02
-1.419667425917758331e-02 -3.067977568524198756e-02
1.388051462275016745e-02 -3.150790926699458677e-02
5.041675585466520552e-03 -2.756792787664068961e-02
-3.632768927844796242e-02 3.765961094745513826e-02
-3.609409394720632797e-02 1.268008176047072562e-02
-1.583998705641569138e-03 -2.449880997940008520e-02
-2.696982410175650241e-02 1.736858349370376531e-02
-5.573303519186760362e-03 2.257057298540784789e-03
-5.029884176927146202e-04 8.023084677674737278e-03
1.596459609840584701e-02 2.690206639209632988e-02
-4.016817879591330631e-02 5.928634938878838724e-03
-1.318438967072225673e-02 -1.600278568935451645e-02
2.427094401414959385e-02 2.387568141148952404e-03
2.092482475198675917e-02 9.387822100138602799e-03
-2.127821503870244366e-02 -2.047532095573450107e-03
1.655760947664746893e-02 -1.600804836907751896e-02
-8.930361647075628698e-03 -4.677774568426774394e-03
3.451596809150817881e-03 -2.164275054294622497e-02
-4.072371633821980641e-02 1.992028256637574241e-02
-3.898461956957865147e-03 -1.942142000917235559e-02
-2.229469940051336235e-03 -2.707727601736603998e-02
-2.001794927121871778e-02 1.941554513626628231e-02
3.279795639344630642e-02 3.075813014576624441e-02
-2.050026363644683741e-02 -3.130487265004450181e-02
-2.065483108340623875e-02 -2.005266453025145515e-02
7.725721715780512616e-03 -3.828617521858185008e-03
-1.594736909639031877e-02 7.856284265108747292e-03
5.400636955291648195e-02 1.602444905829907354e-02
-1.869074756737521339e-02 -5.324052467315715763e-03
3.016580934900728382e-04 -1.690513323837829901e-02
2.403998220638672769e-03 -3.284254955396621878e-02
-5.711477439330622623e-03 1.052586119534785515e-02
-2.159438116366870636e-02 5.300836544650669793e-03
1.537511717478662332e-02 9.017342455503809390e-03
1.998960165711390069e-02 3.167875486643344923e-02
1.297959416530252916e-02 -2.739982026678372540e-02
-5.438248556421261537e-02 -9.378587635958508806e-03
3.069778363530705975e-03 -2.132288807750407772e-02
-3.193735013131799444e-02 -3.185489339046089930e-03
-1.845581036950432255e-02 -1.737057893498026792e-02
-3.748897322471507476e-02 2.015097913360268736e-02
-5.008584575579286442e-03 -2.791635459059330082e-02
5.235325199448922530e-03 -8.198746487638224750e-03
1.863078001352385174e-02 -1.757167863066609950e-02
-1.276999480777688857e-02 -3.112952257487966272e-03
-2.982480184416690452e-02 4.774305777148351443e-02
-5.149538028415650420e-03 -1.865278849605871495e-02
-3.386868322555314920e-02 1.672140426413511183e-02
-3.229922386143158769e-02 2.473283520057686577e-02
1.499154167648381053e-02 -1.835455224694959933e-02
3.061797993301879767e-02 1.022289327688900157e-02
1.231087876652693820e-02 -1.424442510183194371e-02
-4.983883012360723619e-02 1.297208126518388689e-02
1.118268467861027217e-03 -2.040786506753941576e-02
-6.493646079113077341e-02 1.264385787520636364e-02
-9.427644233926183977e-04 -2.483137470240955741e-02
1.483045649930782479e-02 3.100019235441574088e-03
-5.961724404801952435e-04 -8.735453731776495964e-03
-2.893055375580875707e-02 7.465703556381788480e-03
-4.178869631284484742e-03 3.731595896681227237e-02
-1.580107538163875308e-02 -5.511245071836660004e-04
1.154740044159311904e-02 2.193768798732047970e-02
-4.212130895298799027e-02 -6.368799188395987687e-03
2.860708210307314273e-02 6.030271766830064967e-03
7.408043161159092588e-03 -2.379845856020083514e-02
1.067750411336263437e-02 -2.040398652608709298e-02
8.575110523860665288e-03 -1.210452042353571574e-02
4.124106028098501603e-02 4.786109759430403308e-03
1.266463963859636513e-02 -2.569012909841302678e-02
-3.379153270597592702e-03 -2.709305952501295939e-02
-2.150887695268183589e-02 2.502786346281702864e-02
-9.259547585343802859e-03 -2.317224246953881323e-02
-3.721986536346555408e-02 4.248268454352356442e-03
7.265792526001710154e-03 9.677887275026192393e-03
2.119697042504702783e-02 -2.242281002042175592e-02
2.952324491749800175e-02 -7.010909437699604056e-03
-3.811583386195913775e-02 2.045263197651177658e-02
4.004317376881734447e-03 -1.027576539146361941e-02
4.396057781336750597e-02 -2.691822679149439342e-03
-8.994043843796012405e-03 -3.261473596987852358e-02
1.555940643086039382e-02 -1.817397567088257365e-02
-4.705268151717988123e-02 1.366454635747632075e-02
2.744832030540798884e-02 1.350335313364510372e-03
