-2.256833894890881639e-02 1.943783729737754568e-02
-1.119693471583438002e-02 6.390204857868253020e-03
-2.169256994744653885e-03 -9.108623006918921752e-03
-1.014148191476016252e-02 -3.005510631439568467e-02
3.283991113566967629e-02 2.281481058033458034e-02
1.380374471522080463e-03 4.395346700024024139e-02
1.341706924319700659e-03 -1.398699438272562982e-04
4.070535573853183847e-02 -1.653853763881453845e-02
-2.973331757223147964e-02 -2.078365409310964015e-02
2.114524819180661416e-02 -3.769630375394577432e-02
1.940517904712336244e-04 -1.526391545654118796e-02
1.166274866968949886e-02 4.794633859884663875e-03
2.302073037416513257e-02 -5.157144542345128667e-03
-3.337250657091597739e-02 4.366127533746405609e-03
9.268182609059158819e-03 -1.247970810150951168e-02
5.269516106337475414e-02 1.662149473682119488e-02
-1.171544720808949391e-02 -2.070825496390137077e-02
6.059329854309901051e-03 2.394717971325707392e-02
-6.586726272459504823e-03 1.398493298596516742e-02
-6.621925664967122892e-03 -2.087549003284015423e-02
-2.126641108642978589e-02 1.823046774503762207e-02
2.908409356391629744e-02 -5.257381895998640073e-03
-1.549822901859312929e-02 -2.034650520436295795e-02
7.997204611118286996e-03 9.434959399915487585e-03
-2.915883941275896826e-03 1.277124528021220291e-02
-2.505080031959264555e-02 6.799502750632844747e-03
4.557199560472383060e-02 -1.449932511329841446e-02
-8.902135466262624253e-03 2.584707418401225448e-02
4.374543081842572484e-03 1.899716029233567902e-02
-3.366034028079491897e-02 -4.472947417109214910e-03
2.078202697563813484e-02 1.391303568004823195e-02
6.178630159297936880e-03 2.506800874915954616e-02
1.201407807373951024e-02 -2.001102149739328318e-02
-2.242806723363881261e-02 -9.437922835180885886e-03
1.852689427867798902e-02 4.079260643526187551e-03
-2.591208548622208827e-02 -3.164904128633617975e-02
1.271029372515946991e-02 -2.903193917208981602e-03
-2.752289013392893169e-02 8.676741803604352734e-04
2.209308641397478290e-02 -2.427420945720709308e-02
1.994564881304770193e-02 2.430718476427528099e-02
-7.784743007861565089e-02 2.108176068997224054e-02
2.064273001599569932e-02 -2.881195239590001247e-02
-6.159287988535186442e-02 1.133233907726309726e-02
-6.623872188901910874e-02 8.835300297031840888e-03
1.257319939920979214e-02 4.121834200598616105e-02
2.760416734846839193e-02 1.544732004155599178e-02
5.296501459216482882e-03 3.053548650586642398e-03
-3.056959214110060649e-02 9.040761903606664776e-03
-2.986378182576272453e-02 -1.459806302539682146e-02
1.782704502916899070e-03 1.635664912078238151e-02
-1.255369733081684695e-02 -1.386392689992970231e-02
9.286245803486047057e-03 -2.345996992119922867e-02
-1.432187133503330830e-02 6.070310336374158330e-03
1.786121493404441542e-03 2.514260422191614067e-03
1.324958110458681476e-03 2.089220656416071811e-02
2.442730570323740913e-02 5.027882974564124724e-02
3.921757452093223295e-02 2.078535498088159711e-02
4.896556637836681908e-02 -1.484140028535984625e-02
-5.251409052911842727e-03 2.146228399731024000e-02
3.187323381625958157e-02 1.640325559918941883e-02
2.002088785476559621e-02 -2.378490080260631592e-02
-2.650990125265897251e-02 -8.615548852605490332e-03
-3.698000596096708004e-02 -5.977926197914347831e-03
3.466444772678843600e-02 -6.555191649151701286e-03
3.815102979591087490e-02 -7.958500822903925853e-03
-6.038979774454569793e-03 3.002701938107061458e-02
-1.336062966819199886e-02 -7.150673111350774706e-03
-3.634841229654807090e-03 7.230119404196755188e-03
-4.147644992023753752e-02 -1.607003343933953096e-02
-7.878085461885769164e-03 4.562155271346821778e-02
9.430257336476097901e-03 -3.182942183868087138e-02
2.985623354717704958e-02 9.169879085267125529e-03
2.879705614887145479e-02 -1.906694154561801649e-02
-1.902791565185729672e-02 -1.656300016868114330e-02
-3.135258621872882324e-03 8.042107573049243202e-03
-5.763219320024282229e-04 -2.911343393269658769e-02
-7.013182301800997137e-03 -2.195898217410577682e-02
-1.248957130782029669e-02 5.213591992213150242e-03
-1.256210184680623884e-02 -2.552788825050474053e-02
3.502985513114464239e-02 7.735527990504455220e-03
1.240206786731254916e-02 -3.439537097571829932e-02
2.979545908391418793e-02 2.163703990609048416e-02
5.154662948573768971e-03 1.673451642075638596e-02
2.053333005273930839e-02 -3.207405716569308729e-02
-2.137277984794066013e-02 2.733633977741332932e-02
3.307373381175047339e-02 -1.313997519946331037e-02
-5.623718134375691596e-02 4.695126887131719634e-03
2.562649050900856623e-02 -2.568504153400031492e-02
-3.044638239598521090e-02 -2.942592324219310898e-02
-2.853470778458797041e-02 -1.520536859672812213e-02
-4.347577822763353667e-02 -1.913184983701016195e-02
-7.570739772872807360e-03 -1.214589612493181467e-02
-5.109557041736068246e-05 4.867106723206258978e-02
1.746958216986227788e-02 -2.436801471017227549e-02
5.780187395425197603e-05 -2.949129940732868674e-02
-2.501522029358449126e-02 2.629280436963992579e-02
3.020335727778361914e-02 1.688348884146337325e-02
-8.712133806204797742e-03 1.041565900227882716e-02
1.456182207443730038e-02 -3.012558840721612369e-03
-1.441995237498196365e-02 -5.710814575611300632e-03
3.123114972248341808e-04 -8.519572953085472952e-03
3.224736932497990899e-02 1.275356170410848512e-02
9.787292096208996886e-03 4.299993059097680960e-03
-1.675038754723068984e-02 -2.263365522727159296e-02
1.187145824186092331e-02 2.393844517977916642e-02
-3.766705234441847412e-03 -1.000983849903272840e-02
3.484112616085699443e-02 -2.339454163369705450e-02
-3.159111913419987427e-02 -7.798525991489719048e-03
-6.421458739206281630e-02 5.855371069150798642e-03
-3.769730276577220435e-04 2.080786016245199377e-02
1.715637142517697708e-02 -2.979427088223577519e-02
6.513498801516602599e-03 -3.717516413877146320e-02
1.557325860950233443e-03 3.338200972811068701e-02
9.686374148721330155e-04 -2.297731588488555188e-02
-1.283653029533004739e-02 -1.984266078445148795e-02
1.460276103576028765e-03 1.522320460768449707e-02
1.264463742536995478e-02 -1.249105603893396060e-02
5.401369429236075465e-02 3.179020266696453573e-02
-4.595549147115331190e-04 -7.033788535301147178e-03
-8.634146119134820593e-03 5.548368932237755097e-02
-3.252506814257675669e-03 -3.169494332376253387e-02
1.563372583667251361e-02 1.966141752086335986e-02
3.081919750346020712e-02 -9.809255930563427761e-03
3.017166664636527010e-02 2.178067442493086814e-02
1.650619658907134238e-03 -2.636177746620357518e-02
-3.169399058924947388e-02 -5.409380692580271870e-03
1.923652795452986466e-02 7.517121572439470698e-03
2.576113353117665331e-02 -2.808488481866636480e-02
1.780746332877137031e-02 -6.623470546068591612e-03
-2.007122250431794472e-02 1.694984154610359658e-02
-1.959320050052845708e-02 4.881169240847871293e-02
-3.843376562429701854e-02 -3.534784228336198056e-03
3.593740819293837763e-02 3.336792821268982218e-02
-2.854835393126359602e-02 2.287766954331354498e-03
-1.900801941759612534e-02 2.066513673145498747e-02
2.162236713309208941e-02 2.965659319654701323e-02
-2.952469765643692470e-02 -2.283021579041474153e-02
3.755825569760464465e-03 5.291877424969915547e-03
-3.716439577998110338e-02 6.148129121818952068e-03
-4.054180811311215715e-02 -2.819148515937689239e-02
1.234492459288198847e-02 1.409299116354946826e-02
-1.675184241075908936e-02 4.989093411273650552e-02
4.946120358154692392e-02 4.387120699596695240e-03
3.020589620879168130e-02 1.515416959568779802e-02
1.554070228569578820e-02 -2.462450288883641716e-02
1.618631966109154718e-02 -2.295742861700528561e-03
3.608041431697599916e-02 -2.161176788984199917e-02
-3.049285299967529825e-02 -7.310541763982065372e-03
1.585475474314984189e-04 1.349684929951140526e-02
1.939861289882072529e-02 4.183919840151108238e-02
-2.797721615833013986e-02 -2.540982808683702257e-02
3.765912273815214591e-03 3.991502959135709988e-02
2.345771180085691812e-02 -2.578109635736738209e-02
-1.875076994626490370e-02 1.886754036604939774e-02
2.627051863279034061e-02 8.447687644321166464e-03
-2.808319677084578775e-02 1.289977358576856453e-03
3.958175349495066803e-02 1.980241061562829780e-02
2.726135155763004941e-02 -9.073110363966662914e-03
-1.242367987802106034e-02 2.684698670780233040e-02
6.930922818188734380e-04 -2.509966962582108399e-02
2.171469273611217540e-02 5.396550701216773840e-03
1.912332613748006158e-02 -1.448688803756943699e-02
-1.295326127769363261e-02 -2.535246258947579032e-02
1.244704827377047032e-02 1.936461800532963615e-02
-5.508401365992716958e-02 1.894748363091388471e-02
-1.847053061979115132e-02 -2.731916545125976856e-02
4.706832313605296275e-02 -1.075580379595173636e-02
-3.881833103792447365e-02 -8.211156214922335841e-03
-1.513970744437833846e-02 -1.757347192245588968e-02
3.114611821352395241e-02 3.299787959490513983e-02
1.707269430001499659e-03 -1.277717733406103298e-02
-3.150370774091346138e-02 -5.745636714880962732e-03
1.835146746439214605e-02 -2.555311382620559582e-02
3.770073094595476765e-02 8.031381230540500515e-03
-3.381376931981337763e-02 -3.876347139653268156e-03
4.021742638071885284e-02 3.024661156459313924e-02
-4.839443710923135855e-02 1.811713725826803387e-02
3.974874532928052151e-02 -2.957076333016653638e-03
9.882124150467014659e-03 -1.593556322624965424e-02
3.960304332874925969e-03 8.125490496177315350e-03
4.494131023060474704e-03 2.603059646560080230e-03
-1.631329172202627270e-02 -5.407938024984490326e-03
1.250012165261763300e-02 -2.374955498385501046e-02
1.549538408858046161e-02 -2.702466254839902549e-02
-1.022778064311989817e-02 -2.880850353778318523e-02
-5.872077374164645647e-02 1.182424267313846901e-03
-2.638290678600834285e-02 5.388223592175134594e-03
-7.857062350615265714e-03 2.590489850364589841e-02
1.542003371433700760e-02 -2.814594470824219666e-02
3.854821710426716702e-02 2.424976894998580323e-02
2.777248845207878902e-02 -2.185399700821940780e-02
3.219483286423555080e-02 -1.184961877052706329e-02
4.244971183394801242e-03 -3.474891075088946957e-02
-4.731039262716858068e-03 -2.551742767071862525e-02
1.128668040141809700e-02 2.091232274269210628e-02
3.380761969724441207e-02 1.487109892471551870e-02
-1.115936428169729544e-02 2.232182336431107542e-02
-4.199055064717942265e-02 1.257950400666399014e-03
2.452853929502139471e-02 -1.396322000287026840e-02
4.402566186743340527e-03 -3.032745112579922353e-02
2.264726008487503300e-02 -4.240798378944255799e-03
-1.825207782180503571e-02 1.053436473619530876e-02
-3.274628191698515656e-02 -2.323836764354165335e-02
4.042376236961421621e-02 2.657325420141846972e-02
-1.548645246862371400e-02 2.256033454235911381e-02
-1.859610630307915319e-02 -6.188922054653131326e-03
4.360339400296613208e-04 2.489927237829273055e-03
2.059238211217196898e-02 -2.255208586903325392e-04
-3.714603892797934542e-02 -1.546543541318521481e-02
6.002387353312470947e-02 1.964834122153255244e-02
1.303795239931938854e-02 2.894637736351714577e-02
3.194800737717414657e-02 -1.695352351798625964e-02
5.271724414360746437e-03 -2.686566329883964196e-02
2.436416262875389267e-03 -3.153068094689354117e-02
-2.377462537841275661e-02 2.978454884224069829e-02
3.142470766033508833e-02 3.732181908973758997e-04
-4.290370034235625046e-02 -7.050077429208088421e-03
1.830439864122440988e-02 1.431604140998747089e-02
-3.268008750387878247e-02 1.166707466032438668e-02
-1.920419689296160373e-02 1.105624502707575757e-02
1.095385257232816233e-02 9.770213557799044615e-03
-2.503364807874932166e-02 2.971849074862661574e-02
4.638287787141147367e-02 -7.058909229666397375e-03
7.005543435445393645e-03 -7.428676575287964344e-03
1.402224484068607425e-02 1.154402412409256604e-02
2.849152526639592287e-02 -1.143208382936903439e-02
1.242263490112516071e-02 1.340947482365522844e-03
-3.540929803246328344e-03 3.871169190400462062e-02
-3.776938393462784573e-03 1.109140664345150198e-02
3.920825594369089367e-02 5.852761020625848846e-03
-1.440666016885401059e-02 3.505236845281234880e-03
-1.832226184287078646e-02 -9.339750942906701464e-03
2.889496277473125457e-02 -1.351383590220301897e-02
3.240358817616574572e-02 2.534663687017333841e-02
1.464850344840133191e-02 6.614300883519673262e-03
2.527251818943625217e-02 -1.925688734780054909e-02
-4.379597946196261277e-02 -3.362540880526295774e-03
-3.519028180649693555e-02 3.187204096513357454e-02
-3.179300036893413593e-03 5.795705059455742367e-04
-2.244368216131606419e-02 4.349830409605365961e-03
3.351921829913183382e-02 -1.629974044422810486e-05
4.322479636490862698e-02 2.548036634483663576e-02
8.344076512527351039e-03 -2.346076370923299084e-02
1.273174060704436276e-02 8.708085738220856797e-03
2.963925906211993186e-02 -1.953577703251703837e-02
-7.974691240325319438e-03 -2.647166399020377259e-02
-1.028561187984100220e-02 -3.537037330652372490e-03
-5.674755864034287771e-03 -1.727991856513237667e-02
-2.148104923165220642e-02 3.125439160168166919e-02
-1.625439025628937564e-03 -3.515244867931794498e-02
-1.456497726646478925e-02 -2.047280915229212142e-02
1.812878879446267258e-02 -1.620403413237122073e-02
-1.799383252555960058e-02 2.212872524392464190e-03
1.097010135771161327e-02 2.074699573463533245e-02
3.918931302043707210e-02 2.892965484725972675e-02
2.738748712168788749e-02 -9.239221084815530186e-03
1.399671717826432094e-03 6.746292970755568032e-03
-1.020412914472788868e-02 -2.559897096661707672e-02
1.481653391355669015e-02 2.879364092924104751e-02
-5.309507593911965383e-03 3.426270964537073398e-03
-3.482442615212932857e-02 8.407022891544504994e-03
2.861583942794168264e-02 8.854423282798295353e-03
1.425604535735119915e-02 -7.318445125402210129e-03
-2.062783928516315896e-02 2.666676340019454722e-02
5.843555005184924815e-03 9.423403025453987343e-05
-8.677117341687360513e-03 -5.252927482583597332e-03
4.082612088437329034e-02 2.509011322246423176e-02
1.335840661197391227e-02 -2.908858856057291650e-02
-2.701050965098670403e-02 8.982987790733986538e-03
-7.032657931594443398e-03 -2.765716582525105070e-03
-3.322866268118983279e-02 -2.022685517667651908e-02
-3.170686786328571084e-03 3.449392098634516263e-02
2.794267927604027549e-02 -1.488512708501913556e-02
-1.972320252373997718e-02 -2.593042939636157687e-02
-6.476164446348329357e-03 1.807093771626869932e-02
-9.951028191158018885e-03 1.786023677753095437e-02
7.320319815943832076e-03 1.608515634705679972e-02
5.183997334618427322e-02 1.357959175537442990e-02
5.494522396313521878e-02 2.032361060528589322e-02
-1.971507543866723999e-02 6.447417128675055412e-03
4.530005666889540261e-03 -2.560874691855416496e-02
-2.868522091207071148e-02 2.454257990460873961e-03
3.485799923057131527e-03 4.104474566404765420e-03
-4.251699442191267386e-03 2.588411991585741825e-02
3.454523504821128271e-02 2.758942845801113167e-02
-5.167546053976756516e-03 -1.584060018174755433e-02
3.258072241520430790e-02 -2.955364457832461433e-02
-1.769515878496931427e-02 4.281230464939400626e-02
-2.709364272228090634e-02 -2.160762721890139085e-02
-1.936021307590353110e-02 -1.762149547220556722e-02
-1.339099246412816559e-02 2.946836246151873610e-03
4.145873726832186024e-02 -2.784480962112756072e-02
-4.880482394387893053e-02 -2.599059286362308957e-02
-1.332553334878846391e-02 4.155573399052253647e-02
3.004044694199116752e-02 -2.641950010835050419e-03
-6.150337153054213045e-03 4.438023308480120582e-02
5.784335503795847745e-03 -2.853667027751811275e-02
-1.210359091296913216e-03 5.855512662879352320e-03
-1.225672264740997226e-02 3.678204304328924062e-02
-7.006174692172760510e-02 8.457624091048420931e-03
-3.675613769503254663e-02 -2.012239861386352739e-03
1.666329018272020776e-02 -8.168432342140805047e-03
-3.190996055357289696e-02 -8.267176381706283980e-03
8.425023252286903408e-03 2.170668680876175829e-02
-2.899659604715046010e-02 2.022951250130879466e-02
-4.097991059845781589e-03 1.153050279793436418e-02
1.174335393660534167e-03 7.826428196379802901e-03
3.903770448602291582e-04 -8.743158013559571007e-03
4.606288001323492060e-02 2.170683732169527771e-02
2.867541909318089763e-02 -1.436928454464016756e-02
-3.430338177842463115e-02 -8.474383552494252000e-03
-2.938489610133574251e-02 2.385170261754667245e-02
1.901401314405145411e-03 3.570961102330716397e-02
-2.161813537748161207e-02 1.101111613973486045e-02
-3.008232056720275618e-02 1.261861543186845735e-02
2.531925102571005656e-02 -2.096908486452609202e-02
2.629502252222326066e-03 4.037757599581872497e-02
2.125344382159588888e-02 6.838914571630110191e-03
-4.271377565165431628e-02 1.193949009982700829e-02
-2.383430795531653670e-02 -1.468871327239831999e-02
-1.159352237081005214e-03 -2.663068857046843249e-02
-2.013300085973782072e-02 -2.627152888831809155e-02
-3.747259184956740208e-02 7.789383477232745059e-03
-7.949261841694317543e-03 8.523042629102256171e-03
-1.100607829365146326e-02 1.288186737880063666e-03
2.056310772472347281e-02 -2.489467590488005089e-02
4.491795831648379839e-02 2.174345821116257724e-02
-3.711261536694974300e-02 -1.796534243347495258e-02
1.161125970464882591e-02 6.484035316990495457e-03
-3.508506320866837391e-02 -2.354744257227325572e-03
-2.400707898563990070e-02 -4.089236059473411872e-03
-2.556020694372380248e-02 -2.140919527893329205e-02
-2.037792162966737403e-02 -7.574065392318552262e-03
2.809128936195125908e-02 -2.742376059015904505e-02
3.302867048135389033e-02 2.069344235255184822e-02
-4.184199876680024140e-03 -2.069310222485580553e-02
-5.742534903016881936e-02 3.551165945995804485e-03
5.944997485735179985e-03 1.473029827600914193e-02
-2.704634316351609002e-03 3.028154975254699396e-03
1.194200039715115694e-02 -2.336001496799033558e-02
-5.857183363335820812e-03 1.389259570106761779e-02
9.911349560513496582e-03 2.462443332588500414e-02
1.583066930753724080e-02 9.979969383796997648e-03
2.036053623162783696e-02 1.829057485775714698e-02
2.151402795720019218e-02 -1.773914976955447836e-02
-6.095081875193113924e-02 1.003990836883770880e-02
-6.689029488569704640e-02 3.553377178937347503e-03
-3.813639438510117718e-02 -1.769730353108530524e-02
6.210742093087819569e-03 1.115030552828344228e-02
-4.878816892642537373e-02 1.684898641582128348e-02
2.320200230339229328e-02 -2.015799981708942326e-02
3.265469120472527798e-02 -4.039501853860455460e-03
1.064875663492511823e-02 -3.133439648157290008e-02
7.247384030856399845e-03 8.721924707909752342e-03
1.088718316457019898e-03 1.438794233056130828e-02
3.763708688308357950e-03 4.644464172275842954e-03
2.990522389625983185e-02 -1.275804357279669565e-03
-5.562584251843495642e-02 1.036337673442856190e-02
-5.742967055617271936e-03 -8.935206411609058694e-03
-1.052468011731213897e-02 -8.413017637067648699e-03
-6.370059527860792367e-03 8.223953976405578778e-03
1.617666331411428751e-02 -2.240299206850086822e-02
2.415233605688966306e-02 -2.628454311568389004e-02
2.431650962096926910e-02 -2.070905850956832397e-02
1.869575573379963357e-02 1.331823603908877281e-02
-4.269073995299802610e-02 -2.025133198346162899e-02
-4.626656901052754456e-02 1.810193954237641206e-02
-3.491537231363564531e-02 -3.989242533347898446e-03
-5.145324590224812505e-02 1.619788826700121684e-02
4.995082924046408482e-03 -2.973707399630284506e-02
-2.131121289716061615e-02 -1.570989998431713414e-02
4.623956395574078081e-03 1.955694425680462242e-02
1.710189481008199744e-02 9.211219253331640478e-04
4.968725122101702238e-03 6.384154790161946681e-03
3.197574126972353020e-02 -1.529460537488244037e-02
1.767486417666732507e-02 -1.831421135939292899e-02
1.190537411510846078e-02 -2.836828705740455231e-02
-7.842255139402959027e-03 -1.640940723144653987e-02
-6.566533176054610717e-05 1.891200904878657246e-02
-2.970575037871009752e-02 -1.143891264694108650e-02
-2.912215675899738898e-02 -3.277355474697562360e-02
-2.919849731838762910e-02 1.143202020304288913e-02
8.677414911029790283e-04 2.532307264177107841e-03
9.265887865338979720e-03 1.017314301338944488e-02
-7.233474713727635307e-03 1.413534994745406503e-02
4.259448820938788183e-03 -2.756513781808883276e-02
-1.956866460066188085e-02 -2.190468954983674360e-02
-2.911624486086024366e-02 8.739645467034370474e-04
-4.254279119031525655e-03 1.015370630690381505e-02
-2.834134471257570079e-02 -1.087672781755116662e-02
-1.083068242698701595e-03 1.445501176168465136e-02
-2.062731335787350989e-02 -2.040781677072487157e-02
-1.315979787548150065e-02 1.138884363038027495e-02
2.788462470425419337e-02 -1.644444330348799471e-02
4.333266126945685415e-03 -3.931433993764505384e-03
2.325848843367682092e-02 -2.383479169885299384e-03
3.237458436427013368e-03 -7.699283164032365290e-03
2.986482902310162724e-02 1.146781408131407158e-02
3.255587566182033266e-02 2.937967245191551099e-02
-3.965338148352851033e-02 -5.404407583936077838e-04
2.511293523438071912e-02 -2.195301833063487834e-02
-1.686051200879473471e-03 -1.410245106736271459e-02
-1.577780329775244073e-02 1.815651280318141339e-02
-3.669220310316817502e-02 -2.353729031815466471e-02
4.780607838108905799e-02 2.067746988949029779e-02
1.313978948942490406e-02 -3.114505226285540704e-02
-4.875682524334500295e-04 -1.215174122691504467e-02
-2.979214503446616855e-02 -2.206961633466576408e-02
3.320913400160508538e-02 -2.167401489670402540e-02
-4.579251111466455665e-02 -8.988334848978131453e-03
3.144006174003928511e-02 -8.711372279791958911e-03
-6.512817779834023657e-02 1.519618136938642380e-02
-3.467832109961614152e-03 1.478013639621213226e-03
4.263404537804708905e-02 -6.001506920279581908e-03
5.096758473054602279e-03 3.577792728741169270e-02
-5.169080102266110669e-04 -2.947305249932722845e-02
6.549430699644787600e-03 -3.834396919104136447e-03
-1.865929419478227005e-02 -1.620295410709312461e-02
-1.339482457005752164e-02 -3.110962555210159547e-02
-6.624286752279273660e-03 1.373329638349642633e-02
2.182116832126154010e-02 -1.206551908587571477e-02
-1.135464052632265689e-04 3.088461943561581630e-02
-4.402276073177325416e-02 7.551524062849261816e-03
4.306420689800680157e-02 2.128189829549196471e-02
1.706092568571859411e-02 -1.765404816364428767e-02
-3.182703618647379773e-02 -6.308290368065467245e-03
-6.155859174568625684e-03 1.364307325728228784e-02
-2.134792731933184834e-02 4.013887379492922167e-03
1.287570757796819253e-02 4.506767789316985968e-03
-2.260963270184581861e-02 1.417365745315079389e-02
-2.671819558831844705e-03 1.995518561531005319e-02
-7.033748585360730110e-02 1.222926747747283584e-02
-2.633726377838118207e-02 2.859235577121456645e-04
1.605365487897138579e-03 -1.613129663896898866e-03
9.339014709009042098e-03 -4.442242420213636349e-03
-1.983961391437491853e-02 1.984961760891536600e-02
-4.750204108386716501e-02 -1.910119364046985319e-02
2.175955408188651966e-03 1.446312000556601932e-02
6.134171093980406164e-02 3.310522482688123269e-02
1.794946571564250137e-02 -2.586510542218406223e-03
-1.740188961957977662e-02 3.632717408245480367e-02
8.632419356728411250e-04 1.399700131809927112e-02
4.249038229664772737e-02 -2.648744815467120317e-02
-2.989105303200388641e-02 -2.620084131252635451e-02
-5.432386275435659856e-02 7.895483617115787306e-03
-4.951339080094904581e-03 9.322912633693961060e-03
1.557725550521952759e-02 2.018524780850280281e-02
-1.287517839446366413e-02 -2.947291462001474377e-02
-9.611745569644308818e-03 1.792591055383290291e-02
-2.795085806776290496e-02 3.245600213029223996e-02
-1.773785643643607454e-02 -1.899359044700719285e-02
9.307040391247498740e-03 2.869104658949442246e-03
2.748520310437735023e-02 -1.629065061148502608e-02
2.310097906015423294e-02 -1.137669260208387483e-02
3.354596154548679376e-02 1.625435758110703455e-02
-1.855369081808319175e-03 7.424629876189481510e-04
2.061435190405149637e-02 3.257416342300498147e-02
-1.762704283025770188e-02 -8.350439096685893098e-03
1.992327437822689201e-02 -8.833332226219884134e-03
-4.298970964917873255e-02 1.481087315146296934e-02
9.372535995372143413e-04 -2.640683233801380606e-02
1.961663910335560007e-02 9.360085682091991155e-03
-1.615334567949937988e-02 2.783034572201609214e-02
-3.364473758441797416e-03 1.355067894207742651e-02
-1.767840732538794937e-02 5.834383607298307406e-03
2.756046452725329637e-02 -1.001684112170605351e-02
-2.156476894867460220e-02 -2.308985900257221578e-03
-5.357277095661185269e-03 -2.411406018571268101e-02
-3.499160891365798304e-03 3.365537267497183301e-03
-3.373064746275633574e-02 1.857954531859266033e-03
1.238506733032424673e-02 -1.303298097391348241e-02
-3.559167585419503732e-02 -7.748007069946786542e-03
1.417176729660614767e-02 -2.801818683773149229e-02
1.336411322754995842e-02 4.318227562448929274e-02
-2.432051446657474206e-02 -4.136925462918395954e-03
-1.349899413378875812e-02 -2.181197719910412877e-02
-8.121981094586370326e-03 2.906870171894615929e-03
3.347885416281957266e-02 -2.215032925737450004e-02
3.491620242503942761e-02 -2.391446950588362735e-02
3.723862418266429830e-03 -1.163620987527356869e-02
4.398607102669335744e-02 3.136804273664124329e-04
2.116351493139404134e-03 9.647014372286110556e-03
5.499659242100854613e-03 2.419131478717887612e-02
-2.318407669431484398e-03 1.850477939028315200e-02
4.296704593421257073e-02 -7.103826986661022566e-03
2.245452167785488146e-02 1.883388886617332666e-03
-1.485700874371329028e-02 -6.414792668163092453e-03
1.195530318353423688e-02 -2.084551666952142238e-02
-1.214876332873574862e-02 4.545108174151494401e-02
4.787239245392491127e-02 -1.257056875053064703e-02
2.776435173522481467e-02 2.357914731508542472e-02
-2.285368647214017918e-02 4.185502810100108322e-03
3.970598496193909061e-02 6.928861999907671120e-03
-5.437376099093133713e-02 2.121598910330934912e-03
-1.930528946398330512e-03 9.546273938027790076e-03
3.824851196977006179e-02 -5.866247756160872413e-03
1.987065288827342784e-03 -2.263047661599991434e-02
3.637072298727347941e-02 1.823426394596474589e-03
1.369089074938285855e-02 -3.579755650516169840e-02
1.177199036700231870e-02 8.350851282632227798e-03
1.101093266106982623e-03 1.014226664465106044e-02
-2.463833656354496096e-02 4.896095511903095915e-03
-6.645228581689514684e-03 -1.814107964647337229e-02
-2.294897159237373543e-02 2.799497783990155964e-03
1.432410266927499828e-02 -2.343655237205942779e-02
-5.762565166008071286e-05 -3.109015055057154711e-02
-6.238183188301495152e-02 1.081693056021128599e-02
-2.199118383906643187e-02 -6.330773875129280283e-03
5.171824860010650060e-02 2.945710314267278168e-02
2.982810963200121027e-02 -2.567995863314277358e-02
3.560927143683474162e-03 4.066999109464117940e-02
-7.336597153088385281e-02 2.202875157393431940e-02
-6.539891388901547531e-02 -5.122149937165358657e-03
-1.699804920264814945e-02 -2.258106137665598714e-02
1.326013303550615391e-02 -8.886097414471961012e-03
-8.735058233683480958e-03 2.206045894924402867e-02
1.372991946550545378e-02 9.193833967231046338e-04
1.323064757297873900e-02 -1.215460988466385631e-02
-3.058419939086411132e-02 2.637885758814706785e-02
-1.679245408232009351e-02 -3.873690899012403183e-02
2.611273075007644953e-02 2.519547879506617641e-02
2.393734561584832596e-02 -3.601402278564837939e-02
-1.849356490510037712e-02 4.096840428039640741e-02
3.137696313538363563e-02 1.469067033726407720e-02
3.399503163489790009e-02 -2.854314536809226047e-02
-1.364045245417231690e-02 6.923298476683731155e-03
-2.355548632249748926e-03 1.467125983147395465e-02
-9.357787458206000275e-03 -2.374455249500010204e-02
1.433318632072800615e-02 3.799256971922650855e-03
2.409412269187964986e-02 -2.909866513199462629e-02
3.596529566764601615e-02 2.549748473359540399e-02
-2.091702699053303929e-02 -2.208925431699352085e-02
-5.907689418434972778e-02 -1.673342463800902820e-03
-2.495167360391180311e-02 2.444189828780209128e-02
-2.996551970442976054e-02 -2.513165150570003878e-03
-1.709484234929080707e-02 9.811745881243063086e-03
2.490363307067390911e-02 2.672639694095327312e-02
9.716241025047254662e-03 2.684844545184601403e-02
-1.423244661453597522e-02 2.028199992585610120e-03
1.298526737803023471e-03 2.546186812612967476e-02
-5.230240844514331446e-03 4.908300103642745937e-02
-1.748187300007908104e-02 -3.522506367016754042e-02
-2.316647067780884181e-02 -4.686054392629727602e-03
-4.291997799210469505e-02 -1.782386916598141090e-03
2.490275489636196299e-03 3.261173940620572947e-02
2.834292700638742853e-04 3.838028335032441733e-03
3.902222805078422313e-02 3.560227406671271754e-03
-1.996642700838967277e-02 -3.432187530640472273e-03
-6.885112180277988374e-03 2.283341064001347814e-02
1.196454556625341226e-02 -2.044137326234527277e-02
6.608125616952123527e-02 1.943012953278278401e-02
1.132688035519496643e-02 1.675989022137806123e-02
3.234015902686928918e-03 8.510231177555963034e-03
6.519572728548648881e-04 -6.413828601325775522e-03
8.973465076928149528e-03 3.042446704370450894e-02
-2.071644927977745257e-02 -2.245263727051052816e-02
3.481551364991493369e-02 -2.970412984566927692e-02
-2.723132044059031753e-02 -7.839632172918067909e-03
-1.723115531869552977e-02 -5.734365557343540191e-03
-3.802491730415823168e-02 -7.816907003461947417e-03
-2.852611023097664095e-02 -5.389099176442566780e-03
3.672518814831321476e-02 -2.016250330273087685e-02
-7.061566512598857481e-03 -2.791609506763499324e-02
-9.565553309899336304e-03 1.199608940549133466e-02
3.838391031204752696e-02 8.906833497803396879e-03
2.698117429120289092e-03 -3.592029729862267207e-02
5.158758344543581259e-02 2.699055294509992466e-03
9.389485955058765945e-03 1.761462382179384374e-03
-7.369615337652675457e-02 1.390035572399762366e-02
-3.547082055443744747e-02 2.205333536015357989e-04
-5.489995074966611162e-03 1.105192673824471894e-02
-7.806552425968417419e-02 5.319915829505856945e-03
-1.821910511686339329e-02 -9.446710606576202984e-03
1.398329148659436909e-02 1.349735297584095210e-02
2.227653859686630836e-02 2.824461552160897546e-02
-2.617851245853986680e-02 -3.046458634845723018e-03
-1.057043195505980547e-02 4.661745395719335550e-02
-1.224412307719343826e-02 3.915407599863765520e-02
3.912434626287091682e-02 -2.079831569933627763e-02
-1.354444791008465546e-03 -1.698032968885599195e-02
3.048827942725417309e-02 -3.741116265695007477e-05
-2.108197097482263777e-02 -1.235192411334170431e-02
5.321618830605669842e-02 2.582631499621628086e-03
2.097256476810626172e-02 9.679924184120383343e-03
-1.866832418560880960e-02 -1.759902420496165312e-02
-8.693029602379564319e-03 1.081296277398536426e-02
-6.288640236059188544e-03 -2.254817652127543218e-02
-1.990295164478667056e-02 5.580786830718569014e-02
1.427602363700450870e-02 -2.587955854914566686e-02
-2.119982131731818278e-02 2.263392427854928057e-02
2.138873565874731264e-02 -5.673224454932255210e-03
-3.028839101809873563e-02 -9.925610256710485843e-03
-4.316157244672516602e-02 9.558213232664059325e-03
-1.340346718509218167e-02 -2.681126190607617185e-02
3.766035460711852911e-02 -8.230914745489632464e-04
-7.923634088379889057e-03 1.389124103707956547e-02
2.810370368459786869e-02 2.707895779020073196e-02
1.664164720161978583e-02 -1.297162319192863254e-02
-7.203815765646615250e-03 1.250738918717232001e-02
-1.960584341324487709e-02 4.874804294271496002e-02
1.142876773200442869e-02 5.279125553743468577e-03
1.055070618349754526e-02 3.539662806696086683e-02
1.245311572546008681e-02 -3.155172693266278250e-02
-2.868754333911543303e-02 3.075704873520061777e-02
2.288920394036671885e-02 3.246546122481998309e-02
-5.529645041758914602e-03 7.266443900685825002e-04
-1.256502536971451818e-02 -2.574195761443851330e-02
-1.954181122465277476e-02 2.780255999989391779e-03
-6.725595621779429170e-03 -1.880245108767462491e-04
-1.767932973445785969e-02 -2.320669218919651708e-02
-1.343115221843594817e-02 4.198882676538307629e-02
-2.439376232405312053e-02 -4.036300496902695684e-03
3.392898984750031266e-02 2.042933750498032719e-02
-7.831786759792654443e-03 4.290853565306815970e-03
-3.929553509302532999e-02 2.520665918335847529e-03
-1.248480908178262530e-02 -1.926677646496902097e-02
-1.742491240886522713e-02 -1.041985821792535370e-02
2.342494685717710131e-03 2.740121777995470007e-02
-1.754998081404769662e-03 1.789449798354403320e-02
1.238375294510723687e-02 -2.186612970592159352e-02
-5.732044133838605721e-04 6.292241442510391677e-03
1.634909263984933017e-03 -2.492859650195468693e-02
-4.596475635326315902e-03 -1.737081261513398738e-03
-1.538414407579326640e-02 -2.563554872398578904e-02
3.044288083162243613e-02 1.188712674257104765e-02
-2.388923072271995768e-02 -3.373450108172198342e-02
2.151732852503591628e-02 -3.306071607052574884e-02
-3.712014401185876472e-02 -2.118717082577870406e-02
2.032491977300500494e-03 -5.942801194731547887e-03
-2.650186729130754246e-02 -9.198382428165063907e-03
-1.108727871866482112e-03 2.835527843252605082e-02
3.936919038338612675e-02 2.181480446861845321e-02
-3.835508416769524420e-02 -1.743279562883374642e-02
-1.169794421265529967e-02 -3.076653642665766897e-03
3.371186295726032178e-02 -3.533036509660507623e-03
-2.759947496130828529e-02 -1.666010794133510053e-02
4.253955271597952004e-02 -6.443147847922146322e-03
6.739304716205181747e-03 -3.426461002807201783e-02
-3.877953528444129383e-02 -1.877836991312914266e-03
1.540752886845681360e-02 -9.743997645329835477e-03
-1.687922221677143125e-03 -2.783420086521689457e-02
5.562821371825575623e-02 3.008049869617471922e-02
3.972765838394830967e-02 1.236070567425131238e-02
2.336961872395604614e-02 -1.536197043197144209e-02
3.423504326270181836e-02 5.070489301884718684e-03
2.679454700294763708e-02 -2.219200522675074047e-02
-1.060073832392216531e-02 4.218207767773480069e-03
9.782845778469731468e-03 -1.359995332823199336e-02
5.920864608945257575e-03 1.912878232140905257e-02
-2.689179004849989382e-02 3.513463345076539568e-02
2.350398247545855412e-02 -5.363355322680472825e-03
-5.898870998077646857e-04 -1.276956434488454341e-02
3.901555247531994508e-02 -7.571575269209550145e-03
1.724352902837240215e-02 -2.960860249889436455e-02
-1.632617079195146717e-02 -2.743967152175277868e-02
7.275709372080784582e-03 -2.888910115773465903e-02
1.275012570208951604e-02 3.235344362699529852e-02
-4.855151623312922021e-02 5.257824290693240664e-03
1.468731512024469554e-02 -1.022648636883288775e-02
2.564150595263374466e-02 -3.329004676772356203e-02
-1.629220110134525085e-02 3.910298088066036003e-04
-1.675049207500920248e-02 1.421594322882532846e-02
3.836799976389695249e-02 -1.657257910056667005e-02
7.045884403083547097e-03 -2.391089015053195210e-02
-2.664085839833245373e-02 -6.398006846382916363e-03
4.268130785882614381e-02 -5.188449514028982065e-03
3.678737347115244860e-02 -2.886163634056651897e-02
-3.312817385590493408e-02 1.074216690609984017e-02
-2.836843604316108616e-02 6.675761536639563190e-03
-1.834610921729333197e-02 -6.025264266237805900e-03
-1.518905249680916995e-02 4.819533453639857079e-02
1.364143693047352793e-02 -3.605180401083037806e-02
2.120261030968535396e-02 -2.584426316788966324e-02
6.183584633175361056e-02 2.003972245207710084e-02
-1.322466198620245517e-02 -2.065666468119787061e-02
-1.516281101783300764e-02 3.155245153301348277e-02
3.927649492222355654e-02 1.662763954226640153e-02
-1.968869059536519292e-02 -3.207098927679320061e-02
2.243665250869778666e-02 -3.014722927377504885e-02
9.372748815611416703e-04 9.819213818490881221e-03
-4.191571252013875232e-02 3.576835651082095786e-03
6.094765914636001737e-03 -2.293497908484574271e-03
3.525232643019451245e-02 -2.610106733197326261e-03
-1.006607952993039679e-02 -3.144530292948936184e-02
4.200384004758405537e-02 9.607427630507090963e-04
4.342007757786589539e-02 -7.463290397571204502e-04
-3.001087552268856540e-02 -5.477919860821810032e-03
-2.313812131965994933e-04 1.054086209960765005e-02
3.715243721470564559e-02 -4.875291863130012254e-03
4.819782349238881623e-03 -3.096708539571117053e-03
-1.551167887020007269e-02 -1.558584626427508835e-02
-1.015912532203417686e-02 -1.278066446459104289e-03
2.239260029981637173e-02 -1.278189310564090131e-02
2.521886416272443171e-02 -2.706984442998685431e-02
-3.984977793076960664e-03 -2.480381830122334319e-02
2.440388093778140047e-02 -2.107393541755036778e-02
5.873973408616691566e-02 2.056484893198833389e-02
2.666340713795058506e-02 -4.559106285815399395e-03
1.145569066690670969e-02 -1.568246718537829416e-03
6.192739896309406092e-03 6.836264941084559989e-03
5.147899929439639366e-02 2.888376608191747796e-02
2.988078493726421814e-02 -2.803894331950111327e-02
-2.707580711104885796e-02 -2.289154130898405845e-02
-2.774877283838902975e-02 2.829518585332019276e-02
-4.480699683349291529e-03 6.478079905838084532e-03
3.248716615299334504e-02 -5.206820507031660605e-03
-9.796088430841684916e-03 1.159430530549677985e-02
-6.636257056428284361e-03 1.510334420980163038e-02
1.802987101098929915e-02 4.404839347338552341e-02
8.897604953013579440e-03 -3.335940937839222686e-02
-8.301382600525266178e-03 -1.832507908817630673e-03
1.894702242955949648e-02 3.743141597365812201e-02
-1.823293266748849187e-02 2.378236520987705646e-02
-2.389070911773101113e-03 3.436055409059114718e-02
2.488019481367808802e-02 -1.620738447854632586e-02
2.657616440853200618e-02 3.010499041862925787e-02
-9.808723832852668870e-03 -4.074408427075889433e-02
-3.116962904041846796e-02 -1.844497949827790875e-02
-1.514940859573918677e-02 -3.849525046519886723e-02
-1.808718172367575552e-02 2.637285840186313901e-02
5.685845541816397439e-03 1.509304391613824556e-02
-4.671127274892155484e-02 1.060000019544260139e-02
9.022598676420755942e-03 -2.948854232815200163e-02
2.760412958657256638e-02 -2.560656897150706546e-02
6.921238344381281000e-03 -3.534089496901705180e-02
2.656344484106885895e-02 -5.882917713989393310e-03
-8.516254398930091229e-03 3.356631256610217995e-03
3.235539841085545432e-02 -2.255706113683854722e-02
1.753642527603129983e-02 -2.196103375277903488e-02
-1.121066366964853719e-02 4.428749917373409062e-02
1.916880809679308989e-03 3.090071269660539868e-02
8.978150965841944680e-04 1.040621440555431453e-02
-3.926453479780955304e-03 -1.481755422249367987e-02
-1.540562696619086035e-02 -2.333166692764148190e-02
-1.289813001514458941e-02 -2.092394070405097922e-02
-1.707987387666961470e-04 6.336064371347301626e-03
-4.607472538325138416e-03 1.042803424381259954e-02
-6.565636105436065822e-03 6.367563617973206590e-05
-2.938341194569858011e-02 -8.555095878220734390e-03
2.576162231208431810e-02 5.805319298017928668e-03
-1.156783829637258836e-02 1.632859215471103853e-02
-7.309236716183004599e-03 -3.247028837051139233e-02
-1.343389436003470522e-02 3.218778826116634132e-03
-6.362111352472972839e-03 -4.362696185682240525e-03
-7.186035463163703910e-03 2.621799438926799772e-02
-1.447754220999013762e-02 2.086040151016212846e-02
-4.912026256809376434e-02 2.906071843883750293e-03
-2.432347652359156953e-02 -8.409268511872711876e-03
-2.163925650588224923e-03 2.787105938042223115e-03
-1.137387088546783741e-02 -1.228554395430344649e-02
-2.153474195192250570e-02 3.588399517410137559e-04
-1.499362230254000505e-02 1.923297648489929318e-02
1.142231418315392804e-03 -1.661571969331940291e-02
-1.509690668703701256e-02 -2.000815665660681322e-02
-6.728484347242735808e-02 1.583231075132880694e-02
3.316111333220596313e-02 3.163535190025278110e-02
-5.670619184571659699e-02 1.776878863085598267e-02
-2.925609107005602968e-04 3.139415217104893959e-03
-1.547658091235240042e-02 -2.994553417383729113e-02
4.593012931532224064e-02 -3.592972879818370768e-03
-1.022017841991090976e-02 1.310357441498932393e-02
2.588982574362982958e-02 3.446421731877718359e-02
4.424358406295244434e-02 1.077084751232017419e-02
3.267256931350569216e-02 -2.706840210179180597e-02
2.914206252935154159e-02 2.889391532401136553e-02
-1.364503646735366026e-02 -7.404649767492418487e-04
4.536374637137552922e-03 1.696070883846394900e-02
2.605376535550582573e-02 3.124103655037042959e-02
-1.754011617953044749e-02 -2.982570928577215480e-02
1.441155119836175875e-03 -1.054273159811954484e-02
-1.605247153831979370e-02 -3.404991963185118476e-03
1.531496860788156278e-03 -5.230526724197747009e-03
4.268235758627541426e-03 -2.639717499826002567e-02
-2.961899555396220809e-02 -1.000566334953461277e-02
2.174685178578812314e-02 2.016839979625141208e-02
2.657319640238622882e-02 -4.087949297759225359e-02
1.146283241007329222e-02 -3.810996511314184571e-02
-5.705406573491366047e-03 3.989872768855717844e-02
-1.402530841709019073e-02 3.712038358593127384e-03
-1.378888498606097544e-02 7.190405417358017477e-03
-2.231131698386365145e-02 2.582572966601661552e-02
1.769908757540376507e-02 -3.465683448570733294e-02
4.078379129990700874e-02 1.486314285361522471e-03
-4.404517789229515229e-03 -2.988949584538026089e-02
5.889066128957493864e-04 4.865136484668817346e-02
-2.266346292813033875e-02 -1.437060809616162553e-02
-6.127333569479123145e-03 -2.918032734545360912e-02
3.418257427956458011e-02 4.919540104384813317e-02
-2.032273125943071315e-02 2.373197349375202880e-02
-1.568484450450239459e-02 9.592638904933069354e-04
-7.517768650213814408e-03 -2.155400896229702629e-02
-3.478783344461674337e-02 -1.456588797252018203e-02
3.642671376024495672e-02 -5.711210627232213635e-03
-1.209170473629113743e-02 -3.250196841816314908e-02
-1.687785001099600035e-03 1.153547827623157759e-02
1.651685699690646309e-03 7.924305241853068366e-03
-2.664682654522494698e-02 -6.756014288959598293e-04
-4.908742241660443706e-02 1.257617708913030471e-02
2.813399331867625502e-02 -1.842216383520287395e-02
2.049919758906419004e-02 1.292580013333693816e-02
3.138528058513682245e-02 1.354794931250752864e-02
4.711624992864667932e-02 3.502030150397661499e-03
2.105069324879020945e-02 3.414894223503166931e-02
2.219924424333219112e-02 2.564938543649616584e-02
-4.319319831713910873e-02 6.996269030523861489e-03
-8.918667114859909692e-03 4.825226636831273647e-02
-6.716835205209191646e-03 2.487368206714928032e-02
2.742819356297014968e-02 -1.551334811998602257e-02
4.917881184132173039e-02 -1.391393618872217852e-02
3.872388741016931368e-02 -1.891628721556563170e-02
3.367083667097249544e-02 -4.111630853320196420e-04
2.811583964488898260e-02 -2.220179591539099551e-02
-2.215596439062858872e-02 -2.346765347453285203e-02
-1.976718445168736474e-02 3.892556111105153344e-02
3.156438512642582156e-02 -2.112364725125508505e-03
-1.789140087206313179e-02 1.412866573243156190e-02
4.119232005887658865e-02 1.037793035548273748e-02
3.501573900047104393e-02 9.894576498945404502e-03
5.088043995239844089e-03 6.352512130110403617e-03
1.203052427748814608e-02 3.279569349429462769e-03
-1.535621120920827726e-02 -5.632451056010991108e-03
2.535705350413358303e-02 -1.525344832273585645e-02
3.270783793148128449e-02 1.240364734953389864e-02
-3.020035832356636127e-02 4.428694735442358435e-03
-1.056318323047062899e-02 1.002479612999210463e-02
3.271617774420583491e-02 4.975770304842280778e-02
4.451938877471678380e-02 1.723222689388837284e-02
-3.631745037025204542e-02 -6.715645580206642401e-03
-3.696542694828892223e-02 3.247985822001184936e-02
-1.459131988036074974e-02 4.096833063366857146e-03
3.013971441484928487e-02 1.748107187785169839e-02
2.867747877748671515e-04 -2.736979966335909356e-02
-3.854244435250536727e-02 -1.774747790341762999e-02
9.273956712240766231e-03 -8.496886133802681110e-03
-2.261502506626794640e-02 -1.668358750533306559e-04
-1.335654582883733302e-02 1.264566414093470752e-02
3.693060220460652604e-02 -2.159430190784281806e-02
-2.235772399637327157e-02 3.876880181286939536e-02
3.751649106927650718e-02 4.000052958000897829e-02
-8.160875876800073245e-03 2.711747008308898303e-03
-9.674523435876658528e-03 -8.794102031871062902e-03
-5.107128822759919931e-03 -2.862526925641313558e-02
3.393629937230788901e-02 -9.525559428657756275e-03
-2.487881263729550818e-02 -1.000909270587532242e-02
6.038426403726442418e-03 -2.697538226790021851e-02
3.356931221406986299e-02 2.679769279721627012e-02
1.628815648716195122e-02 1.797359293067607097e-02
2.800380444148497378e-02 -3.620641144460479827e-02
-4.053511508619526277e-02 6.507152862945926944e-03
-2.615087100800990265e-03 -7.602416984764428717e-03
2.569050141936845763e-02 1.790890096712248816e-02
5.438700826586150526e-03 1.690733143307863312e-02
-3.824448349497510530e-02 -1.374085981342534207e-02
3.413870843755042322e-02 1.297636947685450008e-02
3.497678407030884590e-02 -1.033964059388925959e-02
-7.890236507684420669e-03 -2.541994220845995509e-02
1.290534600254860872e-02 5.257763272780603160e-03
-1.182854724431697899e-03 -2.158335593783904799e-02
-1.708177165584585239e-02 -5.296520864007416701e-03
-2.212137394949919428e-02 1.644089245462722337e-02
-7.935354219606713388e-03 1.112456987512214918e-02
-2.260316163877295909e-03 -2.660141964288197797e-02
9.277097493972208397e-03 1.466000898930455883e-02
-9.883781413901903540e-03 5.960825681070027957e-03
5.481905438034165301e-02 -1.361461911917975602e-03
-2.652920217694889130e-02 -7.536563026127172070e-03
-2.403817849257367661e-02 -2.468560724225168229e-02
-5.160396491738347691e-02 8.510468946214317168e-03
1.229428308774027645e-02 -2.835713198966959697e-02
3.908300599384249840e-02 -2.377480848428305607e-02
2.446648965068622117e-02 -2.028256411107927371e-02
2.387018179472736798e-02 -2.103219254937316839e-03
-6.137015047085247164e-03 9.795014694677372374e-03
-2.962496116700615370e-02 2.440366360205376700e-02
1.302088211937979393e-03 -3.734573233954788934e-02
-1.932325931119760216e-03 -3.372921357218515437e-02
-6.563318568716888964e-03 -4.107065639310013912e-04
3.527362606236218723e-02 3.029462224621745636e-02
2.102981870482224097e-02 -1.933692632236407374e-02
3.831798087739823888e-02 -9.454984171590458467e-03
-1.671208957195987818e-03 2.290893339334055655e-03
2.204361362038128810e-03 9.118935853086011442e-03
-3.999329430748983782e-02 3.301470442563612939e-02
1.394813547145801929e-03 2.679214045246573403e-02
-3.607075565592801625e-02 -2.061553762472069160e-02
1.408245954429278995e-02 -3.177826278275708294e-02
-2.932707690210778484e-02 -1.649986168089986188e-02
1.149774578143069118e-02 -2.678131105633720088e-02
-2.700484009440785177e-02 1.187400211647214078e-02
5.651385222806140640e-02 2.482748623105002217e-02
-2.883935806444003214e-02 6.288108760155486018e-03
-3.337851397972890072e-02 -6.259361232277427071e-03
2.543130793298241724e-02 -2.919175462492940368e-02
2.942107503912069072e-02 4.968336381579673521e-03
-3.495292511662022317e-02 -9.270928411664472804e-03
9.294588488502794968e-03 -2.569164596992651317e-02
-6.517007675812752643e-02 4.088562086916181296e-03
2.837929877171153914e-02 -1.242947554449585004e-02
3.694204007920095373e-02 -5.579585095482971109e-03
1.306189531587437225e-02 -4.531500375008299525e-03
-1.558983395924065825e-02 -1.968383475392125603e-03
-2.117078729666981018e-02 -2.120906303680149610e-02
-9.585081733027772666e-03 -9.815276190863463437e-03
-3.816546597703610044e-02 -8.764554800113015911e-04
-1.969124200978822695e-02 -2.448086433337182469e-02
-5.299463006318282099e-02 7.010880733743441590e-03
-4.876999602369760933e-02 9.991364707348104543e-03
-3.391392261644106572e-03 -4.089091354958892567e-03
8.607702218588168678e-04 1.356624702919652370e-02
4.003670434069388911e-02 2.481237182562159860e-02
-2.979885526955258421e-02 2.358221120536009574e-02
4.321538413081837601e-03 -2.804022204675601579e-02
1.179295107151437719e-02 2.845352284872280490e-03
4.619062215762137491e-03 -3.633934817245739086e-03
-2.939637007293748397e-02 -2.364986763154884597e-02
1.033566636866317494e-02 -3.187515680317373062e-02
2.800366290238319802e-02 8.451059020702941446e-03
-1.253652176454650782e-02 -9.290565748005165381e-03
3.014414716557218057e-02 2.951832956905334898e-02
3.002829574288039260e-02 -1.610955130832966015e-02
-2.170387093382915994e-02 4.260411356053389435e-03
8.907171727099733038e-03 2.426895785810155755e-03
-1.439638222633442960e-02 1.464164189473291834e-02
1.236476595017249082e-02 2.035852082099670612e-02
2.896339592435363819e-02 -2.558641098798488875e-02
-2.031887450295934150e-02 -1.342478860531269060e-02
-1.542491561873981891e-02 2.581327634430440922e-03
-4.801841912792614332e-03 1.256053132690570021e-02
-2.650165492964397934e-02 -4.633137644041419867e-03
-2.048122463414358413e-02 3.337178519042301433e-03
5.474522297715594260e-02 1.124200629104901532e-02
-3.217354294098362377e-02 3.426451299272301719e-05
-2.689543483691390208e-02 -1.650211978477448410e-02
-3.296215428988158447e-02 2.128288923380794884e-03
-6.208429930019188775e-02 1.252175298714041252e-03
2.091963097881734471e-02 -1.479414911631450093e-02
-3.459032091853605356e-02 -8.703900045141262781e-03
-1.945318041404228357e-02 -2.078407702033601909e-02
4.478132336290836443e-03 -5.649980903758886931e-03
-2.587005747958721555e-02 3.682426878546554011e-03
2.573907532589659805e-02 -2.678799272042100416e-02
-7.048784099693078398e-02 9.241891545579217562e-03
-3.608224189957641350e-03 -2.810200270716950791e-02
3.468227070594419315e-02 2.096096281685542930e-03
3.697532974869973538e-02 1.579165548513268005e-03
-5.691604100321407539e-02 7.796489567581948651e-03
-1.862616114027265332e-02 2.389834003649334362e-02
-3.046663402012238946e-04 2.667788375191655278e-02
-2.999532150296063421e-03 7.033872938496049144e-03
-2.949663434187334982e-02 -4.649130004050009042e-03
3.979713644091769503e-02 -1.916311019345757170e-03
4.983277693765945926e-02 -1.125665217531566023e-02
-2.149468939639121237e-02 -2.414578441493622774e-02
3.221815339237395215e-02 1.115302654809982238e-02
3.425085105123368279e-02 -2.203191810874761264e-02
4.883620209609198896e-03 -6.659918047618899190e-03
-1.159945485831596641e-03 1.604312099323058557e-02
-1.568066377150728087e-03 -1.196342325074384316e-02
3.690537670749030608e-02 4.917003339779384835e-02
-3.213424738062594516e-02 -1.624984566812700398e-02
-4.051430946817217993e-02 4.991193968708926981e-03
-2.273924490304701784e-02 -6.071729780656332648e-03
-1.051588937715343050e-02 -2.281845203058852078e-02
-1.446349110387912078e-02 -3.226782389058097805e-02
-4.837289400195600442e-03 -2.622324841002173640e-02
3.407902188075533079e-02 -4.956253784449478339e-03
-3.926470370555864425e-02 1.348920589678859108e-03
7.325771093287691826e-03 1.291090911173752888e-02
3.957637046914755374e-02 3.417183176804641093e-02
-9.185857438410681419e-03 2.794350305212895194e-02
-2.623737199944785325e-02 -2.598698292048136349e-02
1.870604244156600510e-02 -4.723118989117141599e-03
2.598717771381940309e-02 2.525665269840786722e-02
2.467854245397440444e-02 1.150483409826684109e-02
3.194699553638750272e-02 -1.614860792848134274e-02
-3.649003405742999015e-05 -1.030912587183664339e-02
-2.876125411883631577e-03 -2.082299410416860869e-02
3.231585485735683633e-02 1.723965785446333540e-02
4.498109030688099419e-02 -1.371135353289805459e-02
4.027089132912023157e-04 5.414584819887184250e-03
-2.315775289313183952e-02 -8.627488739960512132e-03
-4.451078949219216055e-03 9.912737253737135060e-03
-1.506457109726515742e-03 6.096040040883564165e-04
-9.619185649135879312e-03 4.000312510973622754e-02
-2.450912631088209004e-02 -1.310732222291980179e-02
2.975159285674065096e-02 1.083362857348683407e-02
2.019329428251835298e-02 -2.138982790869849854e-02
4.047387376642914286e-02 -1.930321394945165928e-02
3.481348564939236445e-02 -9.543467765155279336e-03
2.439524135776377500e-02 2.871263402805481618e-02
-7.007809141867281204e-03 4.904884645512357956e-03
-2.749589629361759435e-02 1.009653484729396925e-03
-3.352654775366985251e-02 -4.650864488079923154e-04
-9.161904472922760209e-03 -3.164477138053472388e-02
-1.916014464992276539e-02 3.052347960255045317e-02
3.132058189066931619e-02 -1.492631230287738350e-02
-8.337794545203012012e-03 5.920812022047023532e-02
-1.657247895569714108e-02 4.606518047636856683e-03
-1.327343391094598125e-02 -2.335080817292067498e-02
2.007186046578142598e-03 -1.533679914593742135e-03
