-3.041808919776529951e-02 -1.160310953740241631e-02
-2.452557409531398377e-02 -7.705166362574200969e-03
-7.450355466691829798e-03 1.729953957485429704e-03
-4.492308530608606944e-03 1.089028298896118838e-02
-2.076756584447098097e-02 -3.394931737885283594e-03
-2.912883138804821942e-02 -8.081170368610630234e-03
5.892538465981902486e-03 3.856920146027045110e-02
-3.341367497626186820e-03 5.702350427130738024e-03
-2.330440308947129280e-02 -5.005469853926734249e-04
3.333951682873977779e-02 -2.765981571629164831e-03
4.079474244675235922e-02 -7.390932604635443506e-03
-3.304212446907114908e-02 3.463794967270988207e-03
4.343999175459295481e-02 -1.455818803605389393e-02
-2.729515073147796567e-02 -7.254458252769128632e-03
-2.400306074724401200e-03 3.059832132609952016e-02
4.259172181387586159e-02 -1.488968308526709625e-02
6.992551556040704774e-02 -1.892223139748967775e-02
-6.763229215563850566e-03 -1.035145723562365568e-02
-3.055534963936766893e-02 -5.128693213760425300e-03
-2.877539639299753899e-02 -8.416995753065566535e-03
3.488543093278929225e-02 3.914830873419736061e-03
-1.913548105947768252e-02 -2.410375638912009774e-02
-2.740046474300724018e-03 1.544585468548959062e-02
-1.930554699827999321e-02 -8.177307865145937507e-03
2.387706853480277627e-02 1.901680594145992512e-02
3.062377131226505164e-03 -1.671286007849302714e-03
3.623640427111425675e-03 2.365416782565983242e-02
4.930506321947017434e-02 -1.595189333407989740e-02
4.470325152391925461e-02 -9.832201147613484418e-03
3.838365026032507579e-03 1.317754407910444762e-03
-8.170112040407926995e-04 1.341440341086524470e-02
4.114072919339662598e-02 -1.000370748473351779e-02
6.762301605752518534e-03 1.449647490763699559e-02
-1.277702564666295150e-02 1.669036968007758803e-02
1.508350949039429997e-02 1.293684244233874250e-02
1.573759093208383988e-02 2.171859230419661071e-02
-5.077175411591165408e-03 2.215574643040553807e-02
1.033519733005214790e-03 2.005113990321677475e-02
-2.606721645158529416e-02 -5.909151532829759121e-03
-3.642604921906400853e-03 9.662266865694433757e-03
5.010746752856612722e-04 1.552562723820949744e-02
-7.398734363752017783e-03 9.031514052591761710e-03
-4.243243402622506877e-02 1.875621987146478117e-03
5.393299641563412128e-02 -1.823093159346035608e-02
1.572234327281345559e-02 2.804042759020262607e-02
-3.369362565704198120e-02 -2.699205155410347098e-02
-3.203596989624955815e-02 -1.337167451252713711e-02
-3.582048618024283315e-02 -4.677351908927565756e-03
1.150083512637382031e-02 2.005474657084403353e-02
1.234792743921496808e-02 2.146484489284184588e-02
2.938817774678767480e-02 -3.441991309301701413e-02
-3.216862923710363253e-02 -8.286413224579059628e-03
-1.629321401166940880e-02 -1.122724279649662746e-02
3.309095005826253461e-02 -9.952042518617483513e-03
-1.981986299577814803e-02 -8.270241506511656626e-03
1.518054524907253185e-02 3.186068045853872321e-02
2.243066226122480619e-02 2.333493639001229386e-02
1.263389251344860555e-02 2.965825474237228712e-02
-9.237422588433075177e-03 6.936047321294887269e-03
4.313435398298298695e-02 -1.736802171475234149e-02
-1.114519444542952549e-02 -1.417236151365143526e-02
5.706097016915899489e-02 -1.429825025537646670e-02
-2.736721232424665223e-02 -3.930878055391623209e-03
-3.689463311943139839e-02 2.730334114885429788e-03
-5.203596814520945919e-03 -1.559639925504859373e-02
4.471542631842299886e-02 -1.156264431783577892e-02
9.368993285981458072e-03 2.328606254679798943e-03
-3.171174164302392740e-02 -2.028450861295365542e-03
-5.803501534311134372e-03 -8.717950545090769748e-03
3.201532972687131523e-02 6.047949932083974620e-03
9.705207082323053305e-03 -3.605901462529129131e-02
4.088492897272377746e-02 -3.488062802598457419e-03
5.982397065503425315e-02 -2.071483286789804409e-02
-3.507799810157430365e-02 -7.961165162473559861e-03
-2.032253697607896634e-02 -1.128175950874466763e-03
-9.646762224967403779e-03 2.607742243925957257e-02
-2.301464796986694289e-02 1.145508083227603051e-02
-3.540960302228433887e-02 -1.252607682665093924e-03
-3.448836074609375885e-02 2.875051963525557946e-03
-1.857279780864067725e-02 2.278946842872722582e-03
-2.317098127637325089e-02 9.643537532811535112e-03
-1.301499306516187317e-02 -1.424001767775692588e-02
1.826218508927856740e-02 -1.674116555706596857e-02
-2.916116934045161202e-02 8.755430743166707399e-05
-3.139035164095060892e-02 -5.224964215621807212e-03
-8.093389314984885275e-04 3.460563140155347578e-02
-9.607033935254083445e-03 -1.405201532051009346e-02
1.394437110259824121e-02 1.915066894458537783e-02
1.940307882730041462e-03 1.606894756179134617e-02
6.739961447351686986e-03 3.276335134822027512e-02
1.854667411675798780e-02 3.058644815249213916e-02
-5.325171265302607211e-03 7.576097851702896097e-03
5.071947882421504183e-03 2.060196965758348542e-02
-5.728454806893739336e-03 -2.616730330822893483e-02
3.443035195096699752e-02 2.779131710275762907e-04
-3.690078800270052417e-02 -9.017833035833154641e-04
-1.872956471496778352e-02 1.100145131818879365e-02
4.810884129817807886e-02 -3.702494106846490607e-03
5.319386377766485707e-02 -4.429447840067228873e-03
6.244294373009428439e-02 -2.387000967710265625e-02
-2.766723088728607546e-02 -4.214926337835489534e-03
4.380407668062032828e-02 -4.355972787650168668e-03
-2.184057839896293499e-02 -4.493639750899204588e-03
4.972551373698994720e-02 -1.545886021519592146e-02
1.335580927901668102e-02 2.136471741950164704e-02
4.907298294401885030e-02 -9.895514764779383271e-03
-3.775082522493092285e-02 -2.259428353057527789e-02
-1.656196642504971853e-02 -9.857237980443588760e-03
-2.952206791870282468e-02 8.991057941374024087e-03
-3.186672516920199816e-02 1.182440119791563181e-02
-3.140736006443685391e-02 4.544015612503468290e-03
-1.386738039616453554e-02 -2.315930762943254825e-02
3.987557836766975755e-02 -1.302397567792238850e-02
1.392611607681942289e-02 1.935768167728153799e-02
2.711185944895604452e-02 -1.458662137288474839e-02
-5.412129862566963934e-03 -1.731140496107106894e-02
-1.934878207935547198e-02 -4.460773938918806761e-03
-4.220976679677574533e-02 1.325577456410085252e-02
4.562294121712522771e-02 -2.020890864264109944e-03
-2.276503637845532849e-02 5.982324285197149552e-03
4.333617232040643669e-02 -2.497174016009968273e-02
-3.584290359758655897e-02 -1.397871495863776091e-02
2.679602480050955957e-02 -1.522948159680740515e-02
9.897045587578900613e-03 2.150255510762227526e-02
-2.254927276088773691e-02 -3.675791064557879309e-03
-4.358747200302851010e-02 -1.090244137979994032e-02
-3.664775262722155119e-02 1.708484324970300583e-03
1.319198478544941419e-02 1.557795214675210781e-02
2.445405333382540472e-02 3.218783109388372726e-02
-1.332425119913509086e-02 -9.324003451940714865e-03
-3.179671432047730811e-02 1.276993742862017958e-02
-3.470410178012015706e-02 -4.975313882316410342e-03
4.051953355317301081e-02 -3.294495062167092370e-03
-3.077887953952962094e-02 -3.602407980160020600e-03
-3.421434549712573658e-02 1.283001584393336607e-02
-2.527492805881146817e-02 2.675319084965053010e-03
1.162724070898650541e-02 2.921072873741800344e-02
4.131113753172386410e-02 -7.134030274371400138e-03
-2.739475123058502520e-02 -6.157219163001472796e-03
-2.824947958710483098e-02 -1.640347676723316606e-02
-4.069745887903769566e-02 -5.361297064504787907e-03
6.027248333685097589e-03 3.152496851620673751e-02
4.098357818117318030e-02 -4.306851673894110215e-03
-6.730537188449812157e-03 1.021002486169324437e-02
-2.436416212198109013e-02 -8.259233917836871983e-03
4.788147831167868448e-03 1.801935820129486887e-02
-9.076430372802054766e-03 -1.821131449200065304e-03
-3.266535240755955721e-02 -1.127865238302017256e-03
-1.403174243992498385e-03 1.972676162833891453e-02
-2.237976642860596208e-02 1.121178865648880633e-02
1.278017904315045155e-03 2.416789602619317037e-02
-5.852690547276988980e-02 -1.377054300564902432e-02
4.887264540790881712e-02 -8.075696634825635031e-03
-2.418200539469970642e-02 -1.247879348602397992e-02
-5.573336492391071234e-02 -2.422336723513060161e-02
-2.449047209724447560e-02 1.099998445529132979e-02
-1.314959229061463293e-02 8.695697956439627646e-04
-1.003698515840119147e-02 8.411562119638029550e-03
5.307769866039347383e-03 1.836815877404655503e-02
-4.699724647646114084e-02 -5.827053873826409242e-03
3.891902145966848886e-02 -2.612183532816811718e-02
3.585255980399020079e-03 2.234052567511992868e-02
1.779775460071546245e-02 -2.742039651099860073e-02
1.304650073851561926e-02 5.391098313353080880e-03
5.184386467284662209e-02 4.315272129024364314e-03
3.000544356892422687e-03 2.094653429000639319e-02
-1.225726684000392683e-02 2.743830209475799087e-02
-3.563161128311950060e-02 -8.446056526348126939e-03
-2.222178546708360874e-02 4.006592682871442344e-03
-6.391108858583810330e-04 2.015537881625628983e-02
3.678002140924305913e-02 -7.840191724592516023e-03
-1.313991824400380197e-02 -3.145762919475177067e-04
-3.081341674178656245e-02 1.463804517053291648e-02
-1.525932957121836110e-02 -1.910841092201908883e-02
4.916549701360904689e-02 -1.407516415292160358e-02
-3.636779322291166378e-02 1.614136238567985418e-03
4.643449743171716021e-02 -1.249095156366657536e-02
2.250602500747141826e-02 4.868086881311106326e-03
1.830205692605858109e-02 2.479214511581284003e-02
5.916387422871428881e-02 -2.361182006765305888e-02
-3.436123210526848687e-03 1.521839371567301410e-02
-1.372955548240024914e-02 -1.427252919121984980e-02
1.271190150461642791e-02 3.917472160856424329e-02
4.465833224660121364e-02 8.444463897986753675e-03
1.419806702618535942e-02 3.614982768553626907e-02
3.697708852190136064e-02 -6.476409414409324376e-03
3.597998534045208918e-02 -4.394531016406437104e-03
1.841171811559554408e-02 -2.344235579788888409e-03
8.533933197806723532e-04 -2.064253942957656671e-03
-2.652939810743397062e-02 4.308692716353020556e-03
-6.050819788270658632e-03 5.070790992128523800e-03
1.352389788251833966e-02 2.504682854055604799e-02
3.442352689311249225e-03 2.730749556110387624e-02
3.580089424518737712e-02 1.604054605770482815e-04
1.459404458571009200e-02 2.414585246220566847e-02
8.988895894947349086e-03 2.732152885162616660e-02
-6.958585120288456917e-03 -1.399260558667217089e-02
-7.797845731909559298e-03 3.014325210885768561e-02
-3.217927534482446089e-02 -6.507892513397992018e-03
-3.298838022894322406e-03 1.014380892481676292e-03
-2.479627042314699187e-02 -6.346747792820193849e-03
-5.087099290370118015e-02 -1.309424174438315880e-02
4.908137277256173492e-02 -9.881942326283574274e-03
4.062026479554821899e-03 2.240979998875141863e-02
7.764949185990892115e-03 1.790767590451767047e-02
-1.253062157359052277e-02 -1.739104993058589524e-02
4.017171509071078978e-02 1.019829182572243656e-02
9.014309315271244738e-03 2.640563768511416942e-02
6.292337746139074414e-03 2.658315674597757153e-02
1.588125515982298161e-02 2.817760712161641173e-02
1.232542272942149103e-02 2.527449701865303391e-02
-3.066264839055184502e-02 1.682382497743340095e-03
-9.356297773491280972e-03 -2.046629471513538440e-02
1.975279694129560004e-02 -5.005756130007072043e-03
-1.370431449071634646e-02 -1.983890530998397989e-02
-3.587801131224995638e-02 1.958438421685843728e-02
-3.528489657504227384e-02 -5.865102933692614403e-04
-7.661242216853705531e-03 5.739763085303131902e-04
-1.814028927480662232e-02 -1.894506633318822700e-02
-1.734213674408927042e-02 -3.791881212789297018e-03
4.300126122755467545e-02 -1.697367200814042798e-02
6.488325168312183977e-02 -2.374747478424090938e-02
2.586244425918705209e-02 3.581226511626824788e-02
4.932419392694046417e-02 -1.633146461272722699e-02
-2.555901574913662863e-04 -1.988688574816420765e-02
-1.592157628589419005e-02 -9.381914207092355296e-03
-2.085206914199789693e-02 -7.811201869918509878e-03
-8.782891943791859904e-03 2.451017467066710608e-03
5.696147195911569448e-03 3.159395059689875523e-02
4.106897887784799472e-02 6.569029860355472296e-03
-2.179954798745663974e-02 -2.835726395115667833e-03
3.645342380772115254e-02 -1.427776482551097043e-02
-1.313979966221761816e-02 8.728530509966047658e-04
-4.601319525184056382e-03 3.364426502004383163e-03
-3.004449099936140621e-02 -6.327836301327357908e-03
-5.066160564850840688e-04 2.108367419769989135e-02
-2.017267578942904399e-02 -3.777384754242599750e-03
2.463210859372851752e-02 -9.757088211762875163e-03
-3.712427328413105132e-02 -1.172395625192206720e-02
-2.467646131452035790e-02 3.566587063677387117e-03
1.302720034002823610e-03 2.308482074071898510e-02
-4.216033027028916191e-02 -1.711143151426226111e-02
-5.378568229772958537e-02 -1.142203121996381021e-02
-8.272933655317992255e-03 1.971627275520330264e-02
9.195975551521398325e-03 1.829180071332139543e-02
2.229760371017966078e-02 -1.974933331990760127e-02
3.055338636779885222e-03 -4.145285761667044828e-03
-2.889977439991933336e-02 -2.841042666471373969e-03
-4.168616003311077789e-02 -5.684178118665306548e-03
-1.578376820407241879e-02 -7.112482588594831560e-03
-2.040627518642846097e-02 -8.807994063240438907e-04
-1.108599290134065947e-02 -1.192400400463409322e-03
-3.364733191168321758e-02 -1.199410181657703349e-03
-2.207457138456478049e-02 -1.570719701577433236e-02
1.549838203525655527e-03 1.740016123023669162e-02
-3.999676977754066526e-02 -7.719336102739779611e-03
-1.473021779557891556e-02 3.173801034004837106e-03
-1.889427429498499039e-02 -1.022665246047345204e-02
-1.401350434194493198e-02 1.445687924073903174e-02
4.521821600793286128e-02 -5.088707423673470912e-03
1.693976205247517408e-02 4.044434144819284566e-02
1.727925482637880346e-03 1.945785998365256314e-02
-2.851913876862732788e-02 -9.317927362421950244e-03
-2.489026439546212013e-02 -1.593619102000502774e-02
6.009019189680963463e-02 -1.143398542295291035e-03
-2.043861926724372877e-02 -1.230099883196905490e-02
-4.456197252785019935e-02 -1.366274067744795151e-02
4.648114936282377735e-02 -1.277843893490795621e-02
2.739111574963840404e-02 -1.739987316029496800e-02
2.451461729551368540e-02 -3.271529371122020718e-02
-2.053117818050991319e-02 -1.225299218061032432e-02
-1.845055896011182570e-02 2.858520479912929086e-03
6.161619110680157524e-02 -1.059460102165087590e-02
5.272405642031734868e-02 -9.159592462224623848e-04
-7.785001836113587814e-03 -2.637077056296258278e-03
-5.648591076849077131e-03 4.589465481211504709e-03
5.701661120409082933e-02 -1.777479228815497664e-02
7.257089470940104176e-03 2.284709150270479092e-02
6.601604028439873872e-02 -2.031153120152824620e-02
-2.393680304128328537e-02 -7.733674466334113096e-03
-1.187776046708720681e-02 -4.630477729469339998e-03
-3.798302995189425241e-02 -1.119810688124955531e-02
2.087024747598984278e-03 3.259032515570824129e-02
1.844567236340914282e-02 -2.379156833704230284e-02
-1.570525597062162604e-02 -1.623109155038167384e-02
-3.145818148563140487e-02 -1.183961061731892035e-02
-1.078515013571049001e-02 -7.992873390583882243e-03
4.052211581215379305e-02 -2.656439172377194572e-03
-2.782678207516765118e-02 -5.737509793829002544e-03
-1.399174922997770652e-02 1.486459228299748594e-02
-1.626492970337716209e-03 1.322858829261900487e-02
-3.545362660653070264e-02 -2.718624450187169875e-03
1.196965510013028172e-02 1.995022705822120657e-02
-7.443134665573026935e-03 3.163315828127469254e-02
4.625395262126742041e-02 -1.929577459595799641e-02
5.184433110104941234e-02 -8.404264919665112993e-03
-3.325262531345229283e-02 -4.432668997002024193e-03
-2.702237059559049401e-02 -1.187582547809967574e-02
4.187819289853018066e-03 -3.531146117885038301e-03
3.193554005843109861e-02 -4.069071106047168068e-03
-1.116042662553931065e-02 -1.422589453937399447e-02
-1.281997578599266413e-02 9.635642364499756802e-04
-5.701958678428711846e-02 -1.425015526113719740e-02
-3.996543303183072021e-02 -8.871531187497657799e-04
1.588591872798217342e-02 -1.799152666795059835e-02
-1.091701663401716850e-02 -6.510499728996452934e-03
-8.944027638186316520e-03 -4.534367411662381785e-04
-2.257189238499913639e-02 8.551662349570889401e-03
-1.533634473351861392e-02 8.057620616445373626e-03
-4.812541908141131780e-03 2.442564472430132014e-02
-1.424484141865667644e-02 -1.820207740724178944e-02
3.280284031569368625e-02 -1.119968438037079878e-02
-5.982665968000645124e-02 -1.785584588564808478e-02
2.604033600520565608e-02 -8.718760812918812872e-03
-1.821016378327002319e-02 2.181439395310509556e-04
3.536725182343637697e-02 -2.979121304478216450e-03
-2.996398880528172021e-02 4.443093678504810018e-03
-5.800101908855573481e-03 1.446200596677600821e-02
-5.189088296909248610e-02 -1.084931809856830992e-02
-2.790162220028571255e-02 -1.914828678051583299e-02
2.348358847569036265e-03 3.279212337938219174e-02
1.856482839333050555e-02 1.463724438952013901e-02
3.123147693615006479e-02 -2.266318935368534862e-02
4.459263766341611465e-03 2.338499960485107207e-02
1.237223000247278035e-02 2.451228879729238155e-02
3.691640373631006715e-03 2.297148779899966728e-02
-2.421482415968690891e-02 6.929779532356445011e-03
-2.380079541546853070e-02 -5.077162965262964692e-03
-2.673284734589801565e-02 -2.084800023727289078e-02
-4.351260563877677734e-02 -1.191674806101957265e-02
-1.924580281766900478e-02 1.613475246377897316e-03
-1.709366522027797736e-02 9.601248805044805502e-04
1.359906094219838144e-02 2.148611928289777956e-02
1.407817439850954366e-02 -8.442406053693857909e-03
1.130934720100239309e-03 2.701918676796596919e-02
-1.056538372568578731e-03 -1.164635079889061835e-02
1.265126495956973331e-02 3.189623804841786037e-02
-3.042725907202844041e-02 -2.087999629438851840e-03
1.397950616476104947e-02 3.000366913748337902e-02
4.938595900893266027e-02 -2.828810772014439534e-02
4.227296250662890970e-02 -6.271489762989466629e-03
6.301977191630714174e-03 2.367126531676880252e-02
-3.914751704203741495e-02 -2.007950993359044339e-02
-1.581641442759167820e-02 -1.027052329603170104e-02
-1.981192355217066374e-03 3.264768493775663250e-02
-4.083400672538990001e-02 -1.890746038348244118e-02
4.389727249439902279e-02 -2.356197883889623104e-02
1.912335268057416271e-02 3.686880245098206506e-03
-5.125690280187051966e-03 3.058522034365367126e-02
4.434537019883780240e-02 -1.752659114879437027e-02
1.177985847672039302e-02 2.982029354177300612e-02
6.374557846430169324e-03 4.622435391858651689e-03
-1.929111563613349761e-02 3.638803029481962794e-03
-2.864653417641849567e-02 -8.834384393614350128e-03
-3.378646687610963040e-02 -6.999813215435335065e-03
-4.382401907160534370e-03 1.097760446002136667e-02
-3.779401356403279399e-02 8.249423510539977513e-05
4.582221924503685623e-02 -1.341204227365270368e-02
1.303706156502956043e-02 3.011364387170561638e-02
-2.873932437054359246e-02 1.372278331133475193e-02
-2.260563248655005769e-02 -2.229872788474437234e-02
-1.225758287226530116e-02 2.250723051569523611e-02
-1.816070647910569824e-02 -1.019754314679818634e-02
-1.746691551561741895e-03 4.415387682240739381e-02
5.532656157864847962e-02 -2.343459673083823566e-02
-1.646919271939656024e-02 -5.305846794023152263e-03
4.528213336238388204e-02 4.021324789516666186e-03
-4.439845105759362975e-02 -2.418704589870298433e-02
1.445114287252379469e-02 2.905384434101996455e-02
2.945601290335688599e-02 -2.637924365760183900e-04
5.785603991140691495e-03 1.930976012583377963e-02
7.250657973685377313e-04 1.770344825646265330e-02
4.455409773039103669e-03 1.004959400255956738e-02
-1.869604164144901201e-02 -2.385395933494739371e-02
3.137511668978602147e-02 -7.752634267760903294e-03
8.817429663348598165e-03 3.072415650608842363e-02
3.563744805494860335e-02 -3.360314366095275285e-03
-3.791878477474803014e-03 3.235091100867896335e-02
6.858781505953693430e-03 2.146565001072251247e-02
6.259203920127088747e-03 1.490844127927157432e-02
3.468863255640195625e-02 -2.914028016099993665e-02
3.680815850700458469e-02 -8.959953692298409239e-03
-1.381845931784842982e-02 2.750807946387242957e-03
-1.508511643661189505e-02 -9.530280983893421945e-03
4.517847598785677127e-02 -1.465241732539110560e-02
-1.524491457198967267e-02 4.651487554862803321e-04
-5.316312027573408261e-02 -6.504377499444141848e-03
-8.492055262479708197e-03 3.540561513139077465e-02
-1.995878810178248336e-02 -9.506581622331457260e-03
2.548133741724563882e-03 3.251031385173572957e-02
-3.997698557523579610e-02 -8.311492439416237957e-03
-5.801774048599079615e-03 8.717569428555092120e-03
1.826625527131179108e-02 3.516934366147560220e-02
3.051388785006122536e-04 -1.573497435243081943e-02
-7.492723777670560505e-03 -1.078056143543159109e-02
-1.150817385309613888e-02 3.403654745339631041e-03
-1.008504111906623896e-02 6.525979835635062343e-03
-1.985880589443315622e-02 1.259898139869430715e-02
-1.189815512918368685e-02 -1.699506283052224301e-02
-3.112873439406628126e-02 -1.938919805732521387e-02
-4.098176636680291030e-02 -1.931350285404971265e-02
-3.164696785948962338e-02 -1.081554561972979632e-02
7.865792142997214687e-02 -1.559374635953938819e-02
-3.757433743836840340e-02 -1.128088285495061453e-02
6.078498738285238040e-02 -2.193130211023433182e-02
7.894333258844492621e-03 -7.624469535823046561e-03
-1.707237580970858218e-02 -2.078322626006438162e-02
-2.850165143940340540e-02 -1.358544848324895514e-03
4.210442210498686888e-02 -1.286432666774874403e-02
4.194998807751644521e-02 -1.070525231719873793e-02
4.304552298103761498e-02 -1.998618889309745211e-02
-4.394404680198139325e-03 1.899819496930393176e-02
-2.014226256727886383e-02 -6.243330742760351548e-03
-3.215697326126764483e-02 3.358627601468389730e-03
-2.025375877819994563e-02 -3.884876337469638386e-03
-2.440027318864738601e-02 3.649559176537519548e-03
3.522984919857666264e-02 -5.462148493731309312e-03
1.443690289653692949e-02 2.611024445955463166e-02
-1.446739001255961665e-02 -9.733947453753867551e-03
-2.718168826770619995e-02 -8.508849081621703073e-03
2.827290403937246510e-02 -2.291386524417219576e-03
5.619578088617847855e-02 -1.392530190956071771e-02
1.273673160433659406e-02 1.969556810305277475e-02
4.299995649436343104e-02 -5.316662471014181428e-03
-7.001590349670158524e-03 1.990474244954597988e-02
4.367180991005648223e-03 2.885256486141001692e-03
4.463587366864125300e-02 -1.819694354008227419e-02
4.414021325796615991e-03 -6.482815275805664176e-03
8.557678627299579455e-03 3.009620978575253125e-02
2.482099800472142327e-03 2.433649121462209616e-02
1.078161503040307202e-02 1.600856622541061564e-02
-3.826774508673311953e-02 -3.530358648687218702e-05
-2.468910042172328678e-02 -1.249801947729189087e-02
1.959206870326432592e-02 3.412956663465412793e-02
1.665799816398151612e-02 2.464170427563656951e-02
-8.032620792520352160e-03 -1.219299441837381646e-03
-2.397085592395861720e-02 -6.116764964545536552e-03
-1.540346263788075487e-02 -7.587963109066383181e-03
5.835210267644058701e-02 -2.304359979175772330e-02
3.292683714673417389e-02 -8.097373621137658392e-03
5.470587791035185117e-03 2.615207655885546170e-02
-4.935412377073565560e-02 -1.339379591208981687e-02
-1.912585362945752251e-02 8.139474033705540804e-03
6.995754389209776032e-04 2.348230341403239815e-02
8.249921080077350644e-02 -2.008995192335523775e-02
3.872296106527156612e-02 -1.203938281221081895e-03
-1.868693158520676884e-02 -1.408977671799607582e-02
4.995775659085864052e-03 2.627241924457176386e-02
1.130794693400341382e-02 1.979726055133867318e-02
-8.835762629432024340e-03 1.971249302857691187e-03
1.043054763874765728e-02 2.193289690562561303e-02
-1.263841231864722310e-02 5.583813845961372105e-03
-2.695954443234111278e-02 -4.539560973127604315e-03
3.005671980481619196e-02 -1.768641189119305596e-02
1.305736908342045900e-02 3.486882634017941622e-03
-1.238986340670778646e-02 9.244334754294609947e-04
2.912136695108817966e-02 -1.374920467661422049e-02
3.703705464719007218e-02 -2.780923972008663911e-03
-3.454408262061081994e-03 -3.444641372201409906e-03
5.184546565297019904e-02 -7.505590866966526699e-03
3.277860505684272729e-02 -2.064692451214939287e-02
-3.035837690873174552e-02 -6.173337352526177615e-03
-2.124207699493449453e-02 1.707841460137762889e-04
5.178369838260378499e-02 -1.253083541530242324e-02
4.854643866430553151e-02 3.734918428362591757e-03
-5.179619144551884241e-02 -8.396697203063839890e-03
-1.712210047679674566e-02 -9.048839875475384389e-03
1.686014844735240353e-02 2.912510725899990910e-02
-3.537465858862925971e-02 -3.854867857420295023e-03
1.860893853568889103e-02 8.449026156295374318e-03
5.980618344577225826e-02 -2.203251222459083267e-02
-3.061129723898457430e-02 -6.709457554336406039e-03
-4.855646575178230312e-02 -2.141149696389523654e-02
8.207976104651648099e-04 -1.944430275974105360e-03
3.829807898915667252e-02 -2.897211136775118892e-02
-2.422882743734341288e-02 -9.018833084058569538e-03
-2.695663337881501129e-02 -1.163524082470945506e-02
1.562039303186498265e-02 2.804363795049195224e-02
-2.252994791518035927e-03 2.151459943707171099e-02
-1.260157190973743707e-02 4.555657577883775837e-03
5.486312316055936417e-02 -3.841455959952356884e-03
-3.514089717696051302e-02 2.131888475671756076e-03
4.619091261866703491e-02 -1.658161605282301373e-02
5.142699807618177077e-02 -1.344219874055189480e-02
3.479559091893772577e-02 -1.266745281323873248e-02
-2.173419714489032220e-02 -3.772742469028288366e-03
-1.534612885756147049e-05 -2.071905230964561292e-02
-2.996233840443735495e-03 1.593249549606884016e-02
2.891238552226780070e-02 -2.292160096852413967e-02
1.515935264978613556e-02 3.231905077783845531e-02
1.890375488757123357e-02 3.054229237334711231e-02
-1.138639171110066191e-02 -1.678433162994893285e-02
5.794640416542540251e-02 -1.751896014682000069e-02
-1.700494021228128247e-02 -4.293639558410829865e-03
-4.069134717332003465e-02 -1.542975631190870826e-02
5.567419759334554970e-03 2.604809959091844776e-02
-2.991266474429471120e-02 -1.199484180320246896e-02
4.109967666423077620e-02 -1.922711280425463964e-02
-1.043513025455756506e-02 3.077630838702424126e-02
4.223446585650588846e-04 1.793274366924323127e-02
-4.529508550639266967e-02 -7.656404923767679872e-03
-1.275740107751436453e-02 -2.450675283305849342e-02
-1.185028030729263528e-02 8.547292099481299671e-03
-3.755861317447323211e-02 -7.868774184383368203e-03
-4.964411513654132940e-02 -3.046048449627145049e-02
-1.577136427718354474e-03 -5.009666977476271224e-03
7.703580089707509453e-03 2.373887705959588576e-02
5.342157228887858822e-02 -2.087858488898385392e-02
-1.002383866906117124e-02 -1.011844159892253021e-02
-1.881525295927030314e-02 -1.783288802289068400e-02
-3.085821582066730628e-02 -6.625008582161042402e-03
-2.508272505419685463e-03 4.715581714157200113e-04
-2.202529059990302254e-02 -8.351554192235283863e-03
-2.050402028757840941e-03 9.187408126420936209e-04
-2.055480829662351128e-02 -1.130727988956971427e-03
-3.102001323008505423e-02 -3.478876698501643348e-03
6.178752718678818742e-03 9.656493201609092636e-03
3.429890913820450582e-02 -2.045588959613800842e-03
-1.163623165796559035e-02 -1.268865939110115811e-02
-3.890907806749217129e-02 -1.691483918777243051e-02
3.792828008101797876e-02 -3.956264928173624899e-03
-2.238181530062704691e-02 3.108793442674407000e-03
2.918620030917206537e-02 -1.980715778814222047e-02
-3.934368923212494887e-03 -5.357943364671004108e-04
-4.025079832727435081e-02 -1.685334491072952785e-04
-2.081155949947097877e-02 1.512967882260635166e-02
-8.167398443460177192e-04 -5.075891589212349828e-03
-3.903756571135952747e-03 1.167198959721024373e-02
1.014355919128030574e-02 2.109060289986844361e-02
5.535270936635812433e-02 3.826649466073344524e-03
-1.856705893567149471e-03 2.340184945266506056e-02
-1.085716857115781239e-02 3.016548258337953432e-03
4.415041748939836988e-03 2.080944796369027169e-02
-1.050560293630791765e-02 1.270081660269489201e-03
-1.029441965894888414e-02 -7.996395229527207896e-03
1.539577397116375680e-02 2.430700659145844031e-02
3.593123619126659118e-02 -2.589985817966768480e-02
3.401122663363253889e-05 7.588039607116259591e-03
3.074349651345672715e-02 -3.590513769972479151e-04
-3.633408109295451632e-02 -4.351785539548196427e-03
4.355388217741359286e-02 -7.362869860861793493e-03
2.013900891749282468e-02 3.063019816681051936e-03
4.083340553124516908e-02 -5.448197913098164029e-03
-6.448735953823795698e-03 4.190379055895994366e-04
-2.494766094609965693e-02 2.442493238196050565e-03
2.235461653746035390e-03 1.172694086210975851e-02
-3.492210474458359252e-03 -1.687822888814174450e-03
-1.141207329449654521e-02 -2.473466076726841580e-03
-2.618896919738285603e-02 -3.674316537705850719e-03
-2.792753554561211091e-02 7.654710361265548192e-03
-1.989343371659843193e-02 -1.120068670397778715e-02
-9.750382255238679297e-03 1.898875043299309492e-02
-5.377542156643908000e-02 -2.333065151215435798e-02
-2.310760414278739336e-02 -1.053858682229020551e-02
-3.089283450165427811e-02 -8.683162232553758714e-03
4.094401055174680393e-02 -1.625924067272469312e-02
-2.260170396517133251e-02 -4.824745868125648917e-04
-1.445680476010096499e-02 -1.182160483479068221e-02
4.826784062302515166e-02 7.789946683283799182e-04
5.137967924720759222e-02 -2.023888200752902225e-02
3.912206332269852621e-02 -8.868094575108626497e-04
2.859180403584838173e-02 -3.079983248450587560e-02
-1.922362050675177625e-02 -3.157821356184734377e-03
1.848296126070141099e-02 3.383346061224810214e-02
-2.194371440756052311e-02 -1.052050815526097728e-02
-3.001252877024163448e-02 4.055860690664912956e-03
-8.544783147268951396e-04 2.458775222633417801e-02
2.180721709782776352e-02 3.600188718677811706e-02
-3.669859834829393430e-02 -1.033002715150097353e-02
1.007734124174654473e-02 3.368594182334703341e-02
6.399471475761070449e-02 -3.047869171276388831e-02
-2.591030541299762721e-02 -1.080028003293461401e-02
-6.502347830193198376e-03 -4.032483479231585739e-03
-7.954592582316276708e-03 -1.033587491729771705e-02
-2.274609003598287993e-02 -1.850663372187007997e-03
-6.992474217883940316e-03 -8.007373099570821995e-03
-1.842446451095166443e-02 2.199814534970864505e-03
-1.555407271562483755e-02 -9.268581441266242858e-04
3.804654664238709544e-02 -6.317646818690833554e-03
-6.576825577863915258e-03 -2.549329538700978708e-03
2.603975957226744783e-02 2.385923530373317350e-02
-2.439647546655630481e-02 4.125857221314641445e-04
5.606434223386594362e-02 -2.276170155838000073e-02
-8.612940233953479338e-03 4.177569384054806087e-03
6.621793661450384866e-04 3.408924353467446267e-02
-1.401209327509095326e-02 -7.299990816827282153e-03
-1.472090073695482733e-02 6.359059454672953172e-03
4.768299884094449881e-02 9.188360449274616225e-04
-6.531595628422962388e-03 -1.178895758952388205e-02
4.955620444455316465e-02 -3.778012922814612349e-03
3.589308991207330185e-02 3.129074402157859536e-02
-1.732596700315785707e-02 -9.578949731919656624e-03
-3.991177359706551270e-02 -1.279450545177691391e-02
1.574968350121583316e-02 3.581086666620718340e-02
-7.724191647050153951e-03 1.106686441850220862e-03
2.855194626652597569e-03 -7.746223458105219555e-03
-7.435185688456396463e-03 -2.563591079298992333e-03
-4.061897080607170668e-02 -9.360911257576213368e-04
-1.313044106270942236e-02 8.557093422724022444e-03
-7.774867762395932386e-03 -1.314259023332244253e-03
-1.694776391966141063e-02 -1.027108525112798224e-02
7.379344278022639987e-03 3.091447387955353204e-02
2.153567988914927706e-02 1.746430318032726053e-02
1.241097748257673520e-03 3.389148103964696908e-03
6.251443041862433415e-03 2.047462063545117672e-02
-1.585233359397796374e-02 -9.289575451735429881e-03
7.057672700678096350e-03 1.473668203638353602e-02
2.635063147531551200e-02 3.735042105028217596e-02
-1.631385116303740723e-02 -1.052722070593550135e-02
1.000167112379360922e-02 1.722969538966906758e-02
3.543227006399210510e-02 -6.537619768715136406e-03
-2.326813199656177153e-02 -6.562374729207719540e-03
3.292591147966070914e-02 -3.897695089443061964e-03
5.022412880889928766e-02 -2.046731429339403966e-04
-1.435648540353965177e-02 -8.119617536474148939e-03
2.115296600523615053e-02 2.408832936568649011e-02
1.323331336288407697e-02 2.865437134275348324e-02
-4.352696236401910890e-02 -1.287151409063809308e-02
-1.020583757325291101e-02 2.138405377812057154e-02
2.682080237615650647e-02 -2.289339631684323556e-02
-4.305278058080728304e-02 -1.508781476014710819e-02
4.971665073822997133e-02 -2.027770162124471059e-02
4.719815172839813416e-02 -3.503493818760548828e-02
2.946112021495546525e-03 7.870345578383265706e-03
-3.890447088238002411e-03 1.471954257649081901e-02
5.823326232791833923e-02 -1.199167808365000226e-02
3.386201353566596281e-03 3.609724427926244705e-02
2.611076697005263250e-02 -2.199670894589164302e-02
-3.717687854427097205e-02 -1.244276932692121515e-02
-2.934049230875634354e-03 1.272977219742272128e-04
-3.763072319056804532e-02 -6.659481422359311668e-03
2.093203669536285172e-02 2.862434260904082525e-02
-1.701998051452175906e-02 -7.672740512038982337e-03
-1.993884398573287503e-02 8.013846937174643695e-04
-6.372444402876034641e-02 -1.368658441473888376e-02
2.798014120092569626e-02 -2.500913766611551417e-02
-2.145815663992821712e-02 -1.438036011211876004e-03
2.880327050844560394e-02 -1.060342432461186361e-02
-1.019301125970822897e-02 1.095569996633671481e-02
-2.322719012605717337e-02 -9.206271527407492924e-03
3.968312050754718712e-02 -8.128736966306011891e-03
-1.691070137757537829e-03 2.861299866553751806e-02
-3.716219248200501157e-03 3.090999180290960810e-02
-2.304777754483294111e-02 -1.655635395459535003e-02
5.005302791991890141e-03 2.292127360542781794e-02
1.913529559385066317e-02 2.305389605133678632e-02
-3.728850207612243589e-02 -6.505066586860225666e-03
5.362844348794078113e-03 -3.623316822183925883e-04
4.060660536981459956e-03 1.228545439990572780e-03
1.102665713190263512e-02 2.477473578065073762e-02
5.174354716691623168e-02 -1.825089541956963907e-02
-8.831940793474369472e-03 -1.560484588656041016e-03
2.972204662752188711e-02 3.989849299350087253e-02
8.447440443082213785e-03 2.477871505243650629e-02
4.405011724658465522e-03 1.740453914618107084e-02
4.679884603487148749e-03 3.155585132988364405e-02
5.912365031659420900e-03 2.189896230284405290e-02
1.665335432918684661e-02 2.400099195968774524e-02
-6.695449165518952729e-03 2.109609350301515796e-03
-1.244889244682267221e-02 -3.251934612625288334e-03
-2.553796541152242999e-02 -3.402053883166969179e-03
5.720423430527899443e-03 2.401738528275207049e-02
1.152176033303703266e-02 2.844210360770805732e-02
-1.583042340707465842e-02 -7.444292723772440341e-03
-2.484565841713981191e-02 9.226522963364696198e-03
-3.234873053392541692e-02 -6.103956371820435343e-03
5.202148506653336661e-03 3.014216547679873792e-02
5.394483676473400824e-02 -1.773521892220538895e-02
-5.532593713575823663e-02 -3.136788372860053326e-02
-3.391946800953035690e-02 -1.470199845348312689e-02
2.238400318222820082e-02 7.362538776759929883e-03
2.016671611993128485e-02 2.236360796391372030e-02
2.170397578882641600e-03 1.603833118522254506e-02
-2.033173671119871580e-03 1.023057372656714301e-02
8.374536080108041861e-03 -1.245362636530073820e-02
-3.742120023677310975e-02 -1.125145610618396089e-02
-1.612258770522866091e-03 -1.729228593613251624e-02
-2.716097912370155423e-02 -2.383197964644756094e-03
-1.980306215016203880e-02 9.642099294572829132e-03
-3.451533242920475086e-02 8.193408392986444716e-03
9.823174457775625187e-03 3.210398614264352215e-03
-2.641940446381967761e-02 -1.022839200048539232e-02
2.619605217300951736e-02 -3.391617840368091330e-02
4.219432766435382565e-03 2.499020860426714660e-02
4.338883512891247157e-02 -2.043850615331597141e-03
-1.644523096151774208e-02 6.720464213110372009e-03
-2.333017978718055288e-02 -1.168400192745153686e-02
-1.878590688567028863e-02 -1.865780346989342467e-03
-3.143400669949159704e-02 -4.668589795613815180e-03
2.010785515821266519e-03 1.800119501776318090e-02
4.662937684784511372e-02 -7.367605530759305590e-03
8.257358577542832367e-03 3.068715680448800762e-02
-3.082291001402262531e-02 -1.144116659897638499e-02
2.109799945306890454e-02 4.008960581381253857e-02
4.854561660674231761e-03 2.120972181574769591e-02
1.022194026101743911e-02 -1.489235513708991182e-02
-1.594123391479674787e-02 -2.469312027872802920e-02
-5.893938940537787018e-03 1.497905716510396397e-02
-1.930931157032176118e-02 -2.068816437455223492e-02
-3.495063853896820255e-02 -6.595288025845713088e-03
-4.215909252544086661e-02 -5.174785488933161424e-04
-1.344670149715005737e-02 -2.664564366125758525e-03
5.373866689375498412e-02 -2.795939767423341604e-02
1.250782851913358890e-02 3.198814578469185571e-02
3.273553045080484364e-02 -2.175944133509592759e-02
-3.139191623355435529e-02 -1.474508022248478649e-02
1.818335725557587365e-02 2.517975714998706149e-02
1.284706452140201766e-05 2.630999219258527838e-02
-2.856156407007853087e-02 9.432580342793157012e-04
9.687359867876499386e-03 -1.388520710940422710e-02
-1.068685021635011265e-02 1.741626670550482786e-02
4.796298359221322360e-02 -2.306392549436019242e-03
-3.137215468006911145e-02 1.439512270389729700e-03
-2.160163571119224149e-02 -1.921439715166615211e-03
-1.733511760388486977e-02 -4.458406269459361661e-04
-3.019758002809805331e-02 -5.886838162327942027e-03
4.568530401735263619e-02 -3.365003415388098142e-03
-1.024242082865309093e-02 -1.062753762941183108e-02
-2.559760717937450969e-02 -1.097301806628800044e-02
3.174867985013147403e-02 3.146163679002808404e-03
-2.204981249125661374e-02 -1.463264342804842166e-03
-1.152933793238261964e-02 1.124351866372727722e-02
1.755951549311360674e-02 2.368024399176846262e-02
6.879146133669461483e-02 -1.673627494328049775e-02
9.684873195479306446e-03 -6.365616621206221168e-03
5.021467365977162756e-02 -1.502189532418297599e-02
-1.460576948513016109e-02 2.575613512958669065e-03
2.249326759612109428e-02 -3.513772788253465701e-02
-3.228034549616264764e-02 -1.487700063805903923e-02
-1.924515386593102576e-02 -1.176934877395641697e-02
-5.274192738119156537e-02 -2.545795679269811929e-02
-5.296746341069262856e-03 -1.084681859879747367e-03
7.620974128546003680e-03 1.630829509798021812e-02
-2.327529989647113967e-02 -4.044635141609339256e-03
4.120976888703067886e-02 -2.998536194591246151e-02
-3.364940698288722276e-02 1.321728467727278228e-02
5.950667999117024119e-03 2.399435005944807603e-02
5.016386648665927678e-03 -2.638147033880350757e-03
5.059559871340145454e-02 -1.546740290122728019e-02
5.683086267456018831e-02 -1.947580695925390723e-02
1.482743033965778362e-02 1.868736166139898722e-02
4.044282797138752661e-02 1.366880066432070353e-03
-1.749699567267480257e-02 9.612968771459383735e-03
1.663460310672721168e-02 3.896693447929821391e-02
-1.736987531483235800e-02 -1.798835851291358950e-02
-1.272823940592239522e-02 7.821866012184285066e-03
7.899546535661682023e-03 2.269556789621740914e-02
-3.490081054010221034e-02 -1.194593904910325709e-02
-8.488528741961814646e-04 -1.372402194356380292e-02
-4.576886420961740788e-03 1.446888705948153921e-02
-2.221907779552662054e-02 -2.102848914905606006e-02
-1.115929882767621555e-02 6.457729337177429800e-03
7.518614552198410114e-03 -5.654997138162044454e-03
-2.487549075037136584e-02 -1.364629296609921535e-02
-4.874309703321869774e-03 2.310071325854708840e-02
3.635471881078133904e-02 -5.426027802935625907e-03
-4.269940572302895199e-02 -5.562023430245164289e-03
-1.756741023604985186e-02 -5.086144450400652446e-03
-2.075512781752122254e-02 -1.072730644950345771e-02
-6.206949416335454627e-03 -6.104715001952464373e-03
-7.269436258083846608e-03 2.120354862565394446e-02
-3.987429041314100031e-02 -1.529539916989712187e-02
-1.756822835508562580e-02 -1.473075879600556012e-02
-2.798318744509391970e-02 -9.632225423854058957e-03
-5.568600500909282741e-02 -1.258133678804324550e-02
4.539143263520660498e-02 -7.567690290854341660e-03
3.389770960027408547e-02 -2.779612443196631186e-02
-1.166479289886364346e-02 -1.944640408889019775e-02
-2.522674723586432535e-02 1.120608422670195869e-03
-3.979186594691076773e-02 -9.577619648940556563e-03
-1.557907502887736313e-03 1.257887510872021143e-02
-2.311127767441579963e-03 3.062230539661378939e-02
-1.706846446908561604e-02 1.154819179164691921e-02
-5.836476757444078456e-02 -1.157921561618951642e-02
5.249003228654251785e-02 -9.651868247700876383e-03
3.645900841592000091e-02 -2.434577143876965125e-02
-2.637423500665470044e-02 -4.073119683035981986e-03
-5.662353414079290999e-03 -1.083188467896011552e-02
-8.191607176083305977e-03 -2.278510813419258249e-02
2.176751201673982408e-02 2.725941814947141495e-02
-1.167035549396521453e-02 -5.801789213713757533e-03
4.814467946505537888e-02 -2.517849907094902792e-02
5.627901083407443536e-03 1.628993788684628748e-04
-4.826201603078179164e-02 -1.406089869086878281e-02
-1.039545160148043837e-02 -2.876043443529992250e-03
-2.309996857583289463e-03 -4.299218487195616799e-03
-5.395506717436791833e-03 -3.991862461109783704e-03
-3.174102572876214695e-02 -1.114732458425548092e-02
-2.225726614125575400e-03 3.006508751067057256e-03
-3.992231405889652696e-02 -1.364233926216338287e-03
-3.367739371994482589e-02 6.199683256305262707e-03
-1.738975808343707838e-02 -4.849163308169204649e-03
5.938583270224429000e-02 -2.449017299481811433e-02
-2.261913258989310324e-02 -2.043199930068642211e-03
-1.272881314942166282e-02 -2.864176342306673853e-02
-1.121563698964390954e-02 1.144334183653633596e-02
-3.013258459938108688e-02 7.920552431350228947e-03
-4.988911272566743868e-03 2.242051339701576357e-02
3.491370512096390877e-02 4.177239381302276337e-03
-1.026262017649813042e-02 -4.960417648445537668e-03
1.353344374683705491e-02 3.000788160422536779e-02
-3.817499324380464461e-05 2.212616163310597572e-02
5.533218404814041567e-04 2.312295974590882191e-03
-1.442522876248326577e-02 -3.512857108539374409e-03
-5.072839929007173787e-02 -1.234833087805020310e-02
3.976854045497154461e-02 -1.751045958768811944e-02
6.535494803299132793e-02 -2.299542288116248126e-02
-1.043317321192882173e-03 2.022284377690292123e-02
1.933440782255305829e-02 2.078683269360280181e-02
3.537094250753718139e-02 -2.488204888618516727e-02
-2.135772338293407194e-02 -2.121428197004485063e-03
-4.986144717128773718e-02 -9.745369771690284844e-03
7.245687819599375135e-03 2.407939657358587268e-02
4.434210277303860491e-03 2.518523276807378697e-02
3.849576071615287004e-02 -5.793118941465946747e-03
5.902831393864571563e-02 -2.214766484387061668e-02
3.437880280779194442e-02 -1.260089655517191744e-02
-5.814347840467307127e-02 -5.234152286581719021e-03
-2.075507182091171007e-02 -4.515755747350946522e-03
1.234173281171585665e-03 9.243619488463245991e-04
5.244325166201155471e-03 9.863201765886233166e-03
1.333982458187884211e-02 3.227103681821815589e-02
3.100684463535772692e-02 -3.073710021249559041e-02
-3.582093602104585717e-02 -1.424430122414614523e-02
1.513319751650567431e-02 1.037805825595043002e-02
7.714239792974991565e-03 -1.013815218113608497e-03
-3.843513496930727608e-02 -8.214843567568975644e-03
1.373024248486454969e-02 3.705270829495217050e-02
-1.865543062971845509e-02 -3.562456360606514136e-03
-1.880426232935575662e-02 -3.976256887250371325e-03
4.537056370770467528e-02 -3.914046722773571914e-03
-3.566697778691672177e-02 -7.632254459849822925e-03
1.316837882848166316e-02 2.777793842753869050e-02
5.087222171295562728e-02 -1.817588241347728797e-02
3.168572189790691551e-02 2.358883015410175032e-02
2.784077612684085837e-02 -1.018065691503694699e-02
-2.922857935991561573e-02 -1.553718083152811832e-02
-1.404196942969828527e-02 -1.767119616713856353e-02
-3.559473213940729519e-02 -2.652223607728759237e-03
4.986850446549209032e-02 -2.059335295634530730e-02
4.422322662073148447e-02 -5.768247156450428785e-03
3.110970979843195872e-02 -1.223998423979940145e-02
-2.878709116738940171e-02 -1.486136495318343340e-02
6.213332644021127976e-02 -1.582893030095382930e-02
5.086158770370767740e-04 1.821939279004490889e-02
-2.373233503990781167e-03 2.552309616104216257e-03
2.908153501443200284e-02 -1.528419249113758226e-02
1.699187899416969294e-02 -2.028058975342809586e-02
4.205834740992708126e-02 -3.364144782907913748e-03
8.839568110763964745e-03 3.213966021849043453e-02
-1.510950627743452325e-02 -4.800019514100752407e-03
-3.456363160791510458e-02 -9.966405603542612818e-03
2.059288271639911697e-02 -2.792979244937805403e-02
-3.242899268413051983e-02 -1.587322704090609986e-04
3.944457945951961725e-02 -1.525654184325456360e-02
2.472163022657885428e-02 -2.496116160958238017e-02
1.421301841286188965e-02 6.972186053616996268e-03
2.622131959519624980e-03 2.879998512582570419e-02
-3.075615408541780560e-02 -8.557359528041347252e-03
1.412610683609535206e-02 -1.575543751850515262e-02
4.932566005699252215e-02 -2.799020403468082535e-02
7.605744913589235733e-03 2.939690298605145136e-02
-1.562829153015226485e-02 3.684008337309219953e-03
3.714261974533427432e-03 9.566841420294298903e-03
2.491684381107256083e-02 -2.684723200552776440e-02
4.926766411500144160e-02 -2.270832322321220814e-02
-1.965037165744919559e-02 -4.467609815719556995e-03
1.101515197627315687e-02 1.056833966764545926e-02
-5.571107706141748689e-02 -1.534507262572053742e-02
4.945907585445723925e-02 -1.756657572194396388e-02
3.828492589175384875e-02 3.031282756090807745e-03
6.000052816281712005e-03 2.015328296248667522e-02
-9.628720428381492072e-03 6.409829316960623247e-03
-1.021817059198690258e-02 8.675979100673627113e-06
-2.258961277449996440e-03 3.071516052688622392e-02
4.975546722607729344e-02 -2.816632966708312175e-02
-1.997323385561038112e-02 -2.393529776606324183e-02
2.639098304222405045e-02 5.799388238981036288e-03
-2.555349396410550381e-02 -5.645417577980025615e-03
-2.105652380047556838e-02 -5.971566398834181159e-03
-2.840800518763767976e-02 -2.173296091477027250e-03
1.735920814394522824e-02 3.514055071540036351e-02
-3.220002471816871964e-02 -9.173518090790058060e-03
2.378553403982974507e-03 2.820220060346176685e-02
3.170503692654545735e-02 6.773560001766848471e-03
-1.685575818700314754e-02 3.553700739920400906e-03
-1.796164124948690377e-02 -5.503835097645445873e-03
-1.353868354723190837e-02 3.849681526111781073e-04
1.330030398198090054e-02 8.829615340968500689e-03
-3.421101284582336172e-02 1.587777715310025907e-03
1.462470845798743806e-02 1.829257850212206299e-02
3.869037610235409597e-02 6.590619820778015683e-03
6.446848410326941337e-02 -1.698939465836939167e-02
1.544917391569400160e-02 -1.735710203274107516e-03
-7.345786061225448305e-03 -2.023571594996815323e-03
-9.451425802608168572e-03 1.148631002761315786e-02
9.630350346276751392e-03 2.434381080727533730e-02
-3.543787046840757293e-02 -1.404167111787685794e-02
-2.717172548624760889e-02 -1.045368440926977300e-03
-8.807042378121392873e-03 6.876801991250441198e-04
-3.230745139034764402e-02 -1.492020907322827439e-02
3.763216797045303152e-02 -4.890396712740371910e-03
1.957967549706457130e-02 -1.456131824331408260e-02
-1.763523006557515815e-02 -2.077087383993704919e-03
5.571877679432422903e-02 -2.101659058310565917e-02
1.578092682917491690e-02 3.644634278758895896e-02
9.593564822311138190e-03 3.006312294851578096e-02
-4.203694097332432919e-03 1.415141500486560844e-02
-4.188184668166454461e-02 -3.914914255843008478e-03
2.695420959989580298e-02 -1.906422765878034451e-03
-2.117389786806309765e-02 -1.921501589110957003e-02
-2.502525977536463470e-02 -3.473635530922441952e-03
-2.286834727452962887e-02 -1.608187785121104052e-02
-1.242536785886570912e-02 -4.984334799868152602e-03
-3.213415973886016991e-02 -2.290026247629313883e-03
2.766217716757916889e-02 -1.132635588569871335e-03
-1.559748175107619414e-02 5.372280803753046001e-03
-2.237756914512699716e-02 -1.684245245907499021e-03
-1.502302723317413191e-03 -2.014788983892058447e-02
1.055128204187143377e-02 2.685072100666672026e-02
-2.268704987755788827e-02 6.668819714688541296e-03
1.401038732875135168e-02 3.075217890168260512e-02
-1.412997383530210406e-02 -1.293631763026300077e-02
3.750458034115475986e-02 -9.429179774242964218e-03
-7.456677516778699791e-03 -1.941969939568720382e-02
5.589257412189566065e-02 -1.091679606672999250e-02
4.702377115128423407e-02 -1.853180079373924205e-02
3.178165150671619782e-02 -3.113322403151798368e-02
-2.807902595901622458e-02 -9.977418968610094960e-03
-4.097536566315647735e-03 -9.711120306625084866e-03
1.639804325598081397e-02 3.471921653285257869e-02
-4.378467140994438817e-02 -7.304976419839176796e-03
-1.545831569388196776e-02 1.807677444662720645e-03
3.776748257718389595e-02 -1.201034277536523927e-02
-3.200935689624253427e-02 -9.986130148482279603e-03
3.857088890945613996e-02 -1.294618598541995985e-02
-2.159305053473536268e-02 -1.031306478706782263e-02
-9.193520104492362193e-04 2.858826449179958581e-02
3.266961498182251872e-02 -5.218798362909731967e-03
4.213754512939375113e-02 -1.370696278893605499e-02
-3.779059840339739351e-02 -1.410253528877022065e-02
-7.457860010886923491e-03 -4.544790335977155760e-03
1.097229163971363136e-02 3.365572512285138623e-02
3.889941778452208482e-02 -1.794240266711080029e-02
1.626441565025469119e-02 2.198611758198759994e-02
-1.344321521633080364e-02 4.252568372157054279e-03
1.459287178135117201e-03 2.360794520830146112e-02
3.990770422217292113e-02 -9.138660201185254059e-03
-4.465765059759572997e-02 -1.929191187464325552e-02
1.194680982988931620e-03 2.473306726836478966e-02
-2.011980559772291385e-02 5.467547343258003303e-03
3.258952600054055432e-02 4.292973418291259544e-03
-1.576461122277826934e-02 -4.891206753236799695e-03
-5.067541851204715453e-02 -1.029039713716217372e-02
-3.100283448992499635e-02 -7.594332391342582117e-03
-1.645652145756909893e-02 -9.925535966307515862e-03
3.583378137581130773e-02 -1.135843154822394063e-02
5.721513361221434307e-02 -1.291924928552666378e-02
-4.347597546641800148e-02 -1.154844231454863618e-02
-1.429260228473269376e-02 3.329345671229377249e-03
-1.925707003234546077e-02 -2.975566982986038375e-02
-2.368158774446238110e-02 2.367827733908193740e-04
3.666158339005733818e-02 -8.139303089668712202e-03
4.624622427082493437e-02 -1.496595821655742793e-02
-2.634907828969867277e-02 -9.433404883082077350e-03
-2.597424225378360332e-02 -1.056211264588827366e-02
-3.782177787743543074e-02 -8.140732458292972498e-04
-3.842255471702159253e-02 -1.979927638734812340e-02
-1.910413772864924184e-02 6.036026742205475139e-04
-5.250993170230324608e-02 -1.517921982615192018e-02
-2.263151314765732627e-02 1.918994735457673099e-03
-1.025671335671161227e-02 -1.050161411160823940e-02
-7.128216366068946576e-03 1.021705676309101786e-02
-1.060399885931687450e-02 7.007948623733512711e-03
-3.875360430284735536e-02 -1.342324911170598122e-02
3.897288650775714014e-02 -5.903497909523052097e-03
7.442846563619567868e-02 -1.717136624442725315e-02
-1.045051964307910572e-02 3.312714724387618055e-03
-2.768349288626555452e-02 -7.920225427273157315e-03
1.895876373702344228e-02 -4.269622594685920994e-03
-1.568953612978885373e-02 -2.204292831162728977e-02
6.275914625099905490e-03 4.365131744436920314e-02
1.653202597758873446e-02 2.465159280417182630e-02
2.470703286331442372e-02 2.959030958718681867e-02
-1.875006616808435819e-02 -1.000941716181033732e-02
-1.664172346037852412e-02 -5.855185150661271383e-03
1.311070204443309795e-02 -1.382713546590913414e-03
-1.110813525868121869e-02 -4.237596575658029649e-03
-1.337656875701380768e-02 7.202980273242933808e-03
-1.622343280844038005e-02 -1.932189797561969721e-02
-3.861186090783128716e-02 -2.430972455468382188e-03
3.698775249933598103e-02 3.943646842709282868e-03
-4.045557490876900732e-03 -6.966772548204246303e-03
-3.491866230560063122e-02 2.250774909674723389e-04
1.586178799758175897e-02 4.114001191371224192e-02
-3.937002060471087722e-02 2.401743470042115927e-03
-1.822477149968491569e-02 -6.321270603173788187e-03
-7.409752637624809207e-03 5.534882145612702968e-03
4.217417314250154758e-02 -4.630570117130716236e-03
-5.914702707306564861e-02 -2.041029737069783093e-02
