-2.256833894890884415e-02 1.943783729737752486e-02 -9.185948607328124627e-03
-1.119693471583438522e-02 6.390204857868241745e-03 7.854760897040772953e-04
-2.169256994744656053e-03 -9.108623006918946038e-03 -1.553782414890494609e-02
-1.014148191476013303e-02 -3.005510631439570202e-02 4.142792399592419225e-03
3.283991113566965547e-02 2.281481058033463238e-02 1.729127900449591373e-02
1.380374471522040564e-03 4.395346700024026915e-02 -1.137391909426618180e-03
1.341706924319678107e-03 -1.398699438272865746e-04 -2.671533830247442218e-02
4.070535573853186623e-02 -1.653853763881450376e-02 1.287557455674237170e-02
-2.973331757223146229e-02 -2.078365409310968873e-02 -1.385975589746648445e-02
2.114524819180666620e-02 -3.769630375394575350e-02 2.171830118833601234e-02
1.940517904712516222e-04 -1.526391545654118796e-02 3.257587118112181216e-03
1.166274866968950233e-02 4.794633859884694232e-03 1.092133781140948272e-02
2.302073037416512910e-02 -5.157144542345107850e-03 -3.724841718944125590e-03
-3.337250657091597739e-02 4.366127533746376119e-03 7.766799521681575121e-03
9.268182609059160554e-03 -1.247970810150950301e-02 -8.854549294938150045e-03
5.269516106337474720e-02 1.662149473682127815e-02 1.864920067568306972e-02
-1.171544720808947136e-02 -2.070825496390138465e-02 4.392282270081553433e-03
6.059329854309882836e-03 2.394717971325709474e-02 3.618824520879008414e-03
-6.586726272459536916e-03 1.398493298596513792e-02 -2.256286554263456021e-02
-6.621925664967103810e-03 -2.087549003284017851e-02 1.920945623336022630e-03
-2.126641108642978589e-02 1.823046774503761167e-02 1.231872327227987590e-02
2.908409356391629744e-02 -5.257381895998606246e-03 -3.230741500979994116e-03
-1.549822901859311715e-02 -2.034650520436298918e-02 1.085461219771562407e-04
7.997204611118260975e-03 9.434959399915480646e-03 -1.913182859012941064e-02
-2.915883941275925883e-03 1.277124528021217516e-02 -2.054549161109564884e-02
-2.505080031959265943e-02 6.799502750632812655e-03 -1.713396444752679623e-03
4.557199560472383060e-02 -1.449932511329837109e-02 -1.352191689671195310e-02
-8.902135466262676294e-03 2.584707418401222673e-02 -2.404193714429033943e-02
4.374543081842545596e-03 1.899716029233568942e-02 -9.011012161487164454e-03
-3.366034028079490509e-02 -4.472947417109256543e-03 -2.034965032935264016e-03
2.078202697563807932e-02 1.391303568004821460e-02 -4.358068749730490549e-02
6.178630159297915196e-03 2.506800874915956698e-02 4.666229023691174059e-03
1.201407807373953453e-02 -2.001102149739327624e-02 5.103291570174751414e-03
-2.242806723363878485e-02 -9.437922835180903233e-03 1.606514671554015034e-02
1.852689427867799943e-02 4.079260643526224847e-03 1.627135340528764948e-02
-2.591208548622206745e-02 -3.164904128633625607e-02 -8.442203875588314213e-03
1.271029372515948032e-02 -2.903193917208953412e-03 1.449930892597050582e-02
-2.752289013392892128e-02 8.676741803604156493e-04 1.322505713857556608e-02
2.209308641397479678e-02 -2.427420945720707920e-02 -1.661905662367771028e-02
1.994564881304767417e-02 2.430718476427533303e-02 3.384764400811303160e-03
-7.784743007861565089e-02 2.108176068997217809e-02 2.328383500974551962e-02
2.064273001599574095e-02 -2.881195239589999513e-02 6.402389886062607484e-03
-6.159287988535186442e-02 1.133233907726304869e-02 1.773584642758128938e-02
-6.623872188901910874e-02 8.835300297031794051e-03 2.669858048508166187e-02
1.257319939920974530e-02 4.121834200598620268e-02 -2.586026418888968167e-03
2.760416734846838846e-02 1.544732004155603688e-02 1.553517475438939872e-02
5.296501459216466402e-03 3.053548650586631122e-03 -1.892991344217832481e-02
-3.056959214110062731e-02 9.040761903606617939e-03 -6.936348470272284822e-03
-2.986378182576271065e-02 -1.459806302539686310e-02 5.758854569530735823e-03
1.782704502916871532e-03 1.635664912078237804e-02 -1.814610588305014260e-02
-1.255369733081683654e-02 -1.386392689992972313e-02 -1.207936219335679532e-04
9.286245803486069608e-03 -2.345996992119922173e-02 1.534517906279236768e-03
-1.432187133503331523e-02 6.070310336374143585e-03 -1.819609661360253264e-03
1.786121493404420292e-03 2.514260422191600623e-03 -2.212544907200900135e-02
1.324958110458642879e-03 2.089220656416069730e-02 -2.505345637801497868e-02
2.442730570323735362e-02 5.027882974564131663e-02 9.865018045638164826e-03
3.921757452093221213e-02 2.078535498088166650e-02 2.302266649399779819e-02
4.896556637836683296e-02 -1.484140028535979421e-02 -3.518198349360728439e-03
-5.251409052911887830e-03 2.146228399731020184e-02 -3.026963158419243918e-02
3.187323381625956770e-02 1.640325559918947435e-02 9.516023759338640767e-03
2.002088785476561356e-02 -2.378490080260631592e-02 -2.123226678740381367e-03
-2.650990125265895517e-02 -8.615548852605528496e-03 -2.383108765450825221e-03
-3.698000596096707310e-02 -5.977926197914394668e-03 1.139929294390469279e-03
3.466444772678843600e-02 -6.555191649151657918e-03 -3.521342460997126111e-03
3.815102979591088878e-02 -7.958500822903875546e-03 7.153436526365657654e-03
-6.038979774454605355e-03 3.002701938107060764e-02 -9.279571958495810846e-03
-1.336062966819199192e-02 -7.150673111350801595e-03 -4.486943572831559278e-03
-3.634841229654830509e-03 7.230119404196735239e-03 -2.343846641760654811e-02
-4.147644992023750976e-02 -1.607003343933957953e-02 1.322023477269811988e-02
-7.878085461885812532e-03 4.562155271346823859e-02 5.414562248871084699e-03
9.430257336476137800e-03 -3.182942183868087138e-02 9.401700358160772555e-03
2.985623354717705305e-02 9.169879085267165428e-03 2.346287678312485026e-03
2.879705614887146173e-02 -1.906694154561799567e-02 -1.484097121844380612e-02
-1.902791565185727937e-02 -1.656300016868117800e-02 -5.955310119778937754e-03
-3.135258621872921789e-03 8.042107573049201569e-03 -3.819092009101837659e-02
-5.763219320023982989e-04 -2.911343393269660157e-02 1.122212873085549206e-03
-7.013182301800986729e-03 -2.195898217410580805e-02 -1.039012887262960767e-02
-1.248957130782031404e-02 5.213591992213119017e-03 -2.034202727533718572e-02
-1.256210184680620762e-02 -2.552788825050476829e-02 1.873646103460743523e-03
3.502985513114463545e-02 7.735527990504508129e-03 8.054629264565583632e-03
1.240206786731258386e-02 -3.439537097571832014e-02 -1.029959829277105748e-02
2.979545908391416018e-02 2.163703990609052580e-02 8.088723458188069870e-03
5.154662948573727338e-03 1.673451642075637208e-02 -3.610854717983041917e-02
2.053333005273935349e-02 -3.207405716569305953e-02 7.164362560697118583e-03
-2.137277984794068095e-02 2.733633977741334320e-02 1.656837877577756538e-02
3.307373381175049420e-02 -1.313997519946327221e-02 7.902565863081880554e-03
-5.623718134375694372e-02 4.695126887131658051e-03 2.766950651156867801e-03
2.562649050900858358e-02 -2.568504153400030798e-02 4.617914397034320550e-04
-3.044638239598517274e-02 -2.942592324219313674e-02 1.041871425854829294e-02
-2.853470778458795654e-02 -1.520536859672816377e-02 -1.082223795060832487e-02
-4.347577822763350891e-02 -1.913184983701021052e-02 1.193602119845295351e-02
-7.570739772872796952e-03 -1.214589612493183202e-02 -2.841769357347339285e-03
-5.109557041740733026e-05 4.867106723206264529e-02 1.748359768740735459e-03
1.746958216986230911e-02 -2.436801471017226509e-02 7.582390921202547887e-03
5.780187395428074127e-05 -2.949129940732869368e-02 9.705672941076516234e-04
-2.501522029358452248e-02 2.629280436963991885e-02 3.314850528551332737e-03
3.020335727778361221e-02 1.688348884146343570e-02 1.731048115775965165e-02
-8.712133806204823763e-03 1.041565900227880287e-02 -1.955147321601798452e-02
1.456182207443726569e-02 -3.012558840721630150e-03 -4.175611309638053298e-02
-1.441995237498194284e-02 -5.710814575611303234e-03 1.927926683285474674e-02
3.123114972248174298e-04 -8.519572953085504177e-03 -2.914033150316252055e-02
3.224736932497990899e-02 1.275356170410855625e-02 1.640048648128280065e-02
9.787292096209014233e-03 4.299993059097711318e-03 2.955904987241341278e-02
-1.675038754723066209e-02 -2.263365522727161031e-02 2.894369859052909905e-03
1.187145824186089382e-02 2.393844517977917682e-02 -1.134964601363907220e-02
-3.766705234441837004e-03 -1.000983849903273014e-02 1.898356652576301939e-03
3.484112616085700831e-02 -2.339454163369701981e-02 8.183973826848390089e-04
-3.159111913419985346e-02 -7.798525991489757211e-03 4.356328243725548013e-03
-6.421458739206281630e-02 5.855371069150738794e-03 1.376419674059661293e-02
-3.769730276577604243e-04 2.080786016245198683e-02 -2.275829071244147780e-02
1.715637142517699096e-02 -2.979427088223576478e-02 -5.304601373907610537e-03
6.513498801516646834e-03 -3.717516413877146320e-02 1.245351271682754168e-02
1.557325860950213277e-03 3.338200972811071476e-02 1.576060300978460171e-02
9.686374148721581690e-04 -2.297731588488556229e-02 1.832533471216118764e-03
-1.283653029533002657e-02 -1.984266078445149489e-02 2.797855378913201296e-03
1.460276103576020092e-03 1.522320460768450921e-02 7.256271892628186546e-03
1.264463742536995651e-02 -1.249105603893395713e-02 -9.019747105979521867e-03
5.401369429236071995e-02 3.179020266696463981e-02 1.390812431048972335e-02
-4.595549147115177775e-04 -7.033788535301135902e-03 1.030971770687043841e-02
-8.634146119134874370e-03 5.548368932237759260e-02 2.537841233816025450e-03
-3.252506814257637071e-03 -3.169494332376254775e-02 8.101966340560470825e-03
1.563372583667247545e-02 1.966141752086336680e-02 -2.589964208618915006e-02
3.081919750346021059e-02 -9.809255930563393067e-03 -3.229643512964577856e-03
3.017166664636525622e-02 2.178067442493091671e-02 1.430469952665198302e-02
1.650619658907157439e-03 -2.636177746620359946e-02 -3.890934898406739166e-03
-3.169399058924948082e-02 -5.409380692580312636e-03 1.470668996289482833e-03
1.923652795452987507e-02 7.517121572439502790e-03 1.443101090678607090e-02
2.576113353117669841e-02 -2.808488481866631276e-02 2.949349851594035288e-02
1.780746332877137378e-02 -6.623470546068583806e-03 -1.085832635759419185e-02
-2.007122250431798288e-02 1.694984154610357577e-02 -1.124004945889778805e-02
-1.959320050052853340e-02 4.881169240847869212e-02 -5.005898579846771888e-04
-3.843376562429701160e-02 -3.534784228336239689e-03 7.116971086883260716e-03
3.593740819293836375e-02 3.336792821268988463e-02 1.446986546426883534e-02
-2.854835393126356827e-02 2.287766954331341921e-03 2.289814836867501771e-02
-1.900801941759613575e-02 2.066513673145499094e-02 1.079405077570553054e-02
2.162236713309205818e-02 2.965659319654705486e-02 4.533427356849060313e-03
-2.952469765643690389e-02 -2.283021579041476928e-02 8.953363904040716192e-03
3.755825569760443648e-03 5.291877424969900802e-03 -2.019789904434651437e-02
-3.716439577998109645e-02 6.148129121818907833e-03 -1.008019931454206056e-03
-4.054180811311211552e-02 -2.819148515937696872e-02 4.461750232703627639e-03
1.234492459288194684e-02 1.409299116354946826e-02 -2.845881215744170203e-02
-1.675184241075912753e-02 4.989093411273650552e-02 1.040953789313668609e-02
4.946120358154691699e-02 4.387120699596775905e-03 1.879335013900432227e-02
3.020589620879164314e-02 1.515416959568780669e-02 -3.147199068253392351e-02
1.554070228569582809e-02 -2.462450288883638941e-02 2.237690169415145272e-02
1.618631966109153678e-02 -2.295742861700517719e-03 -1.214912857550346816e-02
3.608041431697600609e-02 -2.161176788984197836e-02 -1.553149176342984335e-02
-3.049285299967529131e-02 -7.310541763982101801e-03 -9.770804625677718958e-03
1.585475474314728588e-04 1.349684929951139659e-02 -1.939373630900152745e-02
1.939861289882067324e-02 4.183919840151111014e-02 4.599109753100148745e-03
-2.797721615833011904e-02 -2.540982808683706767e-02 -4.296988593992971846e-03
3.765912273815177295e-03 3.991502959135712764e-02 1.265299757199949554e-03
2.345771180085695282e-02 -2.578109635736738209e-02 -5.471540977978830295e-03
-1.875076994626494534e-02 1.886754036604935611e-02 -2.500199886603422447e-02
2.627051863279036142e-02 8.447687644321218506e-03 3.192096999342678570e-02
-2.808319677084579122e-02 1.289977358576827830e-03 1.462535073921359535e-03
3.958175349495066109e-02 1.980241061562837759e-02 2.024060525219673057e-02
2.726135155763006329e-02 -9.073110363966626485e-03 7.760455902005868739e-03
-1.242367987802110371e-02 2.684698670780230265e-02 -2.408566445004311010e-02
6.930922818189050967e-04 -2.509966962582109440e-02 1.001386935318791631e-02
2.171469273611214765e-02 5.396550701216776443e-03 -3.316530611049361282e-02
1.912332613748008933e-02 -1.448688803756941618e-02 2.138600218745475082e-02
-1.295326127769358751e-02 -2.535246258947580766e-02 1.327642477985964756e-02
1.244704827377045471e-02 1.936461800532967431e-02 1.514214928231842616e-02
-5.508401365992719040e-02 1.894748363091382573e-02 1.163821132882861438e-02
-1.847053061979113397e-02 -2.731916545125980672e-02 -5.862604524864064312e-04
4.706832313605296275e-02 -1.075580379595169472e-02 -1.592298342759966914e-02
-3.881833103792448059e-02 -8.211156214922391353e-03 1.125997457281719056e-04
-1.513970744437831417e-02 -1.757347192245591050e-02 1.183435465461608015e-02
3.114611821352394894e-02 3.299787959490520228e-02 1.485596810709145614e-02
1.707269430001515272e-03 -1.277717733406103472e-02 3.540618633207094981e-03
-3.150370774091346832e-02 -5.745636714881000896e-03 2.264213932609056550e-03
1.835146746439217380e-02 -2.555311382620557153e-02 6.615476889963973518e-03
3.770073094595475377e-02 8.031381230540559496e-03 1.809452814382373279e-02
-3.381376931981336376e-02 -3.876347139653318896e-03 -4.747661248572992293e-03
4.021742638071885978e-02 3.024661156459322250e-02 1.955057608860704885e-02
-4.839443710923136549e-02 1.811713725826800611e-02 1.367997985452973353e-02
3.974874532928051457e-02 -2.957076333016610704e-03 -3.191531817296013474e-03
9.882124150467033741e-03 -1.593556322624964730e-02 6.453856073712812766e-03
3.960304332874895611e-03 8.125490496177298003e-03 -2.975490957846141718e-02
4.494131023060441744e-03 2.603059646560054643e-03 -3.818355914748218505e-02
-1.631329172202626923e-02 -5.407938024984513745e-03 -2.798226190898969604e-04
1.250012165261765902e-02 -2.374955498385500352e-02 4.274037444707538651e-03
1.549538408858049457e-02 -2.702466254839899426e-02 8.481937860551694297e-03
-1.022778064311986174e-02 -2.880850353778321646e-02 9.891413446252489763e-03
-5.872077374164645647e-02 1.182424267313774910e-03 -5.243462931016435770e-03
-2.638290678600835673e-02 5.388223592175094695e-03 -4.956553026544625699e-03
-7.857062350615310817e-03 2.590489850364587759e-02 -1.980198840533433854e-02
1.542003371433703883e-02 -2.814594470824218278e-02 6.033085291639250607e-03
3.854821710426713233e-02 2.424976894998586568e-02 6.121929092839201517e-03
2.777248845207880637e-02 -2.185399700821937657e-02 1.757570477729957122e-03
3.219483286423556467e-02 -1.184961877052703554e-02 -6.966205143660509323e-03
4.244971183394842876e-03 -3.474891075088947651e-02 7.996774867905297873e-03
-4.731039262716828578e-03 -2.551742767071863913e-02 6.187579163645859359e-03
1.128668040141808139e-02 2.091232274269212363e-02 3.419485316010540700e-05
3.380761969724439819e-02 1.487109892471556727e-02 1.381934532568110906e-02
-1.115936428169732493e-02 2.232182336431104766e-02 -1.427579584712635082e-02
-4.199055064717940877e-02 1.257950400666360416e-03 1.165220833728864737e-02
2.452853929502137736e-02 -1.396322000287028402e-02 -3.670402579821287897e-02
4.402566186743368283e-03 -3.032745112579923394e-02 7.757846119868769307e-04
2.264726008487503994e-02 -4.240798378944218502e-03 1.090928464889063219e-02
-1.825207782180506000e-02 1.053436473619527580e-02 -1.877329314356448314e-02
-3.274628191698512880e-02 -2.323836764354170886e-02 1.163852972632679027e-02
4.042376236961421621e-02 2.657325420141855299e-02 1.732331394665109769e-02
-1.548645246862374522e-02 2.256033454235908606e-02 -1.721553442413823257e-02
-1.859610630307914625e-02 -6.188922054653147806e-03 6.692298093932761045e-03
4.360339400296763370e-04 2.489927237829290402e-03 2.136473329313889891e-02
2.059238211217198286e-02 -2.255208586902886561e-04 2.509169778777901177e-02
-3.714603892797933848e-02 -1.546543541318525818e-02 6.460070702368477663e-03
6.002387353312471641e-02 1.964834122153263918e-02 1.056182633129097888e-02
1.303795239931935732e-02 2.894637736351716312e-02 7.564082885597814016e-04
3.194800737717415351e-02 -1.695352351798623189e-02 -8.172742708020895586e-03
5.271724414360775060e-03 -2.686566329883965237e-02 3.446590767984176931e-03
2.436416262875418758e-03 -3.153068094689355505e-02 -3.387739028332632536e-03
-2.377462537841278090e-02 2.978454884224069482e-02 9.797925887064915310e-03
3.142470766033508833e-02 3.732181908974202978e-04 5.545807852196264764e-03
-4.290370034235625046e-02 -7.050077429208144800e-03 4.173521905637390950e-03
1.830439864122439600e-02 1.431604140998749344e-02 7.165511161573143162e-03
-3.268008750387877553e-02 1.166707466032436413e-02 1.642443394309223148e-02
-1.920419689296163149e-02 1.105624502707571941e-02 -2.266846834653529069e-02
1.095385257232813631e-02 9.770213557799030737e-03 -2.733478332712567863e-02
-2.503364807874934594e-02 2.971849074862660187e-02 6.747439728092572385e-03
4.638287787141147367e-02 -7.058909229666335793e-03 8.332539073977922664e-03
7.005543435445420533e-03 -7.428676575287940925e-03 2.258052220949430949e-02
1.402224484068603262e-02 1.154402412409256604e-02 -3.277355829805780191e-02
2.849152526639596450e-02 -1.143208382936898755e-02 2.739886258449297091e-02
1.242263490112516765e-02 1.340947482365550383e-03 1.312277266040857808e-02
-3.540929803246368676e-03 3.871169190400462062e-02 -5.126857849033138355e-03
-3.776938393462811461e-03 1.109140664345147249e-02 -2.847802790119445190e-02
3.920825594369090755e-02 5.852761020625920838e-03 1.905697399744918016e-02
-1.440666016885403487e-02 3.505236845281182404e-03 -3.002918265556521471e-02
-1.832226184287077606e-02 -9.339750942906736159e-03 -3.899897522496672056e-03
2.889496277473128233e-02 -1.351383590220297387e-02 1.544857530700022644e-02
3.240358817616573878e-02 2.534663687017339739e-02 1.870648868630552311e-02
1.464850344840134058e-02 6.614300883519719232e-03 3.140888212492894821e-02
2.527251818943627298e-02 -1.925688734780052827e-02 -4.460231851436551737e-03
-4.379597946196259195e-02 -3.362540880526322228e-03 1.981009952231957069e-02
-3.519028180649695636e-02 3.187204096513356760e-02 1.005071430668835059e-02
-3.179300036893433108e-03 5.795705059455429032e-04 -2.306170530889383938e-02
-2.244368216131607807e-02 4.349830409605330399e-03 -1.048670732285091056e-02
3.351921829913182688e-02 -1.629974044419172310e-05 -5.296518851161890161e-03
4.322479636490862004e-02 2.548036634483669821e-02 1.251456927059322634e-02
8.344076512527368386e-03 -2.346076370923299431e-02 -6.169362293508205870e-03
1.273174060704434195e-02 8.708085738220863736e-03 -1.823287932746853884e-02
2.963925906211991798e-02 -1.953577703251703490e-02 -2.493182614438941083e-02
-7.974691240325289948e-03 -2.647166399020378300e-02 7.426831501220676132e-03
-1.028561187984102475e-02 -3.537037330652419761e-03 -3.092745881274129235e-02
-5.674755864034280832e-03 -1.727991856513239749e-02 -8.827267501847450501e-03
-2.148104923165224459e-02 3.125439160168167613e-02 -4.982551616504248904e-04
-1.625439025628895064e-03 -3.515244867931795192e-02 1.014741560140072253e-02
-1.456497726646475976e-02 -2.047280915229214571e-02 5.644077812341785801e-03
1.812878879446271074e-02 -1.620403413237118603e-02 2.177121225752676886e-02
-1.799383252555961446e-02 2.212872524392436868e-03 -1.212973797214871551e-02
1.097010135771160806e-02 2.074699573463537408e-02 1.931368836819252061e-02
3.918931302043707210e-02 2.892965484725978920e-02 1.298801848471396736e-02
2.738748712168787014e-02 -9.239221084815544063e-03 -3.756147748304157485e-02
1.399671717826398917e-03 6.746292970755537674e-03 -3.505099131086933384e-02
-1.020412914472787307e-02 -2.559897096661708712e-02 -5.979002836390877318e-03
1.481653391355667281e-02 2.879364092924108567e-02 1.315821432335888622e-02
-5.309507593911983597e-03 3.426270964537043474e-03 -2.153600874075342272e-02
-3.482442615212929388e-02 8.407022891544487647e-03 1.941851002612537958e-02
2.861583942794167224e-02 8.854423282798342190e-03 1.296877535966227228e-02
1.425604535735116619e-02 -7.318445125402229211e-03 -4.111241805464226767e-02
-2.062783928516318671e-02 2.666676340019454722e-02 8.462944771376452319e-03
5.843555005184903131e-03 9.423403025452320382e-05 -2.776593940949061493e-02
-8.677117341687346636e-03 -5.252927482583599934e-03 9.440158700616315540e-03
4.082612088437328340e-02 2.509011322246429421e-02 1.621126322493978908e-02
1.335840661197394003e-02 -2.908858856057288875e-02 -9.641020649063291106e-03
-2.701050965098670403e-02 8.982987790733967456e-03 6.425031669804449203e-03
-7.032657931594440796e-03 -2.765716582525118514e-03 -3.226384961901728517e-03
-3.322866268118981198e-02 -2.022685517667654337e-02 1.789988708822035784e-02
-3.170686786328615753e-03 3.449392098634516263e-02 -1.303335633648628096e-02
2.794267927604030324e-02 -1.488512708501909566e-02 9.429229736597068839e-03
-1.972320252373996330e-02 -2.593042939636160810e-02 -4.088615564266959851e-03
-6.476164446348355377e-03 1.807093771626868892e-02 -1.444293212388692363e-02
-9.951028191158043171e-03 1.786023677753094049e-02 -1.170925772094862614e-02
7.320319815943805188e-03 1.608515634705679972e-02 -1.605954082125565438e-02
5.183997334618430791e-02 1.357959175537452358e-02 2.061181282283016877e-02
5.494522396313523266e-02 2.032361060528597996e-02 2.415806366100489710e-02
-1.971507543866725734e-02 6.447417128675023319e-03 -8.262790680448904579e-03
4.530005666889566282e-03 -2.560874691855417537e-02 5.902626160453397757e-04
-2.868522091207071842e-02 2.454257990460848374e-03 1.063467999052594704e-02
3.485799923057108108e-03 4.104474566404748941e-03 -2.547744554338362416e-02
-4.251699442191310754e-03 2.588411991585740091e-02 -2.438231476966858796e-02
3.454523504821127577e-02 2.758942845801120106e-02 2.051909675183285001e-02
-5.167546053976734832e-03 -1.584060018174756126e-02 5.955129386838136155e-03
3.258072241520432871e-02 -2.955364457832458658e-02 -1.608012091807756172e-02
-1.769515878496937672e-02 4.281230464939399932e-02 4.844988384244885635e-03
-2.709364272228088205e-02 -2.160762721890142901e-02 2.149515457898999813e-03
-1.936021307590351723e-02 -1.762149547220560192e-02 -4.153716046161885084e-03
-1.339099246412816906e-02 2.946836246151865370e-03 5.781901625358976289e-03
4.145873726832188799e-02 -2.784480962112751562e-02 -7.173701974940420271e-03
-4.880482394387888195e-02 -2.599059286362313467e-02 1.025173257974080002e-02
-1.332553334878851074e-02 4.155573399052253647e-02 -5.114327432093761922e-03
3.004044694199116058e-02 -2.641950010835018760e-03 -2.336872951047791556e-03
-6.150337153054252076e-03 4.438023308480123358e-02 7.882668375386026743e-03
5.784335503795879838e-03 -2.853667027751810234e-02 8.211983381119083297e-03
-1.210359091296934033e-03 5.855512662879334973e-03 -2.166840649299939248e-02
-1.225672264741000869e-02 3.678204304328926144e-02 -2.361301954476108505e-03
-7.006174692172759122e-02 8.457624091048361950e-03 1.928211236374868451e-02
-3.675613769503255357e-02 -2.012239861386400010e-03 -8.152970242375624614e-04
1.666329018272023899e-02 -8.168432342140761679e-03 2.977105872641951437e-02
-3.190996055357288308e-02 -8.267176381706334287e-03 -4.228098608727596987e-04
8.425023252286860040e-03 2.170668680876175136e-02 -2.935303577071942185e-02
-2.899659604715047051e-02 2.022951250130879119e-02 1.971848127649891702e-02
-4.097991059845811947e-03 1.153050279793434857e-02 -2.130666910129246777e-02
1.174335393660504677e-03 7.826428196379780350e-03 -3.089731912585931550e-02
3.903770448602171235e-04 -8.743158013559595293e-03 -2.711688310530460666e-02
4.606288001323489284e-02 2.170683732169535751e-02 1.242915174148499953e-02
2.867541909318090110e-02 -1.436928454464015369e-02 -1.257495917522764677e-02
-3.430338177842460340e-02 -8.474383552494284960e-03 1.700795922451855263e-02
-2.938489610133575292e-02 2.385170261754665164e-02 7.001907042335034706e-03
1.901401314405105946e-03 3.570961102330717091e-02 -6.715407915562339979e-03
-2.161813537748162248e-02 1.101111613973483616e-02 -7.994458381225992907e-03
-3.008232056720276659e-02 1.261861543186842613e-02 5.388029007851267288e-04
2.531925102571007738e-02 -2.096908486452605039e-02 3.028083173323082439e-03
2.629502252222279228e-03 4.037757599581872497e-02 -1.118626435271543457e-02
2.125344382159585765e-02 6.838914571630106722e-03 -2.926780637303780935e-02
-4.271377565165432322e-02 1.193949009982695625e-02 1.892134681956165760e-03
-2.383430795531653323e-02 -1.468871327239836162e-02 -4.467527145803623298e-03
-1.159352237080987650e-03 -2.663068857046844290e-02 -1.141005575621841135e-02
-2.013300085973781378e-02 -2.627152888831814359e-02 -1.542080517561351602e-02
-3.747259184956741596e-02 7.789383477232702559e-03 -6.107057905988016100e-05
-7.949261841694353972e-03 8.523042629102219742e-03 -2.544825372431689520e-02
-1.100607829365145632e-02 1.288186737880056944e-03 9.524793921631241958e-03
2.056310772472351445e-02 -2.489467590488003354e-02 1.847917988961925162e-02
4.491795831648377757e-02 2.174345821116266050e-02 1.109521643081986912e-02
-3.711261536694971525e-02 -1.796534243347499074e-02 1.000180010533938645e-02
1.161125970464884326e-02 6.484035316990537957e-03 3.160463460290224846e-02
-3.508506320866838779e-02 -2.354744257227370675e-03 6.473113412032890620e-04
-2.400707898563990070e-02 -4.089236059473440495e-03 -1.776483218477889784e-03
-2.556020694372377819e-02 -2.140919527893334409e-02 2.943953127331295160e-04
-2.037792162966735321e-02 -7.574065392318570476e-03 1.344165802001513407e-02
2.809128936195129378e-02 -2.742376059015900341e-02 1.434848994193585296e-02
3.302867048135386951e-02 2.069344235255189332e-02 2.449426317617873616e-03
-4.184199876680006792e-03 -2.069310222485582634e-02 -6.548556256563174000e-03
-5.742534903016879855e-02 3.551165945995767188e-03 3.121720463288640141e-02
5.944997485735152229e-03 1.473029827600913846e-02 -2.133032441729172668e-02
-2.704634316351630687e-03 3.028154975254674242e-03 -2.175216387421823744e-02
1.194200039715119163e-02 -2.336001496799031824e-02 1.950890484340106132e-02
-5.857183363335840762e-03 1.389259570106761085e-02 -1.250876581627616974e-02
9.911349560513480969e-03 2.462443332588502495e-02 3.734257986624139099e-03
1.583066930753720958e-02 9.979969383796995913e-03 -3.098496406667905143e-02
2.036053623162781614e-02 1.829057485775716779e-02 -1.370035756462680346e-02
2.151402795720018524e-02 -1.773914976955446796e-02 -1.937200241259088435e-02
-6.095081875193113924e-02 1.003990836883766717e-02 2.383482277666318025e-02
-6.689029488569704640e-02 3.553377178937289823e-03 1.548688030198876187e-02
-3.813639438510116331e-02 -1.769730353108534687e-02 6.498599613065146260e-03
6.210742093087804824e-03 1.115030552828345616e-02 -4.370733689951110043e-03
-4.878816892642540148e-02 1.684898641582121409e-02 -7.208085741396722153e-03
2.320200230339233144e-02 -2.015799981708939898e-02 1.482557801096683232e-02
3.265469120472527104e-02 -4.039501853860419031e-03 -5.284674438197442363e-03
1.064875663492514772e-02 -3.133439648157289315e-02 8.248044653844351440e-03
7.247384030856366018e-03 8.721924707909729790e-03 -3.458089218116270486e-02
1.088718316456989106e-03 1.438794233056129787e-02 -2.470919575340315560e-02
3.763708688308347108e-03 4.644464172275852495e-03 -4.693700647243150871e-03
2.990522389625983532e-02 -1.275804357279615572e-03 1.720798649101232605e-02
-5.562584251843494948e-02 1.036337673442851680e-02 1.502095628899955716e-02
-5.742967055617258926e-03 -8.935206411609063898e-03 9.987888768134866799e-03
-1.052468011731212683e-02 -8.413017637067660842e-03 1.228889460902782890e-03
-6.370059527860820123e-03 8.223953976405554492e-03 -2.294668951311696140e-02
1.617666331411429445e-02 -2.240299206850086128e-02 -1.585073468723065607e-02
2.415233605688966653e-02 -2.628454311568388310e-02 -1.507271217468827453e-02
2.431650962096930726e-02 -2.070905850956829622e-02 5.130354344018981869e-03
1.869575573379963357e-02 1.331823603908881617e-02 1.746714560434388386e-02
-4.269073995299798446e-02 -2.025133198346169491e-02 1.446513479305656415e-02
-4.626656901052755150e-02 1.810193954237638778e-02 5.036945456275817613e-03
-3.491537231363563143e-02 -3.989242533347927069e-03 1.131983689033384810e-02
-5.145324590224812505e-02 1.619788826700117867e-02 2.029769543700891618e-02
4.995082924046444044e-03 -2.973707399630284159e-02 8.469868783222022149e-03
-2.131121289716059186e-02 -1.570989998431715842e-02 -4.654579720899001787e-03
4.623956395574042519e-03 1.955694425680461201e-02 -2.210470235781179446e-02
1.710189481008197315e-02 9.211219253331519047e-04 -3.528025800060474726e-02
4.968725122101675350e-03 6.384154790161923262e-03 -3.075935516286910226e-02
3.197574126972355796e-02 -1.529460537488240221e-02 -2.236400016955805616e-03
1.767486417666734935e-02 -1.831421135939291511e-02 8.676629154458312832e-04
1.190537411510849027e-02 -2.836828705740453843e-02 5.534209019891475623e-03
-7.842255139402938210e-03 -1.640940723144655375e-02 5.039881133348645889e-03
-6.566533176057685786e-05 1.891200904878656205e-02 -1.621636636172631846e-02
-2.970575037871008017e-02 -1.143891264694112814e-02 6.913319763895356927e-03
-2.912215675899736123e-02 -3.277355474697569299e-02 8.804701729571453445e-03
-2.919849731838763951e-02 1.143202020304287178e-02 7.871080824336587622e-03
8.677414911029612474e-04 2.532307264177096132e-03 -1.824912740183000717e-02
9.265887865338957169e-03 1.017314301338943620e-02 -1.683987555576106979e-02
-7.233474713727670001e-03 1.413534994745403901e-02 -3.743693072372486497e-02
4.259448820938811602e-03 -2.756513781808883970e-02 -3.864761764582742148e-03
-1.956866460066186697e-02 -2.190468954983678870e-02 2.060801938698811461e-04
-2.911624486086022631e-02 8.739645467034216518e-04 2.081521392308525661e-02
-4.254279119031551676e-03 1.015370630690379250e-02 -2.600626333959259878e-02
-2.834134471257567303e-02 -1.087672781755120652e-02 6.310383654387703885e-03
-1.083068242698734555e-03 1.445501176168463575e-02 -2.589687947268977386e-02
-2.062731335787349254e-02 -2.040781677072491321e-02 -9.133702557597368939e-04
-1.315979787548152320e-02 1.138884363038023505e-02 -2.078186145661556350e-02
2.788462470425422460e-02 -1.644444330348794267e-02 2.517358760351790306e-02
4.333266126945674139e-03 -3.931433993764524466e-03 -2.184435278607873773e-02
2.325848843367681051e-02 -2.383479169885285940e-03 -1.378231081004852206e-02
3.237458436427002526e-03 -7.699283164032385239e-03 -2.030201462776045837e-02
2.986482902310162030e-02 1.146781408131412015e-02 1.428850857810561557e-02
3.255587566182030490e-02 2.937967245191558038e-02 1.209253359148496423e-02
-3.965338148352850339e-02 -5.404407583936571150e-04 -4.019375027547429993e-03
2.511293523438075728e-02 -2.195301833063483324e-02 1.242204340833127398e-02
-1.686051200879461328e-03 -1.410245106736273193e-02 -2.543495054099579201e-03
-1.577780329775245460e-02 1.815651280318141339e-02 1.242202702605501446e-02
-3.669220310316813338e-02 -2.353729031815470635e-02 5.869895164466799528e-03
4.780607838108906493e-02 2.067746988949037759e-02 3.401594904023546445e-02
1.313978948942493355e-02 -3.114505226285540357e-02 -6.927343347408602622e-03
-4.875682524334391875e-04 -1.215174122691504467e-02 -1.537239100867615615e-03
-2.979214503446615467e-02 -2.206961633466581960e-02 -1.073229239013226421e-02
3.320913400160509926e-02 -2.167401489670400458e-02 -1.160905915764473724e-02
-4.579251111466453583e-02 -8.988334848978193903e-03 4.183424158211806435e-04
3.144006174003929205e-02 -8.711372279791912074e-03 5.753914683219466843e-03
-6.512817779834022269e-02 1.519618136938636656e-02 2.015778936999441592e-02
-3.467832109961637137e-03 1.478013639621179832e-03 -3.329025425373274144e-02
4.263404537804710293e-02 -6.001506920279517723e-03 1.232955767225231251e-02
5.096758473054587534e-03 3.577792728741173434e-02 2.281430102104425178e-02
-5.169080102265916597e-04 -2.947305249932725274e-02 -1.396557374444241245e-02
6.549430699644801478e-03 -3.834396919104116497e-03 1.467731590426156127e-02
-1.865929419478224577e-02 -1.620295410709313502e-02 1.488178155934258805e-02
-1.339482457005750256e-02 -3.110962555210163710e-02 -7.317474513904779869e-03
-6.624286752279300548e-03 1.373329638349641245e-02 -1.488411889574178804e-02
2.182116832126155745e-02 -1.206551908587568354e-02 5.310081487331575617e-03
-1.135464052632463285e-04 3.088461943561583711e-02 1.156687029765027068e-02
-4.402276073177326110e-02 7.551524062849215846e-03 3.769234716224559040e-03
4.306420689800681545e-02 2.128189829549205492e-02 3.019719442650658364e-02
1.706092568571860105e-02 -1.765404816364427379e-02 -8.862165266152971163e-03
-3.182703618647378385e-02 -6.308290368065502807e-03 1.048387923806574397e-02
-6.155859174568655175e-03 1.364307325728226702e-02 -1.890295182415680300e-02
-2.134792731933183793e-02 4.013887379492902217e-03 3.030571734591311524e-03
1.287570757796818038e-02 4.506767789316999846e-03 -1.146475376489010031e-02
-2.260963270184581861e-02 1.417365745315078696e-02 1.094400744229471686e-02
-2.671819558831850343e-03 1.995518561531007401e-02 1.405895945096837484e-02
-7.033748585360730110e-02 1.222926747747276645e-02 1.555365124429812507e-02
-2.633726377838116819e-02 2.859235577121353646e-04 2.015451766287637905e-02
1.605365487897123401e-03 -1.613129663896922285e-03 -2.409752023115334374e-02
9.339014709009028220e-03 -4.442242420213657166e-03 -2.504840786124538574e-02
-1.983961391437492894e-02 1.984961760891535559e-02 3.437071189445069317e-03
-4.750204108386715807e-02 -1.910119364046993298e-02 1.157604622444966024e-03
2.175955408188630282e-03 1.446312000556602279e-02 -1.065805603428350221e-02
6.134171093980404083e-02 3.310522482688132984e-02 2.129308514637694161e-02
1.794946571564248056e-02 -2.586510542218418800e-03 -3.977999889036620829e-02
-1.740188961957980784e-02 3.632717408245479673e-02 8.215533998230450247e-03
8.632419356728247535e-04 1.399700131809927112e-02 -7.994442898862681376e-03
4.249038229664778288e-02 -2.648744815467115807e-02 9.691867120285347498e-03
-2.989105303200385172e-02 -2.620084131252638920e-02 1.844569212836790406e-03
-5.432386275435659856e-02 7.895483617115733530e-03 7.562183200419732992e-03
-4.951339080094937541e-03 9.322912633693926365e-03 -3.103338838678471392e-02
1.557725550521953453e-02 2.018524780850284792e-02 2.334696946933910791e-02
-1.287517839446363117e-02 -2.947291462001478540e-02 2.672554690216445792e-03
-9.611745569644343512e-03 1.792591055383287516e-02 -2.120382928069349665e-02
-2.795085806776292578e-02 3.245600213029224690e-02 1.160973828543369717e-02
-1.773785643643606413e-02 -1.899359044700723795e-02 -7.789979672877082005e-03
9.307040391247481392e-03 2.869104658949447450e-03 -1.740824020604593222e-02
2.748520310437738493e-02 -1.629065061148498444e-02 2.223764568161352637e-02
2.310097906015425029e-02 -1.137669260208384707e-02 -1.224849411375961137e-05
3.354596154548678683e-02 1.625435758110707965e-02 5.393125132047213791e-03
-1.855369081808337607e-03 7.424629876189197449e-04 -2.746755973090484609e-02
2.061435190405145473e-02 3.257416342300502310e-02 4.581569940685203089e-03
-1.762704283025769147e-02 -8.350439096685912180e-03 5.185456828628638541e-03
1.992327437822690589e-02 -8.833332226219837296e-03 2.089637087066403831e-02
-4.298970964917873949e-02 1.481087315146294332e-02 1.120268107612792247e-02
9.372535995372521800e-04 -2.640683233801378524e-02 1.758639614703651904e-02
1.961663910335562089e-02 9.360085682092044931e-03 3.314149285338419126e-02
-1.615334567949938682e-02 2.783034572201610601e-02 1.520175019689437752e-02
-3.364473758441821703e-03 1.355067894207741090e-02 -1.671653859594820005e-02
-1.767840732538793896e-02 5.834383607298308273e-03 1.933092195776370953e-02
2.756046452725329637e-02 -1.001684112170603616e-02 -1.380428902690601992e-02
-2.156476894867460220e-02 -2.308985900257246732e-03 1.687947330321723938e-04
-5.357277095661155779e-03 -2.411406018571268794e-02 5.339130845241180957e-03
-3.499160891365827360e-03 3.365537267497142535e-03 -3.354590248365177385e-02
-3.373064746275633574e-02 1.857954531859223966e-03 -2.886679000317458367e-03
1.238506733032427275e-02 -1.303298097391345986e-02 1.319123792957944442e-02
-3.559167585419503038e-02 -7.748007069946824706e-03 1.174240053585026873e-02
1.417176729660617369e-02 -2.801818683773149229e-02 -7.195657247801426348e-03
1.336411322754991332e-02 4.318227562448930662e-02 9.730361529653190969e-03
-2.432051446657474206e-02 -4.136925462918424577e-03 8.171707672029293601e-03
-1.349899413378875465e-02 -2.181197719910416694e-02 -1.604183398203843161e-02
-8.121981094586380734e-03 2.906870171894590776e-03 -1.416409041270915402e-02
3.347885416281959348e-02 -2.215032925737446187e-02 1.040725884520178612e-02
3.491620242503946231e-02 -2.391446950588358225e-02 9.732668083889945213e-03
3.723862418266426361e-03 -1.163620987527358777e-02 -1.936104128265877730e-02
4.398607102669337132e-02 3.136804273664742324e-04 7.565856728470580876e-03
2.116351493139375511e-03 9.647014372286084535e-03 -2.739531400205438144e-02
5.499659242100807775e-03 2.419131478717888306e-02 -2.762686139252954268e-02
-2.318407669431507383e-03 1.850477939028314159e-02 -6.597705536194617068e-03
4.296704593421261931e-02 -7.103826986660959249e-03 1.697836662125298823e-02
2.245452167785490227e-02 1.883388886617375167e-03 1.366289260678555523e-02
-1.485700874371326252e-02 -6.414792668163090718e-03 2.020983230290059746e-02
1.195530318353426984e-02 -2.084551666952139115e-02 2.781576510399528732e-02
-1.214876332873578678e-02 4.545108174151495789e-02 1.051260310263757956e-02
4.787239245392491127e-02 -1.257056875053058631e-02 5.169348310381675915e-03
2.776435173522479732e-02 2.357914731508548023e-02 1.658133744358500361e-02
-2.285368647214019305e-02 4.185502810100078831e-03 -2.272021964830213923e-04
3.970598496193909754e-02 6.928861999907732702e-03 1.775451778264889799e-02
-5.437376099093131632e-02 2.121598910330870294e-03 -6.528834865837649694e-04
-1.930528946398352630e-03 9.546273938027774464e-03 -1.949398054353167556e-02
3.824851196977008261e-02 -5.866247756160823841e-03 5.768795607416183496e-03
1.987065288827368804e-03 -2.263047661599991434e-02 5.579488528950187105e-03
3.637072298727348635e-02 1.823426394596527065e-03 8.152192145903163628e-03
1.369089074938290018e-02 -3.579755650516168453e-02 1.204693796468989803e-02
1.177199036700229094e-02 8.350851282632220859e-03 -1.895336955769012094e-02
1.101093266106955735e-03 1.014226664465105003e-02 -2.540455673125407293e-02
-2.463833656354495402e-02 4.896095511903077700e-03 6.177104775934652570e-03
-6.645228581689484326e-03 -1.814107964647337229e-02 1.736898616741988990e-02
-2.294897159237374237e-02 2.799497783990129076e-03 -4.031351270371012763e-03
1.432410266927502084e-02 -2.343655237205943820e-02 4.855500417270565547e-04
-5.762565166004893896e-05 -3.109015055057157834e-02 1.964025290651563466e-03
-6.238183188301496540e-02 1.081693056021121833e-02 4.424716342362130378e-03
-2.199118383906642493e-02 -6.330773875129312375e-03 -3.173178857744109269e-03
5.171824860010648672e-02 2.945710314267285454e-02 2.253316131827251892e-02
2.982810963200124843e-02 -2.567995863314274929e-02 3.388033085961749801e-03
3.560927143683435131e-03 4.066999109464118634e-02 -4.032838911509081282e-03
-7.336597153088381118e-02 2.202875157393426389e-02 1.383201223337763956e-02
-6.539891388901547531e-02 -5.122149937165418505e-03 2.086487528901381783e-02
-1.699804920264813904e-02 -2.258106137665604266e-02 -1.170472940846378068e-02
1.326013303550613309e-02 -8.886097414471983563e-03 -3.427006959487392118e-02
-8.735058233683519122e-03 2.206045894924401479e-02 -1.959834732962641157e-02
1.372991946550546419e-02 9.193833967231326062e-04 8.807541831907541446e-03
1.323064757297874768e-02 -1.215460988466384416e-02 -1.109376501250730618e-02
-3.058419939086412520e-02 2.637885758814706091e-02 8.921840562093212579e-03
-1.679245408232005882e-02 -3.873690899012406652e-02 -6.979322165540627690e-03
2.611273075007644259e-02 2.519547879506624580e-02 2.056749199011143059e-02
2.393734561584836065e-02 -3.601402278564835163e-02 5.899172419496232292e-03
-1.849356490510042222e-02 4.096840428039640047e-02 -5.734759389839480005e-03
3.137696313538364257e-02 1.469067033726413098e-02 7.721929477458405917e-03
3.399503163489792784e-02 -2.854314536809222924e-02 -4.750072195479360278e-03
-1.364045245417232384e-02 6.923298476683718145e-03 -1.144696133605298868e-03
-2.355548632249777116e-03 1.467125983147395119e-02 -1.650842880991123737e-02
-9.357787458205969050e-03 -2.374455249500011245e-02 7.542953943396566406e-03
1.433318632072801482e-02 3.799256971922676442e-03 1.263655361473709805e-02
2.409412269187966721e-02 -2.909866513199461935e-02 -7.049388940039130920e-03
3.596529566764600228e-02 2.549748473359548032e-02 2.270635474736619475e-02
-2.091702699053301501e-02 -2.208925431699354514e-02 -2.519819181365521091e-04
-5.907689418434971390e-02 -1.673342463800952694e-03 1.959442197202593966e-02
-2.495167360391182046e-02 2.444189828780207047e-02 4.295921334546207865e-03
-2.996551970442975013e-02 -2.513165150570033368e-03 8.927808826135938056e-03
-1.709484234929083482e-02 9.811745881243030126e-03 -1.877319844182597994e-02
2.490363307067390911e-02 2.672639694095333210e-02 2.517420123321794864e-02
9.716241025047242519e-03 2.684844545184604525e-02 1.255681048021096112e-02
-1.423244661453596134e-02 2.028199992585612722e-03 2.198682843215527677e-02
1.298526737802980970e-03 2.546186812612966782e-02 -2.447384166523173740e-02
-5.230240844514375681e-03 4.908300103642745937e-02 -7.726917568616445842e-04
-1.748187300007903594e-02 -3.522506367016756818e-02 1.620264038998385503e-02
-2.316647067780882793e-02 -4.686054392629750154e-03 5.962629683678046140e-03
-4.291997799210466730e-02 -1.782386916598169497e-03 2.802154990064229662e-02
2.490275489636159002e-03 3.261173940620572947e-02 -6.023754655218166269e-03
2.834292700638491318e-04 3.838028335032422217e-03 -2.948659367910149917e-02
3.902222805078421619e-02 3.560227406671333337e-03 1.162814254264164099e-02
-1.996642700838965542e-02 -3.432187530640472273e-03 3.155588054368160117e-02
-6.885112180278022201e-03 2.283341064001346774e-02 -2.490242175723723569e-02
1.196454556625345216e-02 -2.044137326234526236e-02 1.381275281949430334e-02
6.608125616952120751e-02 1.943012953278287422e-02 3.328469153473826228e-03
1.132688035519492653e-02 1.675989022137805082e-02 -2.675604362059825700e-02
3.234015902686898560e-03 8.510231177555940482e-03 -2.496677452659418553e-02
6.519572728548504682e-04 -6.413828601325804145e-03 -2.458942534483683773e-02
8.973465076928133916e-03 3.042446704370455404e-02 2.229898955919830394e-02
-2.071644927977742828e-02 -2.245263727051054550e-02 -3.440806828856655757e-04
3.481551364991496145e-02 -2.970412984566922487e-02 1.338838131589893243e-03
-2.723132044059030019e-02 -7.839632172918090461e-03 1.205831786987839223e-02
-1.723115531869551936e-02 -5.734365557343559273e-03 2.911369008799887057e-03
-3.802491730415822474e-02 -7.816907003461987316e-03 -8.273116596945989231e-04
-2.852611023097663748e-02 -5.389099176442604076e-03 -1.736182464845774463e-03
3.672518814831322864e-02 -2.016250330273085950e-02 -1.380246324031242540e-02
-7.061566512598849675e-03 -2.791609506763502793e-02 -2.466880026877845550e-02
-9.565553309899362325e-03 1.199608940549130170e-02 -2.228696387895682043e-02
3.838391031204752002e-02 8.906833497803461064e-03 1.188105881839902900e-02
2.698117429120327690e-03 -3.592029729862267207e-02 1.496112245085177376e-03
5.158758344543581259e-02 2.699055294510066625e-03 7.660145384080434272e-03
9.389485955058741659e-03 1.761462382179372881e-03 -2.564062918308483707e-02
-7.369615337652671294e-02 1.390035572399756642e-02 2.288395150430364705e-02
-3.547082055443744053e-02 2.205333536014873080e-04 -7.589192753237336032e-03
-5.489995074966638917e-03 1.105192673824467731e-02 -2.686192575267603092e-02
-7.806552425968418807e-02 5.319915829505797965e-03 3.163948689428895678e-02
-1.821910511686336900e-02 -9.446710606576202984e-03 1.927657469661851752e-02
1.398329148659435348e-02 1.349735297584096771e-02 4.720801021759545718e-03
2.227653859686628060e-02 2.824461552160901362e-02 5.983746740984888755e-03
-2.617851245853985639e-02 -3.046458634845740799e-03 1.061344361705212139e-02
-1.057043195505986098e-02 4.661745395719336243e-02 -6.033967590999106748e-03
-1.224412307719346601e-02 3.915407599863767601e-02 1.241160102651423132e-02
3.912434626287094458e-02 -2.079831569933623600e-02 -6.578132578866124729e-03
-1.354444791008447332e-03 -1.698032968885600236e-02 2.024942322941471803e-03
3.048827942725418697e-02 -3.741116265689540388e-05 2.155383085412243549e-02
-2.108197097482261348e-02 -1.235192411334171993e-02 1.721089048271415636e-02
5.321618830605669842e-02 2.582631499621705282e-03 1.101796161208797205e-02
2.097256476810623049e-02 9.679924184120388547e-03 -2.890638219358490288e-02
-1.866832418560879225e-02 -1.759902420496168088e-02 4.482020016757800630e-03
-8.693029602379595544e-03 1.081296277398532783e-02 -2.703405518399445637e-02
-6.288640236059173799e-03 -2.254817652127545646e-02 -7.756964125754258442e-03
-1.990295164478671913e-02 5.580786830718566932e-02 9.497257416488493267e-03
1.427602363700453993e-02 -2.587955854914563911e-02 2.065247122256753248e-02
-2.119982131731819319e-02 2.263392427854927363e-02 1.291528075657908357e-02
2.138873565874733693e-02 -5.673224454932213577e-03 2.293021425037872554e-02
-3.028839101809873216e-02 -9.925610256710539619e-03 -8.582678433217529393e-03
-4.316157244672518684e-02 9.558213232664005549e-03 -3.330872053687743833e-03
-1.340346718509216085e-02 -2.681126190607620655e-02 -7.166303758330208259e-03
3.766035460711852217e-02 -8.230914745489120721e-04 4.522348431652036850e-03
-7.923634088379911608e-03 1.389124103707956026e-02 -3.330734299237346398e-03
2.810370368459783746e-02 2.707895779020077706e-02 4.674637063124275488e-03
1.664164720161979624e-02 -1.297162319192862560e-02 -2.695407195873026924e-03
-7.203815765646647343e-03 1.250738918717229746e-02 -2.233839186836668322e-02
-1.960584341324492219e-02 4.874804294271498778e-02 1.211209847945412220e-02
1.142876773200439747e-02 5.279125553743451230e-03 -3.639055165192726232e-02
1.055070618349750189e-02 3.539662806696088765e-02 -1.222049548977342283e-02
1.245311572546010763e-02 -3.155172693266278944e-02 -1.301991309073833973e-02
-2.868754333911546425e-02 3.075704873520060736e-02 1.028000897053948925e-02
2.288920394036670497e-02 3.246546122482004554e-02 1.864499762296690372e-02
-5.529645041758940623e-03 7.266443900685435773e-04 -3.231162687458478955e-02
-1.256502536971448522e-02 -2.574195761443851677e-02 7.768977738105675365e-03
-1.954181122465278517e-02 2.780255999989352314e-03 -2.533948432799774247e-02
-6.725595621779414425e-03 -1.880245108767379550e-04 2.068558153107126485e-02
-1.767932973445784234e-02 -2.320669218919654830e-02 -8.209307697464121936e-03
-1.343115221843600021e-02 4.198882676538308323e-02 -3.750568141768614774e-03
-2.439376232405310319e-02 -4.036300496902720837e-03 2.295392978608246787e-03
3.392898984750030572e-02 2.042933750498038617e-02 1.153498312972774976e-02
-7.831786759792682198e-03 4.290853565306782143e-03 -2.904288776861445320e-02
-3.929553509302531611e-02 2.520665918335805895e-03 6.965939447367589139e-03
-1.248480908178261836e-02 -1.926677646496904872e-02 -8.437911933497079311e-03
-1.742491240886522019e-02 -1.041985821792539187e-02 -5.976624984909971981e-03
2.342494685717662860e-03 2.740121777995469660e-02 -2.371724048375312491e-02
-1.754998081404804140e-03 1.789449798354401933e-02 -1.772282706461599314e-02
1.238375294510724207e-02 -2.186612970592159352e-02 -1.680076721748693935e-02
-5.732044133838958087e-04 6.292241442510356983e-03 -3.908098250208110608e-02
1.634909263984963591e-03 -2.492859650195468346e-02 6.032470787065538458e-03
-4.596475635326336719e-03 -1.737081261513438420e-03 -3.542125513922571300e-02
-1.538414407579324732e-02 -2.563554872398583068e-02 -1.664646764684645777e-03
3.044288083162244654e-02 1.188712674257109622e-02 1.510702131510662481e-02
-2.388923072271992298e-02 -3.373450108172203199e-02 9.683511250994968414e-03
2.151732852503595445e-02 -3.306071607052570721e-02 2.187645861349799339e-02
-3.712014401185872309e-02 -2.118717082577874569e-02 3.595640306493186507e-03
2.032491977300474040e-03 -5.942801194731584316e-03 -4.131903148554737920e-02
-2.650186729130752858e-02 -9.198382428165086458e-03 1.521942755709022009e-02
-1.108727871866509434e-03 2.835527843252607164e-02 -1.023205319383649884e-04
3.936919038338610594e-02 2.181480446861852607e-02 2.218744927599440933e-02
-3.835508416769522338e-02 -1.743279562883378805e-02 1.105671696196224886e-02
-1.169794421265528926e-02 -3.076653642665770367e-03 1.168080692181519033e-02
3.371186295726031484e-02 -3.533036509660465556e-03 -3.520265108962813451e-03
-2.759947496130826447e-02 -1.666010794133514911e-02 3.664226993138185867e-03
4.253955271597954085e-02 -6.443147847922088209e-03 5.692144516225355541e-03
6.739304716205215574e-03 -3.426461002807201089e-02 -4.575598728217737145e-03
-3.877953528444128689e-02 -1.877836991312966091e-03 -4.782272474967639610e-03
1.540752886845683442e-02 -9.743997645329802518e-03 1.575011681073755151e-02
-1.687922221677112767e-03 -2.783420086521690151e-02 6.471965604539591660e-03
5.562821371825572153e-02 3.008049869617479902e-02 -3.297879678992008106e-03
3.972765838394829579e-02 1.236070567425136962e-02 7.551236273565771831e-03
2.336961872395606349e-02 -1.536197043197142821e-02 -2.608380215468958201e-03
3.423504326270181836e-02 5.070489301884771594e-03 2.051331167748653064e-03
2.679454700294766137e-02 -2.219200522675071618e-02 4.184042824949224179e-03
-1.060073832392219653e-02 4.218207767773433231e-03 -3.673831372691689634e-02
9.782845778469708917e-03 -1.359995332823203153e-02 -4.611470666092226667e-02
5.920864608945214207e-03 1.912878232140903870e-02 -3.266655570844604478e-02
-2.689179004849992852e-02 3.513463345076538180e-02 2.614693669378646227e-03
2.350398247545856800e-02 -5.363355322680432059e-03 6.057889781883481900e-03
-5.898870998077441943e-04 -1.276956434488454167e-02 1.027278746413308637e-02
3.901555247531995202e-02 -7.571575269209495501e-03 7.759040261484714991e-03
1.724352902837243337e-02 -2.960860249889434373e-02 -1.888027541000342419e-03
-1.632617079195144982e-02 -2.743967152175280991e-02 -1.281187029959100429e-02
7.275709372080795857e-03 -2.888910115773467985e-02 -1.874673849990583091e-02
1.275012570208949349e-02 3.235344362699533322e-02 5.241696103423383254e-03
-4.855151623312919940e-02 5.257824290693192959e-03 1.262171406217467255e-02
1.468731512024470942e-02 -1.022648636883287214e-02 4.651308468853019608e-03
2.564150595263377588e-02 -3.329004676772354815e-02 6.018213547062021239e-03
-1.629220110134523003e-02 3.910298088066032750e-04 1.996699714911530019e-02
-1.675049207500923024e-02 1.421594322882529376e-02 -1.696049325016051393e-02
3.836799976389695943e-02 -1.657257910056663189e-02 -7.408479644213911315e-03
7.045884403083570516e-03 -2.391089015053194516e-02 1.123101699974920521e-03
-2.664085839833244679e-02 -6.398006846382957129e-03 2.111891156626063970e-03
4.268130785882614381e-02 -5.188449514028919615e-03 1.059077562615611152e-02
3.678737347115249023e-02 -2.886163634056649122e-02 2.156516067022507151e-03
-3.312817385590494101e-02 1.074216690609981588e-02 9.445189215160030086e-03
-2.836843604316108269e-02 6.675761536639544975e-03 8.283862528318114427e-03
-1.834610921729331809e-02 -6.025264266237810237e-03 1.549651507240022187e-02
-1.518905249680921332e-02 4.819533453639856385e-02 -2.584219102427616748e-03
1.364143693047355742e-02 -3.605180401083039887e-02 -7.647792237188864514e-03
2.120261030968537824e-02 -2.584426316788964589e-02 -2.478418842821226899e-03
6.183584633175360362e-02 2.003972245207720493e-02 1.728437868124273885e-02
-1.322466198620243436e-02 -2.065666468119789836e-02 2.853854667023473634e-03
-1.516281101783304060e-02 3.155245153301346195e-02 -1.275372179268934904e-02
3.927649492222353572e-02 1.662763954226646398e-02 1.069504172247803288e-02
-1.968869059536516170e-02 -3.207098927679322836e-02 7.304078109234735279e-04
2.243665250869782482e-02 -3.014722927377502110e-02 1.610086073343866206e-02
9.372748815611178178e-04 9.819213818490874282e-03 -1.833537196139770412e-02
-4.191571252013874538e-02 3.576835651082045913e-03 1.701659311334226959e-03
6.094765914635976584e-03 -2.293497908484605930e-03 -3.139038480235447487e-02
3.525232643019449857e-02 -2.610106733197281158e-03 -3.916452476517586628e-03
-1.006607952993036209e-02 -3.144530292948938960e-02 5.155394632864638942e-03
4.200384004758402762e-02 9.607427630507522475e-04 -1.364712737766495161e-02
4.342007757786590927e-02 -7.463290397570535549e-04 1.575113871046791500e-02
-3.001087552268853070e-02 -5.477919860821826512e-03 2.097372209553397676e-02
-2.313812131966305286e-04 1.054086209960762230e-02 -2.677486323977035579e-02
3.715243721470563865e-02 -4.875291863129966284e-03 6.293847561851771688e-03
4.819782349238864276e-03 -3.096708539571144374e-03 -3.216662828389496576e-02
-1.551167887020006575e-02 -1.558584626427511437e-02 -3.602532942245680655e-03
-1.015912532203416818e-02 -1.278066446459105590e-03 9.817051948748536580e-03
2.239260029981636826e-02 -1.278189310564087702e-02 -5.712614436235765800e-03
2.521886416272446294e-02 -2.706984442998683696e-02 -2.090653448141265025e-04
-3.984977793076940715e-03 -2.480381830122337095e-02 -7.146887281076293522e-03
2.440388093778142822e-02 -2.107393541755033656e-02 3.416365797322399277e-03
5.873973408616689484e-02 2.056484893198842756e-02 1.067856314099149308e-02
2.666340713795060588e-02 -4.559106285815350823e-03 1.961965790050573810e-02
1.145569066690669754e-02 -1.568246718537825947e-03 -1.477578566050919209e-02
6.192739896309380071e-03 6.836264941084551315e-03 -2.309721268064049080e-02
5.147899929439636590e-02 2.888376608191757511e-02 1.277399416098326870e-02
2.988078493726424242e-02 -2.803894331950109939e-02 -7.285950811914853296e-03
-2.707580711104882673e-02 -2.289154130898408968e-02 1.090929750853215745e-02
-2.774877283838907138e-02 2.829518585332015806e-02 -7.720559963263949610e-03
-4.480699683349314948e-03 6.478079905838056776e-03 -2.476736379304480401e-02
3.248716615299335198e-02 -5.206820507031618105e-03 5.729048393081452410e-03
-9.796088430841707467e-03 1.159430530549676423e-02 -1.942572425751771387e-02
-6.636257056428309514e-03 1.510334420980160609e-02 -2.433409289004286047e-02
1.802987101098926098e-02 4.404839347338555811e-02 8.751843989884072750e-03
8.897604953013601992e-03 -3.335940937839224074e-02 -7.511051765089648245e-03
-8.301382600525260974e-03 -1.832507908817632191e-03 4.322215017734181222e-03
1.894702242955946525e-02 3.743141597365817058e-02 8.071356235884211486e-03
-1.823293266748850228e-02 2.378236520987705646e-02 1.105304761960164937e-02
-2.389070911773139277e-03 3.436055409059114718e-02 -4.312064233823905551e-03
2.488019481367808455e-02 -1.620738447854630157e-02 -8.143304887335675937e-03
2.657616440853198883e-02 3.010499041862930297e-02 1.482011107920562336e-02
-9.808723832852630706e-03 -4.074408427075894290e-02 1.175486223393810504e-03
-3.116962904041844368e-02 -1.844497949827795732e-02 6.068172191970354692e-04
-1.514940859573914514e-02 -3.849525046519890886e-02 1.745715188247874000e-03
-1.808718172367579369e-02 2.637285840186312860e-02 -8.447905294333511034e-03
5.685845541816369683e-03 1.509304391613824556e-02 -1.588343007524826295e-02
-4.671127274892156178e-02 1.060000019544257537e-02 2.275416003444748897e-02
9.022598676420792371e-03 -2.948854232815200163e-02 9.739599202618968304e-03
2.760412958657258720e-02 -2.560656897150703423e-02 9.913724938347023841e-03
6.921238344381315695e-03 -3.534089496901705180e-02 -2.442542320105447161e-03
2.656344484106886242e-02 -5.882917713989362085e-03 8.841791770118044309e-04
-8.516254398930101638e-03 3.356631256610190673e-03 -1.325024776538338313e-02
3.235539841085546819e-02 -2.255706113683851252e-02 1.357668705064765495e-03
1.753642527603132759e-02 -2.196103375277902101e-02 1.646952962551931701e-02
-1.121066366964857536e-02 4.428749917373410450e-02 4.316985247239885429e-03
1.916880809679280583e-03 3.090071269660543338e-02 3.285088774588784850e-03
8.978150965841624840e-04 1.040621440555430585e-02 -2.966274633542754016e-02
-3.926453479780937089e-03 -1.481755422249368681e-02 3.594484589445256714e-03
-1.540562696619084647e-02 -2.333166692764152353e-02 -7.965122577542442517e-03
-1.289813001514456686e-02 -2.092394070405102086e-02 -1.239390613655571606e-03
-1.707987387667179394e-04 6.336064371347280809e-03 -2.326116225784224251e-02
-4.607472538325167039e-03 1.042803424381257178e-02 -2.780133715786418588e-02
-6.565636105436078833e-03 6.367563617970523190e-05 -1.819805655441176714e-02
-2.938341194569855583e-02 -8.555095878220763880e-03 1.814781267656114666e-02
2.576162231208432851e-02 5.805319298017967700e-03 8.743680013262394857e-03
-1.156783829637259703e-02 1.632859215471104200e-02 6.988903021454423610e-03
-7.309236716182961231e-03 -3.247028837051140621e-02 1.288367681900909507e-02
-1.343389436003470001e-02 3.218778826116632397e-03 1.273748187087607973e-02
-6.362111352472984115e-03 -4.362696185682271750e-03 -1.474862665651092801e-02
-7.186035463163732533e-03 2.621799438926799772e-02 7.476211696065021995e-04
-1.447754220999016191e-02 2.086040151016212846e-02 8.370905705796457402e-03
-4.912026256809373659e-02 2.906071843883694782e-03 3.147079750000622914e-03
-2.432347652359156259e-02 -8.409268511872743102e-03 -7.353616461266139319e-03
-2.163925650588243137e-03 2.787105938042200564e-03 -2.820399643163423731e-02
-1.137387088546782180e-02 -1.228554395430346557e-02 -9.353383972044947408e-04
-2.153474195192249183e-02 3.588399517410036186e-04 1.976729120617178731e-02
-1.499362230254003975e-02 1.923297648489926195e-02 -2.814868646832813931e-02
1.142231418315414054e-03 -1.661571969331939944e-02 5.729618293118372147e-03
-1.509690668703700216e-02 -2.000815665660685139e-02 -8.582644747878478281e-03
-6.728484347242735808e-02 1.583231075132875143e-02 1.292940682968032884e-02
3.316111333220592844e-02 3.163535190025283661e-02 1.817974392811232132e-02
-5.670619184571659005e-02 1.776878863085593410e-02 1.173554089176208695e-02
-2.925609107005834445e-04 3.139415217104872709e-03 -2.647834611178454672e-02
-1.547658091235237787e-02 -2.994553417383732583e-02 -5.969068745542649435e-03
4.593012931532226145e-02 -3.592972879818320461e-03 -2.671072068264348631e-03
-1.022017841991093405e-02 1.310357441498931005e-02 -1.730586269593015550e-02
2.588982574362979835e-02 3.446421731877723216e-02 1.319033227329423873e-02
4.424358406295245127e-02 1.077084751232024878e-02 6.879754368000230193e-03
3.267256931350571297e-02 -2.706840210179178169e-02 3.167975686384163440e-03
2.914206252935153466e-02 2.889391532401144533e-02 3.203864627663177700e-02
-1.364503646735367066e-02 -7.404649767492816389e-04 -1.823232445559127418e-02
4.536374637137506952e-03 1.696070883846392818e-02 -3.579210180341223929e-02
2.605376535550581532e-02 3.124103655037049204e-02 1.705954661894796068e-02
-1.754011617953041627e-02 -2.982570928577218602e-02 9.979522651248892706e-03
1.441155119836194307e-03 -1.054273159811953790e-02 9.873053306759043204e-03
-1.605247153831979023e-02 -3.404991963185144931e-03 -4.404233096233588392e-03
1.531496860788137196e-03 -5.230526724197778234e-03 -3.609756269236197995e-02
4.268235758627548365e-03 -2.639717499826004996e-02 -2.211556622595704097e-02
-2.961899555396218728e-02 -1.000566334953464573e-02 5.664901031207816677e-03
2.174685178578810926e-02 2.016839979625145718e-02 6.776767294779644651e-03
2.657319640238626351e-02 -4.087949297759223971e-02 1.200908320371949639e-02
1.146283241007332344e-02 -3.810996511314188040e-02 -1.208764206851858578e-02
-5.705406573491402476e-03 3.989872768855718538e-02 6.236985393638914445e-03
-1.402530841709019246e-02 3.712038358593106567e-03 -2.571723654060774009e-03
-1.378888498606100493e-02 7.190405417357985385e-03 -2.449430673400483996e-02
-2.231131698386369655e-02 2.582572966601658429e-02 -1.799198076063462590e-02
1.769908757540378935e-02 -3.465683448570731212e-02 4.048397433302429113e-03
4.078379129990700874e-02 1.486314285361578199e-03 -3.919968467929428949e-03
-4.404517789229495280e-03 -2.988949584538028864e-02 -1.506934224704261152e-02
5.889066128957093794e-04 4.865136484668821509e-02 1.006666403301867581e-02
-2.266346292813033528e-02 -1.437060809616167410e-02 -9.304616788062537031e-03
-6.127333569479086715e-03 -2.918032734545362300e-02 5.046591230953765238e-03
3.418257427956452460e-02 4.919540104384820256e-02 3.960350979902296960e-03
-2.032273125943071662e-02 2.373197349375203574e-02 8.305398641735246834e-03
-1.568484450450238765e-02 9.592638904933017312e-04 1.300805477729676148e-02
-7.517768650213789254e-03 -2.155400896229703669e-02 1.209541983894939004e-03
-3.478783344461672256e-02 -1.456588797252022192e-02 8.136659135506582596e-03
3.642671376024499141e-02 -5.711210627232158991e-03 1.395586100727529665e-02
-1.209170473629110273e-02 -3.250196841816319071e-02 -5.818997039400780613e-03
-1.687785001099637115e-03 1.153547827623154984e-02 -2.898328811782636266e-02
1.651685699690625059e-03 7.924305241853054488e-03 -1.938507358567168742e-02
-2.664682654522494004e-02 -6.756014288959816217e-04 1.004862680106891060e-02
-4.908742241660445094e-02 1.257617708913025788e-02 5.701624512410984925e-03
2.813399331867626543e-02 -1.842216383520285661e-02 -1.027917543339183781e-02
2.049919758906418657e-02 1.292580013333696938e-02 3.808833478549891738e-03
3.138528058513680857e-02 1.354794931250759282e-02 1.797452150063783005e-02
4.711624992864667932e-02 3.502030150397720479e-03 -7.248389300781359935e-03
2.105069324879017129e-02 3.414894223503171788e-02 2.768901899122708406e-03
2.219924424333218418e-02 2.564938543649622482e-02 2.673172732380294653e-02
-4.319319831713908792e-02 6.996269030523821590e-03 5.991633002516585579e-03
-8.918667114859951325e-03 4.825226636831275728e-02 3.929205509807204115e-03
-6.716835205209226341e-03 2.487368206714928032e-02 -1.668998280361479181e-02
2.742819356297017050e-02 -1.551334811998598268e-02 1.924798493621333179e-02
4.917881184132177202e-02 -1.391393618872212301e-02 1.955622524986897967e-02
3.872388741016933450e-02 -1.891628721556559700e-02 -3.189207983074507542e-03
3.367083667097251626e-02 -4.111630853319653777e-04 1.644557781709765285e-02
2.811583964488898260e-02 -2.220179591539097122e-02 -2.094431324046817488e-03
-2.215596439062856790e-02 -2.346765347453289366e-02 -2.620427765103471290e-03
-1.976718445168740984e-02 3.892556111105151262e-02 -6.994039223854683776e-04
3.156438512642582850e-02 -2.112364725125451693e-03 1.732488240624353165e-02
-1.789140087206314914e-02 1.412866573243154802e-02 2.364434010184720094e-04
4.119232005887658865e-02 1.037793035548278779e-02 1.182082306054878761e-02
3.501573900047105781e-02 9.894576498945466952e-03 1.519315334223663404e-02
5.088043995239830211e-03 6.352512130110398413e-03 -1.207272523125469885e-02
1.203052427748814088e-02 3.279569349429473611e-03 -9.825118185799402645e-03
-1.535621120920826164e-02 -5.632451056010996313e-03 1.146051086711717681e-02
2.535705350413360384e-02 -1.525344832273581655e-02 1.137888080139060759e-02
3.270783793148127061e-02 1.240364734953396109e-02 1.238608188007326444e-02
-3.020035832356634739e-02 4.428694735442332414e-03 5.413073935034733901e-04
-1.056318323047065674e-02 1.002479612999208035e-02 -1.707068542196928107e-02
3.271617774420578634e-02 4.975770304842285635e-02 1.167133632400833843e-03
4.451938877471676298e-02 1.723222689388844570e-02 1.134357838884572645e-02
-3.631745037025201767e-02 -6.715645580206685769e-03 -1.791783501518715580e-03
-3.696542694828894998e-02 3.247985822001182160e-02 6.157550452920268480e-03
-1.459131988036076535e-02 4.096833063366826788e-03 -1.605958619528048345e-02
3.013971441484928140e-02 1.748107187785174696e-02 1.658192207351227160e-02
2.867747877748926303e-04 -2.736979966335910050e-02 -1.876715173506851185e-03
-3.854244435250535339e-02 -1.774747790341767856e-02 1.618722509993184358e-02
9.273956712240761027e-03 -8.496886133802691518e-03 -1.989396406917244564e-02
-2.261502506626793252e-02 -1.668358750533413082e-04 1.742108394936497245e-02
-1.335654582883732261e-02 1.264566414093471619e-02 2.641397914393216542e-02
3.693060220460654686e-02 -2.159430190784277295e-02 9.764547964791531545e-03
-2.235772399637329239e-02 3.876880181286938842e-02 1.738878026674985089e-02
3.751649106927648636e-02 4.000052958000904074e-02 1.397107269764135372e-02
-8.160875876800090592e-03 2.711747008308868813e-03 -2.471345423126986712e-02
-9.674523435876630773e-03 -8.794102031871061168e-03 2.112126962183979995e-02
-5.107128822759897380e-03 -2.862526925641317721e-02 -7.246473121034083600e-03
3.393629937230789595e-02 -9.525559428657730254e-03 -1.049326302232774476e-02
-2.487881263729548043e-02 -1.000909270587534150e-02 1.710264874764806653e-02
6.038426403726480582e-03 -2.697538226790021157e-02 1.437895936208939338e-02
3.356931221406984911e-02 2.679769279721633951e-02 1.931455988547682232e-02
1.628815648716190959e-02 1.797359293067609179e-02 -2.388366463257413780e-02
2.800380444148501541e-02 -3.620641144460474276e-02 2.549539869857675445e-02
-4.053511508619526971e-02 6.507152862945883576e-03 -4.608502744215887048e-04
-2.615087100801015852e-03 -7.602416984764471218e-03 -3.804776663082434091e-02
2.569050141936843334e-02 1.790890096712253673e-02 1.337189639976496536e-02
5.438700826586127107e-03 1.690733143307864353e-02 -8.070078875903790097e-03
-3.824448349497507060e-02 -1.374085981342537677e-02 1.583929270887372842e-02
3.413870843755040935e-02 1.297636947685456080e-02 1.311223394355600334e-02
3.497678407030886671e-02 -1.033964059388921275e-02 9.338054694070473116e-03
-7.890236507684401587e-03 -2.541994220845998284e-02 1.894344380836056492e-04
1.290534600254857577e-02 5.257763272780591884e-03 -3.824417369528018001e-02
-1.182854724431685323e-03 -2.158335593783906534e-02 -8.301982347800558604e-03
-1.708177165584583851e-02 -5.296520864007429712e-03 1.279705986977618115e-02
-2.212137394949920122e-02 1.644089245462721297e-02 1.619505032436096073e-02
-7.935354219606723797e-03 1.112456987512214571e-02 2.840669531385338169e-03
-2.260316163877267286e-03 -2.660141964288198838e-02 6.262319612459093555e-03
9.277097493972204928e-03 1.466000898930459005e-02 1.343260379888588409e-02
-9.883781413901919152e-03 5.960825681070004538e-03 -1.246624419528310525e-02
5.481905438034167383e-02 -1.361461911917898624e-03 1.038860945114631305e-02
-2.652920217694888089e-02 -7.536563026127197223e-03 1.015639586405844147e-02
-2.403817849257363845e-02 -2.468560724225171005e-02 1.116957527641603866e-02
-5.160396491738349772e-02 8.510468946214280739e-03 1.317351861303208034e-02
1.229428308774030594e-02 -2.835713198966959697e-02 7.869793451387255626e-03
3.908300599384249840e-02 -2.377480848428302831e-02 -1.413382537204651256e-02
2.446648965068624199e-02 -2.028256411107923901e-02 3.864048693969212526e-03
2.387018179472736104e-02 -2.103219254937296889e-03 -1.102110101235937237e-02
-6.137015047085270583e-03 9.795014694677356762e-03 -2.364808251362648939e-02
-2.962496116700617105e-02 2.440366360205376006e-02 9.790789231062429002e-03
1.302088211938025580e-03 -3.734573233954789628e-02 1.174665297264611101e-02
-1.932325931119725521e-03 -3.372921357218516825e-02 4.712671925103976804e-03
-6.563318568716902841e-03 -4.107065639310301768e-04 -2.395151824641183341e-02
3.527362606236215253e-02 3.029462224621752228e-02 5.278668085779777627e-03
2.102981870482228260e-02 -1.933692632236402864e-02 2.826501145457659819e-02
3.831798087739824582e-02 -9.454984171590402955e-03 9.810149077313805310e-03
-1.671208957196005165e-03 2.290893339334038742e-03 -2.096838777669569887e-02
2.204361362038090646e-03 9.118935853085985421e-03 -3.545475097696550865e-02
-3.999329430748987252e-02 3.301470442563609470e-02 7.044505908745745705e-03
1.394813547145772221e-03 2.679214045246574791e-02 -3.550326223380043979e-03
-3.607075565592798155e-02 -2.061553762472074017e-02 9.435586872270390613e-03
1.408245954429281771e-02 -3.177826278275709682e-02 -9.068591487401335416e-03
-2.932707690210776055e-02 -1.649986168089989311e-02 2.315075109112520874e-03
1.149774578143071720e-02 -2.678131105633719394e-02 4.097426088350478342e-03
-2.700484009440784483e-02 1.187400211647212343e-02 2.090429789122846480e-03
5.651385222806139946e-02 2.482748623105012278e-02 1.778841678107889041e-02
-2.883935806444003214e-02 6.288108760155458263e-03 1.686920822038394776e-03
-3.337851397972888684e-02 -6.259361232277467837e-03 2.622926609755695405e-03
2.543130793298245193e-02 -2.919175462492937939e-02 -5.027536911943476230e-04
2.942107503912068725e-02 4.968336381579716889e-03 3.122765669254322102e-03
-3.495292511662021623e-02 -9.270928411664512703e-03 9.321046717501660014e-03
9.294588488502827928e-03 -2.569164596992649929e-02 2.426691806433151771e-02
-6.517007675812748480e-02 4.088562086916122315e-03 1.611998931859822543e-02
2.837929877171155302e-02 -1.242947554449581188e-02 5.008274375778647841e-03
3.694204007920094679e-02 -5.579585095482919935e-03 1.065813316142359864e-02
1.306189531587439306e-02 -4.531500375008267432e-03 2.199322457884066856e-02
-1.558983395924063917e-02 -1.968383475392121700e-03 2.384472444402322561e-02
-2.117078729666978590e-02 -2.120906303680154467e-02 8.462076112419877677e-04
-9.585081733027755319e-03 -9.815276190863472111e-03 6.651068295193653807e-03
-3.816546597703610044e-02 -8.764554800113490791e-04 1.783290459147584723e-05
-1.969124200978819572e-02 -2.448086433337183856e-02 1.495121102455914709e-02
-5.299463006318281405e-02 7.010880733743412967e-03 2.542636683126690833e-02
-4.876999602369759546e-02 9.991364707348050767e-03 1.259847618837854795e-02
-3.391392261644084020e-03 -4.089091354958882159e-03 2.370603472589674632e-02
8.607702218587775112e-04 1.356624702919650462e-02 -3.137095434430460517e-02
4.003670434069386136e-02 2.481237182562166799e-02 1.819497181641649072e-02
-2.979885526955260155e-02 2.358221120536007839e-02 6.986498221781521807e-03
4.321538413081852346e-03 -2.804022204675604008e-02 -1.514760510649791267e-02
1.179295107151436504e-02 2.845352284872291766e-03 -1.072171035206050983e-02
4.619062215762120144e-03 -3.633934817245766842e-03 -2.775709530258055335e-02
-2.939637007293745621e-02 -2.364986763154888066e-02 1.174829027191827066e-02
1.033566636866319922e-02 -3.187515680317374450e-02 1.200709103621901315e-03
2.800366290238319802e-02 8.451059020702986549e-03 1.087307684347420082e-02
-1.253652176454648874e-02 -9.290565748005172320e-03 1.201931018809863222e-02
3.014414716557215629e-02 2.951832956905342878e-02 2.861160276605562852e-02
3.002829574288040995e-02 -1.610955130832963239e-02 7.468232255500666626e-04
-2.170387093382915647e-02 4.260411356053385966e-03 1.881876452694627305e-02
8.907171727099717426e-03 2.426895785810157056e-03 -1.603272770799072863e-02
-1.439638222633445389e-02 1.464164189473288712e-02 -1.506951939139285213e-02
1.236476595017247347e-02 2.035852082099672694e-02 3.918114435572842003e-03
2.896339592435367288e-02 -2.558641098798485752e-02 -1.045289061072085133e-03
-2.031887450295931721e-02 -1.342478860531271835e-02 1.183740401213370305e-02
-1.542491561873984493e-02 2.581327634430399288e-03 -2.321350702189785634e-02
-4.801841912792645557e-03 1.256053132690568459e-02 -2.231570858653679143e-02
-2.650165492964396893e-02 -4.633137644041459766e-03 1.119422458340302252e-03
-2.048122463414360148e-02 3.337178519042263702e-03 -1.734417077676846455e-02
5.474522297715595648e-02 1.124200629104910205e-02 2.270543331143924301e-02
-3.217354294098361683e-02 3.426451299269466530e-05 1.166797232343204198e-02
-2.689543483691389514e-02 -1.650211978477452227e-02 1.481283469557741715e-04
-3.296215428988159141e-02 2.128288923380769297e-03 9.391535899213538166e-03
-6.208429930019186693e-02 1.252175298713990512e-03 2.005126109686237654e-02
2.091963097881733430e-02 -1.479414911631449746e-02 -2.173296019247085431e-02
-3.459032091853603275e-02 -8.703900045141295741e-03 1.483486180506692065e-02
-1.945318041404225234e-02 -2.078407702033603990e-02 8.625945748871663779e-03
4.478132336290825168e-03 -5.649980903758907748e-03 -2.245297200894968981e-02
-2.587005747958721902e-02 3.682426878546527123e-03 4.950703487601039281e-03
2.573907532589661193e-02 -2.678799272042099028e-02 -2.441378121682631977e-03
-7.048784099693075622e-02 9.241891545579160316e-03 2.037763741752426569e-02
-3.608224189957613161e-03 -2.810200270716953913e-02 2.059343765756684128e-03
3.468227070594420702e-02 2.096096281685594538e-03 1.163121594426082261e-02
3.697532974869974232e-02 1.579165548513327202e-03 1.716771643344237527e-02
-5.691604100321406151e-02 7.796489567581898344e-03 1.707636681771055459e-02
-1.862616114027267414e-02 2.389834003649334015e-02 3.026265887329176920e-03
-3.046663402012409166e-04 2.667788375191658401e-02 1.087637119561602611e-02
-2.999532150296089442e-03 7.033872938496017919e-03 -2.796034135416112371e-02
-2.949663434187335329e-02 -4.649130004050050675e-03 -1.047127669838935835e-02
3.979713644091772973e-02 -1.916311019345691034e-03 1.939170462377787924e-02
4.983277693765948008e-02 -1.125665217531559778e-02 8.443807770188905062e-03
-2.149468939639118115e-02 -2.414578441493626243e-02 -3.585461330664163008e-03
3.221815339237394521e-02 1.115302654809987616e-02 1.518002852773320602e-02
3.425085105123370360e-02 -2.203191810874758488e-02 -5.199103166344481650e-03
4.883620209609172008e-03 -6.659918047618939956e-03 -4.110617533564654702e-02
-1.159945485831638708e-03 1.604312099323055435e-02 -3.432600884554814352e-02
-1.568066377150719197e-03 -1.196342325074385184e-02 -2.762189597966964102e-03
3.690537670749025057e-02 4.917003339779391080e-02 2.817897205460344248e-03
-3.213424738062593128e-02 -1.624984566812704562e-02 5.665960512807717564e-03
-4.051430946817218687e-02 4.991193968708898358e-03 1.507529605060692682e-02
-2.273924490304699703e-02 -6.071729780656347393e-03 1.736998208432255497e-02
-1.051588937715342183e-02 -2.281845203058855548e-02 -1.388233352801392789e-02
-1.446349110387907567e-02 -3.226782389058099193e-02 7.255870128277656927e-03
-4.837289400195579625e-03 -2.622324841002175722e-02 -9.689430168752710335e-03
3.407902188075531691e-02 -4.956253784449446247e-03 -9.559247637789569305e-03
-3.926470370555863038e-02 1.348920589678819426e-03 8.242181657395266162e-03
7.325771093287661469e-03 1.291090911173751847e-02 -2.180196273198961934e-02
3.957637046914753987e-02 3.417183176804647338e-02 1.341971377051757834e-02
-9.185857438410714379e-03 2.794350305212892419e-02 -1.782130663775637058e-02
-2.623737199944784285e-02 -2.598698292048141206e-02 -5.160307104903952106e-03
1.870604244156602244e-02 -4.723118989117111241e-03 2.021608633589888279e-02
2.598717771381938227e-02 2.525665269840792274e-02 5.345990965500278802e-03
2.467854245397440444e-02 1.150483409826688966e-02 1.158521231087419716e-02
3.194699553638751660e-02 -1.614860792848131152e-02 -7.687449332502403927e-03
-3.649003405744953289e-05 -1.030912587183668676e-02 -3.889471774510188523e-02
-2.876125411883615098e-03 -2.082299410416863297e-02 -5.117463294856920177e-03
3.231585485735682939e-02 1.723965785446339438e-02 1.977823105146320898e-02
4.498109030688100113e-02 -1.371135353289801469e-02 -8.981155618947356256e-03
4.027089132911748312e-04 5.414584819887159096e-03 -2.903031587587741671e-02
-2.315775289313182911e-02 -8.627488739960541622e-03 -1.202013637479665015e-03
-4.451078949219242076e-03 9.912737253737112508e-03 -2.234117496587434762e-02
-1.506457109726540462e-03 6.096040040883344072e-04 -2.338587999134552828e-02
-9.619185649135900129e-03 4.000312510973625529e-02 9.806200523453077050e-03
-2.450912631088206922e-02 -1.310732222291983301e-02 6.819116322500956562e-03
2.975159285674065790e-02 1.083362857348689132e-02 1.985604463795298535e-02
2.019329428251838421e-02 -2.138982790869846731e-02 2.296772224564895201e-02
4.047387376642915674e-02 -1.930321394945162458e-02 -9.390904255164598050e-03
3.481348564939237833e-02 -9.543467765155232499e-03 3.085766095802335452e-03
2.439524135776375072e-02 2.871263402805487516e-02 2.266884563211300774e-02
-7.007809141867293347e-03 4.904884645512335405e-03 -1.351887126948369752e-02
-2.749589629361758741e-02 1.009653484729366134e-03 -3.179280026241692019e-03
-3.352654775366983864e-02 -4.650864488080081447e-04 2.379824547808676374e-02
-9.161904472922722045e-03 -3.164477138053475164e-02 9.018108282753126842e-03
-1.916014464992280356e-02 3.052347960255042889e-02 -1.753190381174104737e-02
3.132058189066933007e-02 -1.492631230287736616e-02 -7.713973700218907867e-03
-8.337794545203072727e-03 5.920812022047023532e-02 -6.142065833592627588e-03
-1.657247895569714455e-02 4.606518047636844540e-03 4.540022683099668088e-04
-1.327343391094595523e-02 -2.335080817292070968e-02 -3.988166220768568811e-03
2.007186046578126118e-03 -1.533679914593767723e-03 -2.444461030173239804e-02
