-2.738013463054189689e-02 5.410342033239411499e-03
-1.003433364670862360e-02 -4.396048775434273359e-02
6.402285052073919402e-02 3.210850478372537665e-03
1.665470388445194471e-03 -1.674596900244136599e-02
1.832544477663091212e-02 1.656518270883354516e-02
-2.131731291659351435e-02 3.457655633875460904e-02
5.290081033559310836e-02 -1.095149242083776411e-02
1.190585065729062551e-02 -1.768319157411519767e-04
-1.217776131410397249e-02 -2.638883526231493998e-02
1.856956994388811802e-02 -1.011719928024007800e-02
2.334163815198971037e-02 2.408376861630734736e-02
1.023359166375360438e-02 4.433925965233710687e-03
-1.625260569231787300e-02 -9.522771126229104613e-03
8.850530104290946221e-03 -1.788435986844370829e-02
4.244515683836243627e-03 -4.183559869123639266e-05
-4.586756045333555826e-02 -9.943046618418405549e-04
2.069961640430963840e-02 2.110813054056863425e-02
2.114291445566321773e-02 2.480367473543436049e-03
-4.907615845318002989e-02 2.960161605780492478e-02
2.443202241565359603e-02 1.481738263323745079e-02
-1.330284691653823431e-02 -2.120586420028982774e-02
-2.846911066301805251e-02 -1.912282591680899285e-02
-2.818072809481757604e-02 8.827165884839855564e-03
3.271863364686587033e-02 2.792897316531319646e-02
2.931061420312630963e-02 -9.425552387198455825e-03
-2.797817357658530582e-02 4.145841081642201616e-03
1.217657698768273566e-02 -1.587436079325135058e-02
2.763071885687515966e-02 -6.068304275966782471e-03
2.615473337066346465e-02 4.522861365454006882e-02
8.038765567366362025e-03 -2.462400077132140958e-02
-1.191347879095305644e-02 -7.538122831071207043e-03
-1.520645695740529060e-02 -2.915295125437317864e-02
3.183968539999465497e-02 -6.113012600341592544e-03
-3.118914370185965276e-02 1.101536242731127047e-02
3.600149593558387741e-03 -1.311147642589312323e-02
1.646461970176683540e-02 2.525782568352425220e-02
-1.642269443195188555e-02 -1.277877117640774038e-02
1.902934938384495331e-02 1.274063793453274890e-02
-4.723424493866328067e-02 1.200162403750188594e-02
3.832691079864784800e-02 6.911313243615650748e-03
8.832609516942384678e-03 7.656257761295105595e-03
3.006968112687998310e-02 -2.523627622164540448e-03
-2.090311330311011781e-02 -1.328461869174913344e-02
3.812139730900847984e-02 1.479201329485820872e-03
3.813775737175193869e-03 2.759484060183347437e-02
6.555251943840836870e-02 -1.833074258174887880e-02
-3.930007111163639349e-02 1.254790532281523368e-04
6.204424949181463513e-03 -8.777094652130662880e-03
1.230119376444200469e-02 5.856180751831334061e-03
-2.298515654025618318e-02 -1.360772018277157415e-02
-5.060703006158702444e-02 -1.744488839696880101e-06
-1.757130949648736881e-02 5.949555404271919361e-03
2.783110164821434376e-02 7.781895630670550117e-03
-5.914770266011749877e-02 1.519718159400773420e-02
-3.259508698673457133e-02 2.732665016830529772e-02
2.146721409314666928e-02 -1.023104772070397919e-02
1.773197894791452012e-02 2.582453064353884900e-02
7.322713485585832620e-03 1.376741223138326729e-03
-1.107477663040360187e-03 -2.158793803274778461e-02
1.797254050597697078e-02 2.265033020775708214e-02
-4.301281209307470516e-02 -8.189506848929531749e-03
1.675096075056967115e-02 4.646050128923276228e-03
1.311267373767123663e-02 -1.689880069347054342e-02
-3.517295729875367927e-02 4.866318989619241708e-04
-1.397194006863252541e-02 -1.261419499950784673e-02
2.079997668437553668e-02 -1.603604339742059149e-03
-4.157922568455828249e-02 1.619162139238776790e-02
1.840033199995726176e-02 -7.166074650202876491e-03
-1.734909197038250403e-02 -1.428979094254506296e-02
-6.251594354251256702e-02 1.536645333973925796e-02
-3.360488375073403255e-02 4.674583202096740117e-04
-1.279151550245986001e-02 2.542855298558198461e-04
3.105798689535867185e-02 -2.119992661784679197e-02
3.336698254210248432e-02 3.034462224873466125e-03
2.566163571955223585e-02 -1.120919365887001508e-02
-2.095406803564607914e-02 -1.606238310189898183e-02
-1.831503024329541804e-02 7.894616325510837168e-03
-1.469373667114420509e-02 -3.202681271728138185e-02
4.882171099197701175e-02 1.515384647904890331e-02
-4.364803984270671650e-02 1.469755462247736809e-02
-4.100140690613780781e-02 7.215818317095918678e-03
-4.018081842532614245e-02 -2.935417815947343259e-02
1.203959971173531674e-03 -2.322600113596832994e-02
-4.511528770134003857e-02 2.163920289195345181e-02
-2.959894173501548958e-02 -2.046048245745749755e-02
6.631277967286055598e-03 -2.011305626141367611e-03
-2.480225749880249700e-02 -9.619043763558021362e-03
3.338339503363144806e-02 -1.175383954351433280e-02
-1.864469465269803913e-03 3.966221924945919470e-04
-3.897417879864458444e-03 -2.212970420710129449e-02
-5.576169880594363665e-02 1.653315610328098123e-02
3.527098281820707781e-02 -1.724231365429187632e-02
8.987615030065954080e-03 1.029175344325493867e-02
5.585135974679421994e-02 -7.885090257851145798e-03
3.180052996483972994e-02 3.788176756328233852e-03
2.517059485345159772e-03 -3.187370476290957849e-02
3.791813999152518749e-03 2.679873130286927058e-02
1.484667689764142609e-02 1.373849755804241492e-02
4.950079786971017110e-02 -2.694197491795465374e-02
3.172860123708286240e-02 4.610076961830376907e-04
-2.769359349377290350e-02 2.774567742097699269e-02
-1.847573180828261316e-02 1.629443845868621299e-04
-3.391518136500532021e-02 -1.701198138957828870e-02
-1.633109825418127548e-02 1.649597589819582974e-02
-2.255006700423356145e-02 4.214500932870296132e-03
2.789557890675092161e-02 -1.928169693955666345e-03
-4.335829875769978137e-02 1.389179205898139619e-02
-1.440481540308977300e-02 1.885305860494181779e-02
1.697318616928961132e-02 6.817387862766448835e-03
4.138574650245948477e-02 -1.292108141481422036e-02
2.331388301638549418e-02 -5.548328536289282020e-03
3.049204893677990788e-02 -1.393510660467820600e-02
2.188547096296802885e-02 9.244520082630108479e-03
-5.487166520456712715e-02 9.262663578370109591e-03
-1.684266975171240174e-02 3.099222022134605348e-02
2.026170102556005409e-02 1.429949837974451958e-02
-3.237629349988623267e-03 -2.429839357429343372e-02
-1.176123904052548026e-02 -2.396492236182809141e-02
1.660052259987941994e-02 1.627927210297188884e-02
2.225011687560246587e-02 8.447194893170638028e-03
-1.360840526737934486e-02 -2.166680305594243655e-02
4.553053603370227527e-03 1.814100949007378888e-04
1.257336280721422020e-02 1.432175041345970425e-03
-2.795057743476121390e-02 2.335474084402428679e-02
-1.709384522240140966e-02 5.956645956060759202e-03
2.528545949272457613e-02 1.017980314252876946e-02
-1.894098966455416352e-02 7.513882910376977302e-03
2.659485472031531544e-03 -2.579242411134709256e-02
-7.109929376979970753e-03 -2.600653855743930223e-02
-4.701714419645466880e-02 4.060330102005581081e-03
2.093562559155537697e-02 -2.555070583977159596e-03
-3.824929603553178792e-02 -1.494329070583342439e-02
-4.056386099080575708e-02 -8.793254831837436086e-03
-5.331488236427287149e-03 -1.953036589033516415e-02
3.396219902021917897e-02 -3.017608582862289432e-02
1.260254724338631671e-02 -2.205124276705852995e-02
-1.455516571746258425e-02 -2.452988367223756655e-02
-3.091010239890959119e-02 2.081681910628890159e-02
-3.102083082032127542e-02 3.586403394255127663e-02
-2.043400726010551754e-02 2.723540757902652432e-02
3.552042463068750405e-02 2.710067048347227295e-02
1.802946353698657925e-02 9.811377618610193918e-03
4.026231828534130100e-03 -2.175014073426196834e-02
3.138543276953870143e-02 9.830341300932524812e-03
3.392282208386017406e-02 -2.356039006184825271e-02
7.241286323994160050e-03 1.398733984627952009e-02
-3.750460400014048873e-02 9.330193097512122155e-03
-2.746519105482072426e-02 1.907671928890349033e-02
-2.859070068657260100e-02 5.835792062767099046e-03
-1.781724792606236007e-02 2.661137734740131461e-02
-3.261931791425760202e-02 -1.501515073113353360e-02
-4.719445868486120410e-02 4.390080596394151276e-03
-3.148338401278871334e-03 -1.276027264640347374e-02
3.512839799803412974e-03 4.018495913113112605e-02
-9.800765546739940992e-03 5.405149039649228930e-03
1.570793050089389423e-02 -1.011515290973021008e-02
5.654854645927107765e-03 -2.715564819290300358e-02
-5.285463120512608193e-02 1.597742492348191296e-02
-1.543956948728104905e-02 2.300134252554661331e-03
-2.976690124499952253e-02 -1.723300444572761075e-02
1.034313838736290216e-02 8.879464966408855825e-03
9.747217963178886335e-03 9.411220597284502762e-03
8.755172894685367413e-02 -8.366282178721054508e-03
-4.605322716051767594e-03 -2.094929121017307175e-02
4.759257027716037869e-02 1.123271882374615380e-02
4.782946667049952499e-02 -2.154955103268269218e-04
-2.736950289908684011e-02 3.635700493208760681e-02
-3.682619370319249155e-04 -3.496379621844474331e-03
2.728713032645248629e-02 5.524727257176095634e-03
4.207718148154228344e-02 -3.201868448592181705e-03
-3.572211937114405655e-02 2.650995378408623621e-03
5.086570335276601601e-02 1.612086751323950308e-03
2.253573530753836054e-02 3.676867103255060387e-02
-2.178758238880510248e-03 1.764857307009799411e-02
-1.745722363670002691e-02 1.360430460102514567e-02
-1.928188579933302546e-02 -9.169004523462297510e-03
-1.798325115449193184e-02 -3.648763036796399961e-02
3.019215930842024040e-02 2.360059517896569495e-02
1.546243053221988198e-02 -2.902788957242950427e-02
2.163757536387927441e-04 3.667029579442178389e-02
6.568810499222849097e-02 -2.906766655921103103e-04
-5.026992515597276771e-03 7.388794449853186563e-03
-7.578283963435885652e-03 1.897743134314532065e-02
1.038120961670289076e-02 -7.021767556530341715e-03
4.240885546383998256e-02 1.681517620892677284e-02
-5.465701374139762814e-02 1.458520511833899698e-02
2.503424570761118850e-02 -6.256550347051666530e-03
3.375051960864198369e-02 -2.036303458259811766e-03
-6.751304222631956779e-03 -2.349566468620350318e-02
-7.992927067500406671e-03 4.157721591960347046e-02
1.029460689677558043e-02 1.286846015705982518e-02
-2.618943269132380930e-02 -7.571546673613300735e-03
-3.358797608014272434e-02 -5.012836210060130429e-03
1.280351824832621881e-02 7.815560979296289068e-03
1.129030127759865498e-02 -1.155514032407560336e-02
-4.667965413042809986e-02 1.922181308498849273e-02
2.104762325035330894e-02 2.501825577602268327e-02
1.346939195267068783e-02 -7.854826469991560076e-03
5.983127133924315624e-03 -1.139318145077137905e-02
1.800150766085217846e-02 -6.021435141985953705e-03
3.496161632266078789e-02 -3.047790880280892975e-04
-1.860007586467544646e-02 -2.139490750240590280e-02
2.555883346434499603e-02 -5.593963624859916821e-03
5.478377789052344717e-03 1.296857707770348797e-02
-2.157790916095377043e-02 -2.078137180392966230e-02
4.447131985828055301e-02 6.780344429793298822e-03
-4.450107117482522689e-02 8.140715391586580627e-03
4.227694508887450825e-02 2.544260029507613985e-02
1.891560819064818863e-02 1.183174013436536984e-02
-1.410249477238697743e-02 -3.610564274721898143e-02
1.237298745227418707e-02 2.674850893853191608e-02
4.463369467899919868e-02 2.096305608397227432e-02
2.055918265177376567e-02 -5.832965485543624255e-03
8.612243861394952224e-03 -2.460025130437304766e-02
-3.833867641718195080e-02 1.571816726688087321e-02
-4.918968564852200728e-03 1.527199854190034942e-02
6.323014957141165869e-03 4.955034200963750329e-02
-9.591960160529681631e-03 -8.011997011490943482e-03
2.740304752396109655e-02 1.716275902736098119e-02
3.149477784680636966e-02 1.087525409607337755e-02
-6.497843095754338161e-02 2.310102959987788210e-02
-3.435191887842962977e-02 9.030654383814113242e-03
-9.341558551715812165e-04 -5.653951666272651576e-03
-1.695659269205479491e-02 -2.367353898497036747e-03
2.295326604217092295e-02 1.068803824470545595e-02
3.604141063562014968e-02 1.392745983245743946e-02
-1.682838227480145527e-02 2.497273487690947896e-02
2.909107371190082156e-02 -1.183910323374092605e-02
-6.248414604175972151e-03 1.348244992024852720e-02
4.551567038450363145e-02 1.635068347429527794e-02
1.704707463435771453e-02 3.190959356043603784e-02
-2.145615495353454805e-02 4.327318134845754925e-04
2.458911794866510195e-02 -1.265796298841115721e-03
-3.364383458162325657e-03 6.458659784559965880e-03
2.203725875132670625e-02 2.119121088581799733e-02
-1.072120077885614815e-02 1.585010643502438726e-02
-3.537146612485363769e-03 1.514011157033983389e-02
-1.942758509592302368e-02 -3.222176847718134785e-02
-1.173667921338681155e-02 -1.979852546926707743e-02
8.043674966787985178e-04 1.811311819662957427e-03
1.024354131083355345e-02 1.381697928519203325e-02
-1.413807653443458108e-02 -3.420865589374161297e-02
2.484469867298176246e-02 -7.369677753425125065e-03
2.941898213584314900e-02 2.383129537430325739e-02
7.027586451952287649e-02 -2.503164130894751718e-02
1.594236555730338747e-02 -1.703996435932796094e-02
3.074152994899031002e-02 2.420047454635886053e-02
1.964991654564698237e-02 -1.989570760759369616e-02
-3.819704986895905430e-02 1.886832685804730805e-02
-3.156255188409384793e-02 1.001037918083258135e-02
-3.018029272169636679e-02 9.261685108835737701e-03
1.299026074215510473e-03 -1.025418991816000151e-02
1.786128648030307561e-02 3.411891948865811847e-02
9.677225216475527844e-03 -2.090891439904163027e-02
-6.988771560435898603e-03 3.391261919415508586e-02
3.381096614300903996e-02 2.948440183120288813e-02
1.112795032230173495e-02 1.151556908465090588e-02
2.193046298651904827e-02 -4.136980590808588855e-03
-3.315913078369885775e-02 1.730643783138442401e-02
3.120264629776488968e-02 2.047029303672320139e-02
-8.427501253085695199e-03 2.770330997889488764e-02
6.286693656404063191e-02 5.563304674405956246e-04
3.516686075078458151e-02 -7.155050605797185458e-03
9.100472006891588070e-03 -7.258037334115214831e-03
2.190328552875943011e-02 -3.136969836371871628e-02
4.922357754439542904e-02 1.617850755237307606e-02
4.328486813782997031e-03 -1.546764818411538317e-02
-4.079588409120112752e-02 7.940965799960257240e-03
3.326478806579254155e-02 3.395248881776159744e-02
-1.849272931955753263e-02 -1.311668314863695742e-02
-3.297933064940507947e-02 9.132585294704538906e-03
-1.000964753516408838e-02 6.870396783169018320e-03
4.234789767470136662e-02 7.813784024732650657e-03
8.537644246192785608e-04 -9.318849647266527411e-03
3.157821678142070515e-02 2.219678487089692120e-02
1.916743200502855904e-02 -2.985601663773358380e-03
-1.257957925611882972e-02 -3.738653381769114353e-02
3.523681460366048096e-02 2.868595592145097017e-02
9.676815471430918678e-03 -3.350907636989410195e-03
4.708034982675093211e-02 -1.861307380501505543e-02
2.893525576328561874e-02 1.247114465423587552e-02
3.900877184641732276e-02 -7.304720034880582587e-03
9.796043202485548232e-03 -2.103125402250484791e-02
-1.972738211969362818e-02 -2.171500678136757331e-02
1.237769083950310614e-02 1.609245538489180796e-02
6.471173111649485866e-03 -8.129991799609099026e-03
-4.889444869701831120e-02 3.964983555665754777e-03
3.761716366284671709e-02 1.042724488874583778e-02
-1.191200865193985624e-02 8.607769162734011520e-03
3.079333822004755652e-02 2.324957215075472775e-02
-1.668761523328835331e-02 -4.931861198197766416e-03
2.179921911652299080e-02 1.269162219183018504e-02
-1.286177096283511005e-02 -2.712269122539453028e-02
-1.502095257107906486e-02 3.484621616232360958e-03
-6.116049982622330516e-02 -7.156282315126231454e-04
2.020914467710062043e-02 1.237824462794197104e-02
1.974614407318332418e-02 -2.233455073220564149e-02
-2.832367324516541982e-02 -2.625571785667681762e-02
1.048057524910581996e-02 -5.179059796801905452e-03
8.324209697698883859e-03 -6.943586675307668148e-03
5.563344288127491932e-02 3.534562296042983304e-03
-3.857990518863136428e-03 2.376362163043557046e-02
2.051554815766116688e-02 8.298592471517532085e-03
-3.176349190836392361e-02 8.749388282365199235e-03
-1.353591950284790610e-02 -2.539686449779937280e-02
-3.683420628856696327e-02 9.595297192563979546e-03
-3.699827389963289241e-03 -1.294798197996785590e-02
-2.337848595962047082e-02 -1.730121664660435460e-02
2.043784943262231396e-02 2.339861921442264181e-02
9.396298859450199353e-03 2.065507806433027407e-03
1.180307725671391264e-02 -1.789308601202471705e-02
-3.507214865609018656e-02 2.565113153624241221e-02
1.638769023973599788e-03 -2.296727997195225843e-02
-3.048145391740836666e-02 -8.110788351990980485e-03
-1.623368900093379030e-02 1.764329589500330956e-03
3.388775341277983771e-02 4.437932864898776891e-02
-7.165373967752125019e-03 -6.559857009302110832e-03
-1.935180550927613138e-02 -2.462958198565349394e-02
1.517593167535915936e-02 -1.765327304529974717e-02
-5.496048619223084519e-02 -3.585043014244454571e-03
1.434210421642688124e-02 8.683897907275195394e-03
-2.109307735761912356e-02 -1.267132218512958619e-03
6.165263646419711849e-03 -2.195591355738178360e-02
1.704134369347420561e-02 -2.287897223927697066e-02
-7.492999111404629632e-03 5.650081521738805311e-03
3.031756402556317741e-03 -1.151264043603083057e-02
5.566696601636857838e-02 -9.211956645877296401e-03
-3.186325550443797755e-02 2.354466455099861813e-02
3.590689709108358524e-02 1.721099740192310462e-02
-4.593187969985946389e-02 1.151060957699722408e-02
-2.138164518789075624e-02 2.421305472320989596e-02
2.474045601538808585e-03 1.381303545419291894e-02
-3.555555989302339875e-02 -1.547877656565131883e-02
-3.611672609061494614e-04 -2.725598491902847878e-02
-4.590485863920324566e-02 2.146231706177769219e-02
6.498206928036779663e-03 -6.066575631676046805e-03
6.410841523974661858e-03 -2.293962927757119043e-03
-3.551344729225348190e-02 -2.092246335096167691e-03
1.811264632206897526e-02 -8.753719007970143726e-03
3.931127990067125738e-02 -3.663981874718080789e-02
-3.053741759226426961e-02 2.222289355107283024e-02
6.780543424968074606e-03 -2.765409843988106756e-02
4.262896740349685770e-02 1.931912010442083272e-04
5.494434728728950917e-02 7.393148014374146398e-03
6.432505016629786777e-03 -1.416534768051711489e-02
-2.552376566093868607e-02 2.150431969398995061e-03
1.683006515535883166e-02 7.465143700781967651e-03
-2.987509476342170567e-02 -4.996291640331177765e-03
-8.164520367091220032e-03 -1.735238098007256882e-02
-6.564059001471181376e-02 1.471835074033090427e-04
5.649056792163026537e-03 2.187683793108838193e-05
-1.791406561901579680e-03 -4.379905564244506062e-03
8.372063249678948771e-02 1.207904534648814726e-02
3.632487882328747086e-02 3.800691130708784646e-03
3.450424020726128305e-02 1.661585060537596609e-02
-2.930801115830699785e-02 -1.496187301417495862e-02
4.131755664383661777e-03 -2.155537415204711316e-02
3.219435255273508153e-03 6.220974147449212337e-03
-5.608611328733990875e-04 -3.260874242060877396e-03
3.907906440637853862e-02 1.032463051671348581e-02
2.014082768417422425e-02 6.203403634665911534e-03
3.367369958351071335e-02 1.679843470585562200e-04
-9.106671988372642620e-03 -3.006443819694506331e-02
2.979629925975046945e-02 2.903389169997404318e-02
2.941316296167684891e-02 1.941453540489800067e-02
1.573386624489859706e-02 -1.062306970297282119e-02
-6.381356258921074172e-03 -2.981466904606247005e-03
5.634772652317605879e-02 -1.506334612721437448e-02
-3.210085891224163934e-02 3.125841460263292099e-02
2.445769087671601297e-03 -2.576518605149087301e-02
-2.683760004425798582e-02 1.146858723847208293e-02
-3.721075203080358856e-02 2.899919756680389288e-02
5.864567237067397180e-03 2.823567549960400921e-02
3.479088334984844350e-02 3.306804976350580932e-02
-3.357232652201790762e-02 1.154759515611676959e-02
-6.022608647063892179e-02 3.044906071924798410e-02
-3.272812670273095997e-02 1.217744108069609976e-02
5.409289095523098223e-02 -6.604987723126056962e-03
7.470630727722738645e-03 -4.017320091231379314e-02
2.147055292269948318e-02 3.478388949800934743e-02
4.248253324621494714e-02 -1.240048834542415400e-02
5.795819332413398688e-03 3.925011319037144744e-03
-3.295868402357014434e-03 -1.569098000149660166e-02
-6.942637239221397666e-04 9.067238909074164938e-03
-1.394371145527093306e-02 -1.949734889274360936e-02
3.617593435242253547e-02 1.564483958752094228e-02
2.035413518002144109e-02 -1.154789110223965621e-03
4.562047274022756893e-02 -1.555303097053724846e-02
-1.261041499259839271e-02 5.864634505759906691e-03
-5.143620632165054468e-02 -1.070510176140560248e-03
3.655684281492202568e-03 1.911251429675103405e-02
4.275207293750753201e-02 -5.064643875219318643e-03
-4.935679294383664428e-02 8.485668271912794394e-03
-6.248918906473584570e-03 -7.159575459522444889e-03
-1.893665191539225558e-03 -2.181324497499720003e-02
1.205869102376219346e-02 1.091215331506452217e-02
5.285698432652491396e-02 -8.235656737691573678e-03
2.851551693387141193e-02 -9.212086175454648612e-03
-2.326603211489319117e-02 -2.469098569532260628e-03
-4.721069655702252871e-02 1.009512798209884384e-02
4.406386460019080797e-02 2.986957446142242747e-02
5.051567010012988912e-02 -9.406417716395347808e-03
-6.280304329151290867e-03 -1.700508697615923243e-02
-2.334712447099970833e-02 9.389633557594291580e-03
1.363221392972808164e-02 1.076417623134444737e-02
-3.172723588020257696e-02 -3.422395414572277500e-02
2.924329109022182419e-02 2.664240779627206120e-03
4.457424941402365892e-02 -3.336864287927174006e-03
5.099249585325088020e-03 -1.019987648523786082e-03
4.060405297133993369e-02 7.229539451394205972e-03
1.525958441586670010e-02 -8.942278954290967113e-03
6.348619365801795589e-02 4.888435594755615420e-03
-2.289138252936709708e-02 -3.497321038263169479e-02
2.751300681201573374e-03 -2.827795285599200847e-02
2.999831666920430365e-02 4.829524015928903131e-03
-2.996257328008691823e-03 -2.549958890965938266e-02
-2.105698991811113738e-03 1.151864158232659670e-03
6.695609234165827289e-03 -5.652014056456310456e-03
5.352563451625277219e-02 -2.302753584374685539e-02
-3.960203898466771455e-02 2.169061869765355824e-02
-6.249823963944987903e-03 3.691976149198260108e-03
-1.187677267677119362e-02 -6.726349807340734586e-03
-1.187900784918310276e-02 2.021242718334506638e-02
-3.065993913248855202e-02 7.110945396288968247e-03
1.024168919410463688e-02 -7.762140824137552311e-03
-3.025755694266106868e-02 1.497475897552522604e-02
-9.775924544318352616e-03 4.307779760766156096e-03
-1.748020801111903680e-02 -1.737767314513708611e-02
6.102876107435665533e-03 1.269460683778378222e-02
-4.917111380418585226e-02 -1.491874506120296172e-02
2.474267152135363468e-02 9.896602132598067078e-03
3.902498020747637020e-02 1.483483475390843381e-02
-4.924103013442269333e-02 7.275814236757610284e-03
6.086541826723236744e-03 -1.011851923759789738e-02
2.231380320839495071e-02 6.113400838643310783e-03
-3.976541353192099282e-02 3.002470151629355738e-02
3.089518991470141876e-02 1.940654951603670202e-03
6.815728258040924803e-02 -1.989866740241535981e-02
3.702543618155020727e-02 -1.737883886554886107e-03
6.291605523348263451e-02 2.254926434176692668e-02
1.731596303156340139e-02 1.846260421509184416e-02
-1.591963559231547934e-02 5.726883858814333338e-03
4.212508623980078942e-02 1.316843769519082143e-02
-4.880686848086171481e-02 2.173486902567546911e-02
-1.579770770467435123e-02 -2.605796961511172918e-02
1.007620872791022484e-02 -1.512200517208392436e-03
5.834807595075160169e-02 -1.444165159694606876e-02
7.409656252591874208e-03 -1.948735969336849380e-02
-9.242613120455340364e-03 -4.796433145216907196e-03
4.600325585358204517e-02 -1.814791907834457235e-02
4.301940682487423104e-03 -2.856949487490045500e-02
6.264340561101676592e-03 2.353086548068748091e-02
-2.178419119549375449e-02 1.570615676786151285e-02
-1.342189560008291357e-02 -1.670971145717265252e-02
-1.033156315843953080e-02 -4.457891303505530887e-03
3.475635782164773063e-02 1.660309993083555757e-02
-1.097500509264452868e-02 -5.923934639580069952e-03
-3.449041624080036866e-02 -3.531399840723780520e-02
-5.726790186317586018e-02 -1.574320807468912627e-03
6.738775553324543102e-03 -2.310341402327109259e-02
4.628306892745850769e-03 3.032138547437568041e-02
2.134460551706099038e-02 -1.445201638187340555e-03
-6.257868268678533352e-02 1.911687312848414991e-02
8.390277824234888479e-03 -2.482919181478528700e-04
-2.932028898584391682e-02 5.834040884660274262e-03
-2.998607450886887904e-02 8.224575917347303616e-03
-4.543647810199678144e-02 7.833575565659122580e-03
-9.033979189164442064e-03 1.202100801238452756e-03
2.877724075485837280e-02 3.293191850771440710e-03
2.444099673590147820e-02 1.975456615124826162e-02
3.518504187943335970e-02 2.443781386741507647e-02
2.573731162058388172e-02 5.192324818071178405e-03
-2.299207852193601437e-02 2.174953800572111429e-05
-2.257199104814005403e-02 2.715685620434346234e-02
2.487219999477824003e-02 1.892065371504030036e-02
-1.596730890230614597e-02 -3.428431105085155695e-02
-1.123163192550875704e-02 -2.733784949718606402e-02
3.934909747567858634e-02 -3.817110546007366784e-03
-4.756184831071643034e-03 1.633549006774873136e-02
-3.453422827852950516e-02 -5.143533861162891824e-02
-6.124893750870864144e-04 -1.233222098914888614e-03
-9.977109538271947478e-03 -1.740099961014425489e-02
-2.248588523184179289e-02 -2.150591366757884093e-02
-2.548632686806836037e-02 -1.200544421590102676e-02
1.691103306371608342e-02 1.567905078498065333e-02
-1.952564273335639922e-02 -1.691259398242979254e-03
2.288755249486291998e-02 -5.154654817433251997e-03
3.379478907225549195e-02 9.573224680804013828e-03
-3.616446081940498380e-02 -8.644563472854411082e-03
3.105314897291682960e-02 -4.316075905552640632e-03
-1.754691566351209223e-02 -1.003829001801091227e-02
-1.910769303747674938e-02 -3.268981004281121955e-02
-6.205692804329182750e-03 1.418600517914150004e-02
-3.814929324435742918e-03 -2.339830654518758324e-02
3.967419885975240895e-02 4.241869819437434075e-02
6.803685100587974870e-03 2.639443359605661912e-02
1.422372922760281599e-02 2.303261616474929982e-02
1.999674019515973108e-02 1.607557762462564002e-02
-1.865581536580408631e-03 3.228952974092145350e-02
-5.282168762104680337e-02 4.291323574689357399e-03
3.795988070633192143e-03 2.276822342193391899e-02
1.267868066193368441e-02 2.751820136136970928e-03
-4.447971524584998226e-02 2.659548411700094275e-02
3.247931374936833225e-03 -4.080460922995108458e-03
9.117855866823428371e-03 3.030035421594685094e-04
3.944763070589298037e-02 2.747480573037270474e-03
1.890110773602448127e-02 2.484280760737488450e-02
-1.669147287147456499e-02 -3.067374880654263197e-02
3.842222224578443340e-02 1.745060011843420356e-02
-3.597007235028358563e-02 -6.509633313838631211e-03
-2.012679618444083302e-02 -1.742092398986693630e-02
-4.136985259285786559e-02 2.354298128717306413e-02
1.354183275160826191e-02 2.807788294915151972e-02
-8.936788014332501529e-03 -3.491822009006747413e-02
-4.170959846485389894e-02 9.603469307634665900e-03
-1.654109526236820574e-02 -7.341361116938673395e-03
-2.967516997768018111e-02 2.095865960239656420e-02
5.324670720553460745e-02 3.883337500663181212e-03
3.533925004311053164e-02 -2.793956249996309288e-02
1.786477463905462859e-02 4.778361607637581811e-03
-7.985794085642438506e-03 -3.022849001246193795e-02
-1.517650491606619551e-02 -4.876624818521757727e-03
-7.601012263112420612e-03 -2.879908657144142695e-02
1.598402233584149054e-02 -3.463962197101325829e-02
-6.854678613452263279e-03 -1.244234617394072637e-02
-3.503806562005799125e-02 2.117443455254590032e-02
-9.730106265220651515e-03 4.328161968705245867e-03
7.097124523995974876e-03 -2.286279616212491886e-02
-2.413262535623278068e-02 -1.764042056333933045e-02
2.293085389582836392e-02 -1.312275003894948673e-02
1.013877134106215029e-02 6.041425679407354601e-03
-4.021670853046026978e-02 1.464679914048543086e-02
-4.105081437350975582e-02 -7.052442435806099454e-03
-6.769761674130129331e-03 -1.662273658691639650e-02
1.025121286069210873e-02 -2.452103402276897132e-02
8.361836847129761399e-03 1.716828099073397160e-02
-4.952983279938060618e-02 -8.281926910314138524e-03
-4.135898619127568315e-02 2.321835322955403264e-02
-3.919849739923167431e-03 4.132350907618431712e-03
-1.649946119080867440e-02 -2.026704393344823504e-04
-4.925351784736309996e-02 3.289981327449719578e-02
2.161733993970128484e-02 -1.876196546287958343e-03
1.007726746709491222e-02 3.379598325499229283e-02
4.628070312179508039e-02 -3.785028440264545375e-04
4.490260439729976127e-02 -2.600544173271567353e-02
8.705240054603899033e-03 -2.065075993726940909e-02
1.973436510226318774e-02 1.514008481378483796e-02
-3.465634956796929955e-02 7.242978303289423700e-03
-6.996390281713212034e-02 2.419374467290443323e-02
-1.928168810014998028e-02 -3.313603377992789534e-02
5.599996890777115578e-03 3.821613224186087149e-02
-3.043645918562019187e-02 -1.422591073705512313e-02
4.558641553403280922e-02 1.461105405920865366e-03
5.469198353504692300e-03 -3.512556374329391107e-02
-7.335496087164536383e-03 2.154846480539959058e-02
4.014716886490946740e-02 1.537277642415888976e-02
1.584176825559028765e-02 1.182488377381787047e-02
-4.015730053362987113e-03 6.597217986132228014e-04
-4.778510609791509350e-02 6.103452115435331962e-03
2.632801703560597173e-02 2.950780357391777353e-02
6.874617479487105587e-04 -1.959924926288864055e-02
-9.851749982992848501e-03 2.952048545760776934e-03
6.345230269396281986e-02 -1.233145927884921576e-02
-7.157335431346330268e-02 9.002894240569908613e-03
2.635739224800846478e-02 -4.461341799554720136e-04
-8.875659879589619175e-03 -2.755090828450330875e-02
1.822736321375250127e-03 -6.155525932035114250e-03
-1.267387938637443666e-02 -2.402130234247494903e-02
-1.243635403369446925e-02 1.330330552868754478e-02
2.254095112317920993e-02 2.369817967487694924e-02
6.340784772421029399e-03 -2.097664366508688455e-02
2.250396074930748752e-02 1.184242219360610686e-02
3.632847911182164602e-02 -9.066633669163796580e-03
-7.540332683943691029e-03 -3.507153350891983185e-02
-1.703399498073553814e-02 -6.714288564970115510e-03
-1.614785181894995425e-02 3.866875541131308252e-03
5.652186546645995152e-02 -2.262262732700128561e-03
9.722995097920277691e-03 -2.733740321447524976e-02
-5.479129474652636583e-02 1.047902906781622914e-02
2.421567365875074498e-02 4.868653755239877277e-03
-1.209589415360964697e-02 -2.107401932896960095e-02
2.232230237960651162e-02 -2.267964108615809146e-02
1.474166025058993267e-02 -8.752760471385966773e-03
-3.482876381396659421e-02 2.136901284393660436e-02
3.065748211209436483e-02 8.594224652124874200e-03
3.053963385032880742e-02 -7.946457474872348561e-03
1.272561619435152135e-02 1.894770735638282369e-02
6.094977049666076277e-04 -2.789369165659286165e-02
-1.033419364504530556e-02 -2.414081633472191235e-02
2.202387231062862948e-03 -1.504216612710483972e-02
-1.778705226530957750e-02 -7.864065539749437797e-03
-8.890778633226389949e-03 1.695928504024420830e-02
-4.118629182804117023e-02 3.475082675514282876e-02
-3.885763902932627689e-02 1.115600515798738021e-02
-1.563709781979558816e-02 -1.911213314273240219e-02
-1.241478200095491764e-02 6.867221158356059778e-03
5.081809599243641146e-02 -8.756557187492335775e-03
5.613353258899542826e-04 -2.802277744782223287e-02
2.284855583748014382e-02 -6.133382951330553987e-03
2.018871694265365890e-02 6.199068158433687463e-03
3.112252974735576702e-02 2.161305745760278701e-02
1.624679463162256171e-02 6.129586052078335803e-03
-4.042107895614253932e-02 1.400783547591366585e-02
1.451374571804192604e-02 9.024844209187209403e-04
-2.719240273987841988e-02 -8.053449056171845671e-03
6.153191537544545030e-03 1.738790131492071525e-02
-2.644238815586690342e-02 -1.496746035152746700e-02
-2.486344140981489731e-02 -1.189611846471105849e-02
1.730889301324175719e-02 -6.150496451486389161e-03
-1.994715016241726917e-03 5.784274045992884687e-03
-3.397681674842600863e-02 8.352751018999807642e-04
-4.929640992564182644e-02 6.639553907490962879e-03
-2.988300964432189216e-03 -2.074138196681990509e-02
-8.755390872206220490e-03 -2.410030939370367414e-02
-1.163145955368542241e-02 -2.691084527690902617e-02
1.622321231971249333e-02 -3.758567215899318373e-03
-1.721101113640687019e-02 1.686549298391251672e-02
-6.496523704904461072e-02 2.759410338854377184e-02
1.192510891848566276e-02 -6.470059152608099128e-03
8.191747596577788129e-03 -1.968046190845880103e-02
3.064508482646238069e-02 -2.661304689031992226e-05
-2.947105260314056285e-02 2.913109485246015776e-02
8.105133764496399995e-02 -6.638205444106458526e-03
2.467120123436681786e-02 1.033722296546531541e-02
2.943154381392398128e-02 -5.023852621722175137e-03
1.776567355672619341e-03 -1.966938387828393725e-02
-3.207857389930383885e-02 6.482721056435312469e-03
-2.978389092729357909e-02 1.389929085437524407e-02
2.483745304058116235e-02 2.375082191622457720e-02
-9.453715363614232162e-03 -6.545931979933332888e-03
-2.185276309950450954e-02 1.031697386254467642e-02
-1.060753605287773765e-02 -1.913495379940133301e-02
2.365645967611707326e-02 3.365780234220538264e-02
1.441705336788571580e-02 2.006283657228260034e-02
-2.399396347866454560e-02 -3.086747308333997325e-02
-5.243801351060261434e-02 1.583162276220338727e-02
2.708208432022952972e-02 1.357887441594777221e-02
-3.050282719096181899e-02 -1.917038771413688211e-02
-2.400902242638064399e-02 -2.294221596224381432e-02
-8.740861700835284714e-03 -2.264243203670842156e-02
-2.507311438977396362e-02 -1.065162830325205433e-03
7.287564429629719669e-03 -1.610545043708959097e-03
-2.000843745631009432e-02 -1.499595453715371444e-02
-6.516646528591288866e-03 2.601968275936857641e-03
2.450446703007739049e-02 2.138817147106425107e-02
3.403295747513844852e-03 3.317840372007375277e-02
-5.007507696000874226e-02 -5.238608398507864361e-03
3.917291279424599260e-02 -1.840085514324202309e-02
6.153870376632909756e-02 -1.278889914918346880e-02
-2.436189486035820757e-04 -2.609184444828490518e-02
-1.165420479989984388e-02 -2.433331608322529191e-02
-6.042063000857956362e-03 -2.650000997552033610e-02
-2.777676178069199073e-02 -8.304056909804154521e-03
2.210288282485888336e-02 -5.930007791875062211e-03
-3.505656174406854286e-02 1.908393159083722089e-03
-7.577689577352514838e-04 7.872578194991167178e-03
6.689482232498587290e-03 -2.371417353598809230e-02
1.740668721613158887e-02 -5.643225924157785865e-03
-3.661527191552402249e-02 -1.319355974630934689e-03
1.603968189629306762e-02 -2.080001939101370351e-02
-1.009919071754327574e-02 -2.169031411414344690e-02
-4.863981833783365821e-02 -2.883993392965290489e-02
-2.696849790592302856e-02 -3.129050509025699256e-02
3.310131084668179596e-03 -2.245772138278280365e-03
-3.333259686461598897e-02 -3.193754950338283799e-03
3.635466471699205088e-02 4.532872934314205286e-03
2.632697153638840701e-02 -7.582285712226562689e-03
9.454013703084960737e-03 1.826173003553321645e-03
-3.451733307865897243e-02 2.275001905331401272e-02
-5.239951748049163222e-02 1.191318666143199693e-02
2.824044833604589383e-02 1.767934139508397715e-02
-8.530240911233723591e-03 2.578541393823899439e-03
-1.322230994123628836e-02 -1.030787123389365068e-02
1.603330124962237813e-02 1.082798182697874458e-02
-4.092203441514852269e-02 -1.378816039658608585e-02
4.174312613231389441e-02 8.316205743454228860e-03
-9.886614165483979116e-03 2.199587777920947087e-03
2.293351195844438306e-02 -1.172025433380721217e-02
2.145910855864088460e-02 -5.917767695149338258e-03
-1.632466848892415168e-02 -1.568329750187500565e-02
1.701733058031896714e-02 -1.389516281354219104e-02
8.196923325305947600e-04 1.039012870185435609e-02
-5.643329103845300815e-02 4.889720897350721684e-02
1.320220147844598964e-02 -1.664424503813389036e-02
6.819806109938506521e-03 3.333782200624213488e-02
-1.222902326863258178e-02 5.982698268797941206e-03
4.912267926154204436e-04 -1.417683021003149010e-02
5.227365449055471069e-02 1.250777256419962659e-02
-7.930021071561805732e-03 2.407544812150168301e-02
-2.037816533765843957e-02 6.906210801503458738e-04
-4.600840768500112643e-02 1.956843977535395809e-02
3.502535407750372032e-02 2.576691870435920614e-02
-7.918728301014839321e-02 1.933383712341996477e-02
-1.276834910974466129e-02 6.735017926087304325e-03
-1.434187131163184442e-02 3.277919102848055044e-02
-1.847188211281270212e-02 2.381871228067770213e-02
1.577540593725243814e-02 -1.995597235655355989e-02
-3.928749502843989494e-02 -7.125772135638536045e-04
1.542965411216285464e-02 -3.002397923604860006e-02
5.515178554745581163e-02 8.545310901855104890e-03
2.262911064662786326e-02 -1.376737606120852046e-02
-9.199316163264206758e-03 7.828496152325887039e-03
-4.344579720980431062e-03 -1.565124516898428950e-02
2.093750729439269181e-02 -3.454822682848666688e-03
-2.188064356207005193e-02 3.451109440444503906e-02
3.596110786065881242e-03 5.298800535317397392e-03
3.855935544673449317e-02 8.270886747671618924e-03
2.442971087324822405e-02 -1.980932745788772584e-02
-4.173368003641816926e-02 1.367873018495146392e-02
3.856557883527791941e-02 -1.040089818364055632e-02
3.346661660563013396e-02 1.981602476545480870e-02
-8.740385831483648248e-04 -5.082889867017425026e-03
-2.602079109985234312e-02 -3.330505735189961958e-02
1.648359428569475330e-02 6.490505280718882747e-03
7.969731139824610955e-03 2.862419299084275476e-02
-3.779051296498882329e-02 -1.699897280026651386e-02
-1.887667863731040327e-02 -1.581514883188136350e-02
5.934827341534515237e-03 -3.124801153108910587e-02
-3.705311898573809826e-02 4.304647664665318431e-03
2.917549787271391318e-02 -2.023016668239387139e-02
-2.631320235345183459e-02 1.036614653404436225e-02
-2.939017650590634856e-02 -1.512094767413352074e-02
-4.899452528326922679e-04 -2.148560826874934201e-02
-1.552842580104340370e-02 -2.594466914082463674e-02
1.407099732867481828e-02 1.286056183943179443e-02
-3.009094358054042323e-02 2.884849701810982339e-02
-3.738131503113456544e-02 1.965591706614199310e-02
-4.324779750591881133e-02 1.715151229151343215e-02
1.050236783752258804e-02 1.516251762508672406e-02
-1.608606063569156808e-02 -2.979295506687434578e-02
2.892343339231405117e-02 -1.423136196854104824e-03
2.420629178651952790e-02 -1.205594889532563213e-03
-6.444496978277060306e-02 2.360656391557055395e-02
-3.975054348224630468e-02 6.612299665809303825e-03
-2.528000039132060825e-02 -3.244709639236137422e-02
-5.059347707957862102e-03 1.787932342826041923e-02
-3.875505869621509360e-03 -1.112816123898647050e-02
-1.734577662373262830e-02 2.455230495923345704e-02
-2.349718036136503804e-02 -9.497104411562195050e-03
5.342934477883239108e-02 2.956882038912624078e-02
-1.862724535262794134e-02 -3.137692507372809303e-02
-2.256111123168671323e-02 3.621792024923658603e-03
-4.439172551261975214e-03 1.379036784274121274e-03
-3.545456432210127712e-02 -5.748337087292855301e-03
-5.270892395525000017e-03 1.340907884526622990e-02
-4.890257626102642585e-02 2.889091214755681175e-02
3.318237445321452206e-02 1.504056175481963999e-02
-2.858602201965424611e-02 -1.561578611968047516e-02
2.566636744443939744e-02 5.927467042109155204e-03
4.748471831135582522e-02 3.226326954326022567e-02
-1.382567792964084323e-02 -3.020709139185301026e-02
-2.818942165723396440e-03 -1.581341599234159859e-02
-5.627756896686510191e-02 -8.550939396306944315e-03
2.893076683573632055e-02 -8.093083279836868135e-03
2.863240682570973583e-02 1.747760929315624046e-02
-7.040078108658479744e-03 -2.863221517520877363e-02
1.324600600434748532e-02 -9.411277161550261894e-03
1.430652600070346676e-02 -2.460955358595984417e-04
5.579516793815285716e-03 -1.918630604048499055e-02
-4.814177654240998395e-03 2.003502297527282386e-02
-2.122286344205380482e-02 -1.693986488262869128e-02
1.977193309057945908e-02 1.519031942847222372e-02
2.023234098099488225e-03 -1.029617544811892854e-02
-5.951929309289369190e-03 1.408761764452536210e-02
-1.111629580827171171e-02 -3.248384803960337186e-02
2.192790034418671402e-02 1.123593548807310522e-02
1.811980611861480073e-02 -2.582742373198942086e-03
-6.401225464369478257e-02 1.491439053671876798e-02
-1.978580963754386982e-02 -1.849302717393781076e-02
-1.816236893440880025e-03 -8.289997182288972449e-03
2.315038908123821099e-02 -1.793835924349016647e-02
-1.780172375908379429e-02 -1.101052136743338114e-02
-1.250327060182623330e-02 -1.049697577439250365e-02
-4.125593179284117729e-02 1.036174283877799862e-02
-1.383663446653681829e-02 -2.476334538903121260e-02
-1.006300587011244377e-02 1.935112236488234711e-03
-2.394806671896464179e-02 -2.792506585325762319e-02
-1.993899908688488969e-03 -9.604589353858054152e-03
3.230274761586751642e-02 2.846645776901460256e-02
-2.715109839191967231e-02 -1.921500325503846043e-02
-1.934823594101601346e-02 3.314463642821328937e-02
1.796428665529109861e-02 2.677521897729403383e-03
2.621484054338418801e-02 1.774276777356032300e-02
-2.089887467699375750e-02 1.301411582368607045e-02
-2.614238852183037309e-02 -2.279097749395819425e-02
2.624769995220685263e-03 -1.282416350995439769e-02
8.659220663615679143e-04 6.696754405568304709e-03
-3.683938232742121899e-02 -2.888788233176328279e-03
2.549049924421677160e-02 -1.666304099608797648e-02
-9.116883673173472799e-03 2.520855543949596100e-02
-1.136884607277424339e-02 1.546630498603242905e-03
-7.405083399185954929e-03 -2.049739604558778808e-02
1.170547362953105845e-02 -3.337732300084643704e-03
2.541516721750845462e-02 9.138392133888171773e-03
-2.479018714217791006e-02 -2.146274233688810762e-02
-7.281096909625816432e-03 1.027066574766530467e-03
-3.077351299026434214e-02 3.407123853039705635e-02
-2.398118554997492879e-02 1.301481881919636227e-03
-2.257906132255333917e-02 1.640103803560176085e-02
-9.741523208837431919e-03 -1.929634317849888980e-02
3.093648115666587303e-02 -1.000069715772423061e-02
4.447576797555068823e-02 7.426394567331960931e-04
-3.878031713017626725e-02 -5.298360821728902376e-04
3.367305996516013929e-03 1.288042982451340773e-02
-5.313435079443003251e-02 1.779795382873342047e-02
1.854422201499645109e-02 2.982748528471316704e-02
-3.274651792798860539e-02 5.660768530620810361e-03
-2.136707982349037027e-02 -2.942385532630450301e-02
2.073156829185501815e-02 -1.634990785121042192e-02
1.769323251441647094e-02 3.078432726169140488e-02
1.512631346513550017e-02 -3.956032297731442750e-03
-2.825605491071247338e-02 -2.235583381987444815e-02
1.507927507580651867e-02 2.047350412520879126e-02
6.186892404770642784e-02 -2.296112152194695541e-02
-5.947114844088987468e-02 6.853857676686324688e-03
5.072690458378315004e-02 -1.063719588169213803e-02
5.597386079992446029e-03 1.508598740520337295e-02
2.217543185146172643e-02 -2.888101366206528766e-03
3.208656189453369667e-02 4.609250548774900154e-03
-2.544236973865568810e-02 -6.402255652367219198e-03
2.667492105574878133e-02 2.753351636383591719e-02
2.744047764985373117e-03 2.413030142320262555e-02
-5.947779240694583969e-02 1.659223295447533747e-02
1.564970889285524636e-02 1.162263854338095245e-02
3.035418271482073597e-03 4.633992008543869577e-03
1.294670652379158529e-02 2.470247628950481000e-02
2.940983106919897380e-02 -3.981992853968072642e-03
-4.621763892889379360e-02 -1.078771549975339125e-02
-2.155938071124877814e-02 -2.667427876234455819e-02
4.684876850273633764e-02 1.875282577977575860e-02
2.253275123906722799e-02 -2.202091817105054222e-02
-3.162152482120612201e-02 1.090171364743420732e-02
-5.918134564742619924e-02 3.883471209477493136e-02
-1.424872576174993771e-02 -2.047341033289874074e-02
4.751094041647109349e-03 -3.269851241298615124e-02
-2.309367856577975928e-02 -3.346467033966450677e-02
-7.012252233107539416e-03 -2.358638859800630400e-02
1.006376802951243141e-02 -2.578563512863423987e-02
7.607724777105730196e-03 -2.619342521868596712e-03
-3.158391551835711131e-02 -2.322975028155317007e-02
2.644987359853661485e-02 1.098440577494840323e-02
-4.584306380688517313e-02 -3.781661067794405036e-03
3.097196334300428983e-02 -4.115177535052622244e-03
3.119793281220127265e-02 -6.284082869497008977e-03
2.156730309994201247e-02 1.747350708067555922e-02
-1.305270457586568851e-02 4.383680175116702431e-03
1.661756506585917656e-02 5.300453880192419059e-03
1.682505673937023313e-02 2.207903128143915827e-04
3.198856014940786377e-03 1.779687298440069121e-02
4.009569794999220255e-02 -1.111576962436414996e-02
2.297092609001698260e-02 1.136766041982894583e-02
1.005847430240226423e-02 1.769585301954112707e-03
-5.080199279171276200e-02 2.195306822319179063e-02
-1.079480037324444253e-02 -3.136799923612447472e-02
-2.989835746272071285e-02 2.134142191188263468e-02
-2.933849463666251059e-02 -1.833479228062590699e-02
2.620625925613994864e-02 1.499965038107521804e-02
2.828578513088724281e-02 1.485860117150923122e-02
-1.835134888821101165e-02 -2.436025665480864508e-02
-3.764924782076841531e-02 -7.204169452502036559e-03
4.590120289537317350e-03 -2.574696391588543812e-02
-8.106841480757965169e-04 3.021219317179733160e-02
-9.038933830740811942e-03 2.468707200145217259e-02
2.007032770685716200e-02 -9.900267950830694483e-03
1.250571491248360888e-02 5.108079482508103529e-03
2.083151838637845726e-02 -9.448349634051344398e-03
-6.156449755788417563e-03 -4.049273134286349857e-02
-1.533749634701684662e-02 1.785323052449367190e-02
4.073452581515826787e-02 1.132838260476899152e-02
-4.311230259440973489e-02 3.285495250439291609e-02
1.172490473188578415e-02 -9.996682441081046477e-03
2.871524512850619562e-02 1.136949442965941651e-02
3.877540784158141352e-02 -1.264277433888801472e-03
2.916330998931710577e-02 1.775998768563270477e-02
1.885706390410714708e-02 1.812915190935638406e-03
-1.995422981141371788e-02 -3.952047239262861805e-02
3.752110707320869404e-02 2.942273052592762547e-02
2.667186664230959681e-02 -1.181125634255548486e-02
-5.632928039720785235e-02 -3.945298830596373658e-03
-3.004846909654721593e-03 -1.823876945700278127e-02
-3.923351342743411612e-04 -2.968094266064675094e-02
2.377537840563222898e-02 -9.017238386204795911e-03
-2.759843219005182757e-02 -1.444088143477514734e-02
-1.711308842677286557e-02 -2.732516437813726357e-02
-3.303587595015031880e-02 1.913712927901814811e-02
2.750317955934518735e-02 1.796846458314934475e-02
-1.090662666075525346e-02 -2.087724187120595237e-02
-3.274908175981822156e-02 1.994155616391803457e-02
2.103754301354144804e-02 1.391764722953046582e-02
6.461014350865285083e-02 -2.848460528917674990e-03
4.418667830635387289e-02 7.690463222038853262e-03
8.033695026735776512e-02 -1.263775539224747634e-02
-4.340505415521300064e-02 1.011283978764593305e-02
-1.937652447889750412e-02 -4.011268229170270039e-02
1.438716129343640439e-02 1.040882028009430978e-02
2.258737517680437651e-02 -1.884709032527354805e-02
5.305206680505382107e-04 -2.973839880798856070e-02
-3.681830662837272568e-03 -2.568315221619470873e-02
-3.319982483318666133e-02 -3.889444353446621511e-02
-7.046322217321951929e-03 -3.352002203772917136e-03
-2.355038964372685277e-03 -6.315118134765152803e-03
-4.865244374970514180e-02 1.480541626724519479e-02
6.899211316790093695e-02 -4.648961163196252584e-03
-7.208945529320604298e-03 2.976783317978189125e-02
3.089272653675368546e-02 2.185143532970672611e-02
-2.024233753493923788e-02 -1.560752845314020316e-02
-4.334923798400353023e-02 2.138630701614042257e-02
2.751853674546211187e-02 2.184788813813878447e-02
4.249383958990102239e-02 -3.654640119299073456e-03
4.116992646892000257e-02 -2.529717447586162654e-02
1.593043315354400816e-02 -3.209971838826707058e-02
-6.255281765821249507e-02 2.582333611217598954e-02
3.533245922135003214e-02 -2.058829149143132781e-02
6.702243423372058855e-03 1.215994230019693499e-02
4.586047188807577252e-02 3.099750407751703310e-02
-7.626137826414106265e-03 1.032235772347774375e-02
1.535084932908703514e-02 3.181885904367480066e-04
-5.938582874738970729e-02 1.749041015453494524e-02
-9.306143615112309623e-04 1.659674249150776618e-02
-2.204758678897370330e-02 1.220918009858461967e-02
-4.564162303461825193e-02 4.811768888196642224e-03
-5.361395083761937193e-03 1.058309650260887136e-02
-4.953420043560152058e-02 1.832781986282166348e-02
-4.512346916805906605e-02 -1.816351124831886571e-02
1.656421603126244715e-02 1.878796684276210979e-02
1.557816929108659515e-02 -1.252407176796896220e-02
3.354312527687282330e-02 2.886523025595819428e-02
-2.717923999218009676e-03 1.079580772782460715e-02
-2.485538697199662223e-02 -2.706713825820705396e-02
-2.833851819190040186e-02 -3.003083531688026039e-02
5.126278092227090633e-02 -1.695617074210105379e-02
-2.641208890414816456e-03 -3.149025527733172874e-02
-1.344643149271036557e-02 -2.616547394745552535e-02
-2.913485867786887520e-02 8.595442916106459802e-03
-2.730278978142171992e-02 4.359085538002552621e-03
2.467636765637988214e-02 -8.707255534451585968e-03
5.286502003721237075e-02 -4.006175940687047195e-03
-3.508259896802856659e-02 8.982191227889149004e-03
5.502787176456145485e-02 4.285839585876905747e-04
3.036615546713687316e-02 -1.336800234643143077e-02
-3.705660295122621684e-02 1.303740678502005902e-02
2.880051620162089529e-02 1.369377112228797834e-03
-1.008787788951992677e-02 -2.687647329134883190e-02
2.078915666421236874e-02 -1.459800294339681434e-02
1.064403904770801733e-02 2.473923331611953616e-02
-2.210656998539592064e-02 3.540778268769920190e-02
3.757582376374084959e-02 -1.015265238503502976e-02
2.074175315534769470e-02 1.224491781727156739e-02
-1.976870397247201816e-02 -3.321607537632298435e-02
-1.542326789429083675e-02 -2.008876847907564364e-02
1.986701975893217370e-02 6.902799670925434394e-03
-5.256880748783188118e-02 -5.157971423009449210e-04
-4.857127815845332409e-03 1.193790454315137722e-02
-4.931891311931149713e-02 -3.217386191667198636e-03
3.731195350750005947e-03 -1.466131291070524312e-02
5.919922501463630374e-03 2.640831330869896493e-02
-3.293101129115900277e-02 -3.023606801990865508e-03
-1.372485494870927768e-02 9.421254258003088078e-03
-2.981289793123018117e-02 3.076858820253743423e-03
-2.608824712749385419e-02 -5.002119714491159996e-04
4.707426810295145883e-03 -6.123207424707925381e-03
3.317929372789886477e-02 -4.914847224981396326e-03
-1.690723217606021969e-02 -2.022550984662235124e-02
-4.416827726459628123e-02 -2.935387818902457802e-03
-1.765137849137504017e-02 -2.649542800405665574e-02
-2.033737054087663559e-02 -2.599340531548450031e-02
-2.366276134660426356e-02 -2.312419969437059034e-02
-1.981715146908267708e-02 -1.472633994895941427e-02
5.135186177111975003e-02 3.611642935867304116e-02
4.392170841433580553e-02 -2.009099828947225053e-02
-3.074165959449610269e-02 1.343087849456318927e-02
1.049994580721398674e-02 -3.700001112294902614e-03
2.030397118775048235e-02 3.533615830053489504e-02
-1.200933671937661450e-02 2.242055803998829755e-02
1.300029438083381318e-02 3.949620056422585568e-02
3.591820648374791786e-02 1.019555864501472259e-02
-2.691528595931215462e-02 -1.332792160268343046e-02
-2.191430057116467919e-02 5.290518618995239744e-03
5.030037125243895513e-02 1.536639649627353187e-02
-4.799442460985299530e-03 -3.457003260968021657e-02
-1.232928273959684254e-02 2.342997482463727438e-02
8.119775553399259660e-03 3.049210791810607821e-02
-1.085040594852150139e-02 -2.465586235344008337e-02
2.996719865084719603e-02 -2.271739016737819514e-02
-1.246569157292410149e-02 -2.112772385829336103e-02
-3.353180959619166124e-02 -1.225299959592698884e-02
3.775947751228633797e-02 1.802643221040824487e-02
-1.244835418686363916e-02 -3.086544187811382511e-02
4.125666063077706308e-02 4.428196045632289309e-03
-1.777322701621143752e-02 -5.037117766830547655e-02
4.297961808387226051e-02 7.144485817692726795e-03
3.873538638039131926e-02 1.406752427781605107e-02
-2.324233759360809157e-02 -3.072858624323920179e-02
-4.123435013524393705e-02 3.735378929826405070e-02
-1.767169009732486376e-02 1.451275019034444728e-03
8.325725562978699215e-03 -4.669623979134947950e-02
1.935326110318049547e-02 2.364913827117070058e-02
2.894124151212398161e-03 -3.292552969394241247e-02
-1.588398894904125003e-02 -1.677784462352548481e-02
-1.440489831287828856e-02 -1.998314389264947265e-03
