-2.738013463054189689e-02 5.410342033239411499e-03 8.495073073404650968e-03
-1.003433364670862360e-02 -4.396048775434273359e-02 9.457576830951412369e-03
6.402285052073919402e-02 3.210850478372537665e-03 -1.383852173779156168e-02
1.665470388445194471e-03 -1.674596900244136599e-02 7.765626131806741602e-04
1.832544477663091212e-02 1.656518270883354516e-02 -1.197764977474479429e-03
-2.131731291659351435e-02 3.457655633875460904e-02 1.939100544511862881e-02
5.290081033559310836e-02 -1.095149242083776411e-02 -1.887550937195968045e-02
1.190585065729062551e-02 -1.768319157411519767e-04 2.638193739305865967e-02
-1.217776131410397249e-02 -2.638883526231493998e-02 -1.405561664781157256e-03
1.856956994388811802e-02 -1.011719928024007800e-02 -1.106111945242004881e-02
2.334163815198971037e-02 2.408376861630734736e-02 -4.682064970445872637e-03
1.023359166375360438e-02 4.433925965233710687e-03 1.869665180104186294e-02
-1.625260569231787300e-02 -9.522771126229104613e-03 3.125025747285379435e-02
8.850530104290946221e-03 -1.788435986844370829e-02 5.023013560859639764e-03
4.244515683836243627e-03 -4.183559869123639266e-05 1.025818461758584363e-02
-4.586756045333555826e-02 -9.943046618418405549e-04 -1.894994248098722661e-02
2.069961640430963840e-02 2.110813054056863425e-02 1.604533808360190245e-02
2.114291445566321773e-02 2.480367473543436049e-03 2.010099821451972676e-02
-4.907615845318002989e-02 2.960161605780492478e-02 -7.428397618894159657e-03
2.443202241565359603e-02 1.481738263323745079e-02 -2.161550749164614822e-03
-1.330284691653823431e-02 -2.120586420028982774e-02 -6.292217185425968105e-03
-2.846911066301805251e-02 -1.912282591680899285e-02 -1.007163292677036928e-02
-2.818072809481757604e-02 8.827165884839855564e-03 -8.036592751218707420e-03
3.271863364686587033e-02 2.792897316531319646e-02 -9.244337874176380629e-03
2.931061420312630963e-02 -9.425552387198455825e-03 -6.906190997103105363e-03
-2.797817357658530582e-02 4.145841081642201616e-03 1.670744611371817586e-03
1.217657698768273566e-02 -1.587436079325135058e-02 -1.773423414124420403e-03
2.763071885687515966e-02 -6.068304275966782471e-03 2.844261150672864214e-03
2.615473337066346465e-02 4.522861365454006882e-02 3.458573239370803069e-03
8.038765567366362025e-03 -2.462400077132140958e-02 6.199241872172821244e-03
-1.191347879095305644e-02 -7.538122831071207043e-03 -1.029792336078498398e-02
-1.520645695740529060e-02 -2.915295125437317864e-02 8.814206083085281487e-03
3.183968539999465497e-02 -6.113012600341592544e-03 -4.235655079365977828e-03
-3.118914370185965276e-02 1.101536242731127047e-02 1.435186601822051496e-02
3.600149593558387741e-03 -1.311147642589312323e-02 -9.761360869386968842e-03
1.646461970176683540e-02 2.525782568352425220e-02 2.129931506558416579e-02
-1.642269443195188555e-02 -1.277877117640774038e-02 2.625993725698927764e-02
1.902934938384495331e-02 1.274063793453274890e-02 4.598652010193625406e-03
-4.723424493866328067e-02 1.200162403750188594e-02 3.042164491251451650e-02
3.832691079864784800e-02 6.911313243615650748e-03 -8.203296198195203850e-03
8.832609516942384678e-03 7.656257761295105595e-03 7.852734364851140722e-03
3.006968112687998310e-02 -2.523627622164540448e-03 -8.951411222571033915e-03
-2.090311330311011781e-02 -1.328461869174913344e-02 4.248616605779216050e-03
3.812139730900847984e-02 1.479201329485820872e-03 -7.012061021101713247e-03
3.813775737175193869e-03 2.759484060183347437e-02 4.094034737453847855e-03
6.555251943840836870e-02 -1.833074258174887880e-02 -4.765413389997284928e-03
-3.930007111163639349e-02 1.254790532281523368e-04 2.565873005666045523e-03
6.204424949181463513e-03 -8.777094652130662880e-03 -2.672620344991635810e-02
1.230119376444200469e-02 5.856180751831334061e-03 1.164240959410721768e-02
-2.298515654025618318e-02 -1.360772018277157415e-02 -3.811653550562357079e-02
-5.060703006158702444e-02 -1.744488839696880101e-06 1.723511507177533791e-02
-1.757130949648736881e-02 5.949555404271919361e-03 1.628910550221431344e-02
2.783110164821434376e-02 7.781895630670550117e-03 2.661776387849134826e-02
-5.914770266011749877e-02 1.519718159400773420e-02 -1.790999069964804846e-02
-3.259508698673457133e-02 2.732665016830529772e-02 3.467876773491129598e-03
2.146721409314666928e-02 -1.023104772070397919e-02 -1.521510792950966397e-04
1.773197894791452012e-02 2.582453064353884900e-02 -1.887149365844977000e-02
7.322713485585832620e-03 1.376741223138326729e-03 1.060513067089829085e-02
-1.107477663040360187e-03 -2.158793803274778461e-02 1.989464091031355186e-02
1.797254050597697078e-02 2.265033020775708214e-02 2.129857465170413230e-02
-4.301281209307470516e-02 -8.189506848929531749e-03 1.450276868214313720e-03
1.675096075056967115e-02 4.646050128923276228e-03 -5.724491588449557265e-03
1.311267373767123663e-02 -1.689880069347054342e-02 -3.055621319510837611e-03
-3.517295729875367927e-02 4.866318989619241708e-04 -4.711797828267839938e-03
-1.397194006863252541e-02 -1.261419499950784673e-02 -3.325610365103698687e-03
2.079997668437553668e-02 -1.603604339742059149e-03 3.642120932064572651e-03
-4.157922568455828249e-02 1.619162139238776790e-02 -9.443643078879659578e-03
1.840033199995726176e-02 -7.166074650202876491e-03 2.531376595043429139e-03
-1.734909197038250403e-02 -1.428979094254506296e-02 -3.814254491176161804e-03
-6.251594354251256702e-02 1.536645333973925796e-02 -7.556950524503024125e-03
-3.360488375073403255e-02 4.674583202096740117e-04 -7.445575661406152353e-03
-1.279151550245986001e-02 2.542855298558198461e-04 1.843887926687741777e-02
3.105798689535867185e-02 -2.119992661784679197e-02 -7.506275207874352033e-03
3.336698254210248432e-02 3.034462224873466125e-03 -3.209795901236083687e-03
2.566163571955223585e-02 -1.120919365887001508e-02 -1.171309780186484580e-02
-2.095406803564607914e-02 -1.606238310189898183e-02 2.065010815466243252e-02
-1.831503024329541804e-02 7.894616325510837168e-03 1.671795246484649236e-02
-1.469373667114420509e-02 -3.202681271728138185e-02 -3.143451366553856835e-04
4.882171099197701175e-02 1.515384647904890331e-02 -2.355325487153835627e-03
-4.364803984270671650e-02 1.469755462247736809e-02 -1.061170055425045972e-02
-4.100140690613780781e-02 7.215818317095918678e-03 -2.758738210021778776e-03
-4.018081842532614245e-02 -2.935417815947343259e-02 -1.135574573658450692e-03
1.203959971173531674e-03 -2.322600113596832994e-02 9.101783969035113012e-03
-4.511528770134003857e-02 2.163920289195345181e-02 -5.759690929806314010e-03
-2.959894173501548958e-02 -2.046048245745749755e-02 -3.211098730045889096e-03
6.631277967286055598e-03 -2.011305626141367611e-03 -1.805212915630839687e-02
-2.480225749880249700e-02 -9.619043763558021362e-03 -5.952616562798904686e-03
3.338339503363144806e-02 -1.175383954351433280e-02 -8.407843170888145562e-03
-1.864469465269803913e-03 3.966221924945919470e-04 1.952648769788527944e-02
-3.897417879864458444e-03 -2.212970420710129449e-02 -4.046664212157350012e-03
-5.576169880594363665e-02 1.653315610328098123e-02 -1.413716113644556890e-02
3.527098281820707781e-02 -1.724231365429187632e-02 -5.723652383967144618e-03
8.987615030065954080e-03 1.029175344325493867e-02 1.894077202252471628e-02
5.585135974679421994e-02 -7.885090257851145798e-03 4.435105954351744283e-03
3.180052996483972994e-02 3.788176756328233852e-03 -3.272260031319629541e-03
2.517059485345159772e-03 -3.187370476290957849e-02 -7.462063765550115170e-03
3.791813999152518749e-03 2.679873130286927058e-02 -1.195514612744993412e-02
1.484667689764142609e-02 1.373849755804241492e-02 -4.337927993887283340e-03
4.950079786971017110e-02 -2.694197491795465374e-02 -1.130076711630510593e-02
3.172860123708286240e-02 4.610076961830376907e-04 5.213858317719349995e-03
-2.769359349377290350e-02 2.774567742097699269e-02 -4.371520831642375024e-03
-1.847573180828261316e-02 1.629443845868621299e-04 -2.144478856247512139e-02
-3.391518136500532021e-02 -1.701198138957828870e-02 7.623777253802930046e-03
-1.633109825418127548e-02 1.649597589819582974e-02 -7.615688088523083626e-03
-2.255006700423356145e-02 4.214500932870296132e-03 -1.229363342283270634e-02
2.789557890675092161e-02 -1.928169693955666345e-03 1.872715435007715409e-02
-4.335829875769978137e-02 1.389179205898139619e-02 -3.541685347876783081e-03
-1.440481540308977300e-02 1.885305860494181779e-02 -8.027051768527686260e-03
1.697318616928961132e-02 6.817387862766448835e-03 7.469832365532821710e-04
4.138574650245948477e-02 -1.292108141481422036e-02 2.078180584738957559e-03
2.331388301638549418e-02 -5.548328536289282020e-03 -2.938567110237400482e-04
3.049204893677990788e-02 -1.393510660467820600e-02 -1.592558710515155213e-02
2.188547096296802885e-02 9.244520082630108479e-03 1.843916135773665532e-02
-5.487166520456712715e-02 9.262663578370109591e-03 -1.091203637109194012e-02
-1.684266975171240174e-02 3.099222022134605348e-02 7.177527979894665795e-03
2.026170102556005409e-02 1.429949837974451958e-02 1.765998214873360297e-02
-3.237629349988623267e-03 -2.429839357429343372e-02 -1.352470158988120646e-02
-1.176123904052548026e-02 -2.396492236182809141e-02 3.447008538302195457e-03
1.660052259987941994e-02 1.627927210297188884e-02 2.467988756643592352e-02
2.225011687560246587e-02 8.447194893170638028e-03 2.156391229455103045e-03
-1.360840526737934486e-02 -2.166680305594243655e-02 4.102927857983810003e-03
4.553053603370227527e-03 1.814100949007378888e-04 1.105228387409153828e-02
1.257336280721422020e-02 1.432175041345970425e-03 -2.433187968411429998e-04
-2.795057743476121390e-02 2.335474084402428679e-02 -1.031201951425944098e-02
-1.709384522240140966e-02 5.956645956060759202e-03 -2.254627166428068222e-02
2.528545949272457613e-02 1.017980314252876946e-02 4.757341356038509439e-03
-1.894098966455416352e-02 7.513882910376977302e-03 1.048816075657236016e-02
2.659485472031531544e-03 -2.579242411134709256e-02 1.466090288871751100e-02
-7.109929376979970753e-03 -2.600653855743930223e-02 -6.057200057630017509e-03
-4.701714419645466880e-02 4.060330102005581081e-03 -1.492933084183170264e-02
2.093562559155537697e-02 -2.555070583977159596e-03 3.375445529699258335e-03
-3.824929603553178792e-02 -1.494329070583342439e-02 -3.869020862568185639e-03
-4.056386099080575708e-02 -8.793254831837436086e-03 -2.529603754051831105e-02
-5.331488236427287149e-03 -1.953036589033516415e-02 4.290119662992392981e-03
3.396219902021917897e-02 -3.017608582862289432e-02 5.234019700196189569e-03
1.260254724338631671e-02 -2.205124276705852995e-02 2.498385320088365724e-02
-1.455516571746258425e-02 -2.452988367223756655e-02 2.583482801826758948e-02
-3.091010239890959119e-02 2.081681910628890159e-02 -3.069084407251513116e-02
-3.102083082032127542e-02 3.586403394255127663e-02 9.858390753733717662e-03
-2.043400726010551754e-02 2.723540757902652432e-02 -1.699255830750146662e-02
3.552042463068750405e-02 2.710067048347227295e-02 -9.148056253652753211e-03
1.802946353698657925e-02 9.811377618610193918e-03 5.132150285900099855e-03
4.026231828534130100e-03 -2.175014073426196834e-02 -1.807486949164882964e-02
3.138543276953870143e-02 9.830341300932524812e-03 -5.284777741148461230e-03
3.392282208386017406e-02 -2.356039006184825271e-02 2.092495653729268407e-02
7.241286323994160050e-03 1.398733984627952009e-02 1.612462979401776270e-02
-3.750460400014048873e-02 9.330193097512122155e-03 5.688742354643633141e-03
-2.746519105482072426e-02 1.907671928890349033e-02 -1.265662732283743402e-02
-2.859070068657260100e-02 5.835792062767099046e-03 8.812050310922237700e-03
-1.781724792606236007e-02 2.661137734740131461e-02 -2.928447478103765058e-04
-3.261931791425760202e-02 -1.501515073113353360e-02 -7.020421407947807259e-03
-4.719445868486120410e-02 4.390080596394151276e-03 -1.917279900090495398e-02
-3.148338401278871334e-03 -1.276027264640347374e-02 -5.432427744234015650e-03
3.512839799803412974e-03 4.018495913113112605e-02 2.248555038242425891e-03
-9.800765546739940992e-03 5.405149039649228930e-03 1.024949183598538108e-02
1.570793050089389423e-02 -1.011515290973021008e-02 2.202446132550929265e-03
5.654854645927107765e-03 -2.715564819290300358e-02 8.329093257640637210e-03
-5.285463120512608193e-02 1.597742492348191296e-02 2.044134666020639562e-02
-1.543956948728104905e-02 2.300134252554661331e-03 3.269040922074162303e-02
-2.976690124499952253e-02 -1.723300444572761075e-02 -7.699608927203932703e-03
1.034313838736290216e-02 8.879464966408855825e-03 1.910183585678155906e-03
9.747217963178886335e-03 9.411220597284502762e-03 1.175133302668413676e-02
8.755172894685367413e-02 -8.366282178721054508e-03 -3.001323320364818626e-03
-4.605322716051767594e-03 -2.094929121017307175e-02 5.724689096303447675e-03
4.759257027716037869e-02 1.123271882374615380e-02 -6.427375174000230819e-03
4.782946667049952499e-02 -2.154955103268269218e-04 -1.193934748500859178e-02
-2.736950289908684011e-02 3.635700493208760681e-02 3.429858479368953772e-02
-3.682619370319249155e-04 -3.496379621844474331e-03 -1.222171075988042789e-02
2.728713032645248629e-02 5.524727257176095634e-03 1.139523839520860567e-02
4.207718148154228344e-02 -3.201868448592181705e-03 -3.007755484902611617e-02
-3.572211937114405655e-02 2.650995378408623621e-03 1.292663559406614926e-02
5.086570335276601601e-02 1.612086751323950308e-03 3.134183729041293501e-03
2.253573530753836054e-02 3.676867103255060387e-02 -5.476575142141991773e-03
-2.178758238880510248e-03 1.764857307009799411e-02 9.294280160663775502e-04
-1.745722363670002691e-02 1.360430460102514567e-02 -1.111412926995307242e-02
-1.928188579933302546e-02 -9.169004523462297510e-03 1.615156838402380390e-02
-1.798325115449193184e-02 -3.648763036796399961e-02 -7.816781084686922482e-03
3.019215930842024040e-02 2.360059517896569495e-02 -1.433422441444935679e-03
1.546243053221988198e-02 -2.902788957242950427e-02 -2.013954319758277933e-02
2.163757536387927441e-04 3.667029579442178389e-02 -9.051628835659053171e-03
6.568810499222849097e-02 -2.906766655921103103e-04 -1.033159719025891939e-02
-5.026992515597276771e-03 7.388794449853186563e-03 1.446863013459597294e-02
-7.578283963435885652e-03 1.897743134314532065e-02 4.491032479147057110e-02
1.038120961670289076e-02 -7.021767556530341715e-03 -3.471650964338423087e-03
4.240885546383998256e-02 1.681517620892677284e-02 -1.338450753726820250e-03
-5.465701374139762814e-02 1.458520511833899698e-02 2.327304373023850181e-03
2.503424570761118850e-02 -6.256550347051666530e-03 -1.078754200268440848e-03
3.375051960864198369e-02 -2.036303458259811766e-03 -2.700720986606760035e-02
-6.751304222631956779e-03 -2.349566468620350318e-02 8.812215013579245346e-03
-7.992927067500406671e-03 4.157721591960347046e-02 -9.357151277393210148e-03
1.029460689677558043e-02 1.286846015705982518e-02 -6.336968087002966578e-03
-2.618943269132380930e-02 -7.571546673613300735e-03 2.932632175868462795e-02
-3.358797608014272434e-02 -5.012836210060130429e-03 -1.034965272445872303e-02
1.280351824832621881e-02 7.815560979296289068e-03 1.204452604557857374e-02
1.129030127759865498e-02 -1.155514032407560336e-02 1.973147211817875141e-02
-4.667965413042809986e-02 1.922181308498849273e-02 8.766987604414532703e-03
2.104762325035330894e-02 2.501825577602268327e-02 -6.984963119359108817e-03
1.346939195267068783e-02 -7.854826469991560076e-03 2.497012409288258510e-03
5.983127133924315624e-03 -1.139318145077137905e-02 8.561118169470260247e-03
1.800150766085217846e-02 -6.021435141985953705e-03 -2.112124390626627778e-03
3.496161632266078789e-02 -3.047790880280892975e-04 -2.989798333934677761e-03
-1.860007586467544646e-02 -2.139490750240590280e-02 1.796607768871331598e-02
2.555883346434499603e-02 -5.593963624859916821e-03 1.179682343291262731e-02
5.478377789052344717e-03 1.296857707770348797e-02 -2.640872730607588155e-03
-2.157790916095377043e-02 -2.078137180392966230e-02 1.867242383339976636e-02
4.447131985828055301e-02 6.780344429793298822e-03 4.702822604023626854e-03
-4.450107117482522689e-02 8.140715391586580627e-03 -2.707380883578332231e-02
4.227694508887450825e-02 2.544260029507613985e-02 4.993658374060980102e-04
1.891560819064818863e-02 1.183174013436536984e-02 -1.456632943252205749e-03
-1.410249477238697743e-02 -3.610564274721898143e-02 1.156600556018722720e-02
1.237298745227418707e-02 2.674850893853191608e-02 1.121168780682919690e-02
4.463369467899919868e-02 2.096305608397227432e-02 -6.090354861668603086e-04
2.055918265177376567e-02 -5.832965485543624255e-03 -3.775264818533537181e-02
8.612243861394952224e-03 -2.460025130437304766e-02 -7.644764985171002142e-03
-3.833867641718195080e-02 1.571816726688087321e-02 -1.462774408556301309e-02
-4.918968564852200728e-03 1.527199854190034942e-02 3.958098810239624697e-03
6.323014957141165869e-03 4.955034200963750329e-02 2.113318274873188934e-02
-9.591960160529681631e-03 -8.011997011490943482e-03 7.434271887960286138e-03
2.740304752396109655e-02 1.716275902736098119e-02 -7.741664588875346587e-03
3.149477784680636966e-02 1.087525409607337755e-02 -9.269912732073537151e-03
-6.497843095754338161e-02 2.310102959987788210e-02 -2.197399963922861549e-02
-3.435191887842962977e-02 9.030654383814113242e-03 1.629995231771596415e-02
-9.341558551715812165e-04 -5.653951666272651576e-03 1.793912936896012314e-03
-1.695659269205479491e-02 -2.367353898497036747e-03 2.024486248290854710e-03
2.295326604217092295e-02 1.068803824470545595e-02 2.227689496178105664e-05
3.604141063562014968e-02 1.392745983245743946e-02 -1.040399701767562822e-02
-1.682838227480145527e-02 2.497273487690947896e-02 -1.145314227307276701e-02
2.909107371190082156e-02 -1.183910323374092605e-02 1.673859365050788320e-02
-6.248414604175972151e-03 1.348244992024852720e-02 -7.179571501088818052e-03
4.551567038450363145e-02 1.635068347429527794e-02 -8.419380305010036938e-03
1.704707463435771453e-02 3.190959356043603784e-02 -1.046540686481130505e-04
-2.145615495353454805e-02 4.327318134845754925e-04 1.867389368281237652e-02
2.458911794866510195e-02 -1.265796298841115721e-03 -2.660020612656834038e-02
-3.364383458162325657e-03 6.458659784559965880e-03 1.446055565998816128e-02
2.203725875132670625e-02 2.119121088581799733e-02 -8.385014572433447527e-03
-1.072120077885614815e-02 1.585010643502438726e-02 7.051903965590340315e-03
-3.537146612485363769e-03 1.514011157033983389e-02 1.957692129115575982e-02
-1.942758509592302368e-02 -3.222176847718134785e-02 6.410382213987574247e-03
-1.173667921338681155e-02 -1.979852546926707743e-02 5.020729018123236236e-03
8.043674966787985178e-04 1.811311819662957427e-03 3.522743725228836675e-03
1.024354131083355345e-02 1.381697928519203325e-02 -9.614891734369270882e-04
-1.413807653443458108e-02 -3.420865589374161297e-02 -2.911074198018851356e-03
2.484469867298176246e-02 -7.369677753425125065e-03 -2.031628976867520461e-02
2.941898213584314900e-02 2.383129537430325739e-02 -6.955039105882897602e-04
7.027586451952287649e-02 -2.503164130894751718e-02 -1.823288580784402854e-02
1.594236555730338747e-02 -1.703996435932796094e-02 -5.850428024795870617e-03
3.074152994899031002e-02 2.420047454635886053e-02 1.538760403325223000e-02
1.964991654564698237e-02 -1.989570760759369616e-02 -4.384929604738512822e-03
-3.819704986895905430e-02 1.886832685804730805e-02 -8.896100502415649550e-03
-3.156255188409384793e-02 1.001037918083258135e-02 2.095667485198436392e-03
-3.018029272169636679e-02 9.261685108835737701e-03 -6.411723902244136422e-03
1.299026074215510473e-03 -1.025418991816000151e-02 -1.849839401554262755e-02
1.786128648030307561e-02 3.411891948865811847e-02 6.515691151614640651e-03
9.677225216475527844e-03 -2.090891439904163027e-02 -1.526253881525086765e-02
-6.988771560435898603e-03 3.391261919415508586e-02 4.001067108455132648e-04
3.381096614300903996e-02 2.948440183120288813e-02 -3.820922386541106015e-03
1.112795032230173495e-02 1.151556908465090588e-02 2.953522792373346716e-04
2.193046298651904827e-02 -4.136980590808588855e-03 4.332578991446519624e-03
-3.315913078369885775e-02 1.730643783138442401e-02 -2.555021733298379685e-02
3.120264629776488968e-02 2.047029303672320139e-02 -1.510768542278362412e-03
-8.427501253085695199e-03 2.770330997889488764e-02 2.999111993566415044e-02
6.286693656404063191e-02 5.563304674405956246e-04 1.058105735769811206e-02
3.516686075078458151e-02 -7.155050605797185458e-03 1.282701098309417878e-02
9.100472006891588070e-03 -7.258037334115214831e-03 -1.025691799510447012e-02
2.190328552875943011e-02 -3.136969836371871628e-02 3.193392747344512856e-03
4.922357754439542904e-02 1.617850755237307606e-02 1.820939065129783662e-03
4.328486813782997031e-03 -1.546764818411538317e-02 7.715295854921875966e-03
-4.079588409120112752e-02 7.940965799960257240e-03 2.570756178331108643e-02
3.326478806579254155e-02 3.395248881776159744e-02 -8.247504381495318962e-03
-1.849272931955753263e-02 -1.311668314863695742e-02 7.978642471411627815e-03
-3.297933064940507947e-02 9.132585294704538906e-03 1.022848161187272890e-02
-1.000964753516408838e-02 6.870396783169018320e-03 -6.024035702080238197e-03
4.234789767470136662e-02 7.813784024732650657e-03 -4.164261101413520294e-02
8.537644246192785608e-04 -9.318849647266527411e-03 2.170243026484948781e-02
3.157821678142070515e-02 2.219678487089692120e-02 -6.435819192631896286e-03
1.916743200502855904e-02 -2.985601663773358380e-03 -2.056675576623735735e-03
-1.257957925611882972e-02 -3.738653381769114353e-02 5.949564192874260901e-03
3.523681460366048096e-02 2.868595592145097017e-02 -5.267534357748549466e-03
9.676815471430918678e-03 -3.350907636989410195e-03 -1.098669690194569934e-02
4.708034982675093211e-02 -1.861307380501505543e-02 -1.482556738236004770e-02
2.893525576328561874e-02 1.247114465423587552e-02 1.082221777781766691e-03
3.900877184641732276e-02 -7.304720034880582587e-03 -3.184449029284740912e-02
9.796043202485548232e-03 -2.103125402250484791e-02 1.031015690967097137e-02
-1.972738211969362818e-02 -2.171500678136757331e-02 5.503165569112325808e-03
1.237769083950310614e-02 1.609245538489180796e-02 2.205498542826040548e-02
6.471173111649485866e-03 -8.129991799609099026e-03 -7.280563324259464210e-03
-4.889444869701831120e-02 3.964983555665754777e-03 7.201510795556898513e-03
3.761716366284671709e-02 1.042724488874583778e-02 -4.162317316292703413e-03
-1.191200865193985624e-02 8.607769162734011520e-03 -7.532609885581418967e-03
3.079333822004755652e-02 2.324957215075472775e-02 2.320259729053973999e-02
-1.668761523328835331e-02 -4.931861198197766416e-03 -2.896344039585572582e-03
2.179921911652299080e-02 1.269162219183018504e-02 -1.249270656735891952e-02
-1.286177096283511005e-02 -2.712269122539453028e-02 -2.376616984886395761e-03
-1.502095257107906486e-02 3.484621616232360958e-03 5.759594226870886485e-03
-6.116049982622330516e-02 -7.156282315126231454e-04 -2.624082266283715714e-02
2.020914467710062043e-02 1.237824462794197104e-02 -4.333710663244423091e-03
1.974614407318332418e-02 -2.233455073220564149e-02 -4.034555618567304582e-03
-2.832367324516541982e-02 -2.625571785667681762e-02 2.607164053573690979e-03
1.048057524910581996e-02 -5.179059796801905452e-03 7.068041356902092899e-05
8.324209697698883859e-03 -6.943586675307668148e-03 1.194911134519168090e-02
5.563344288127491932e-02 3.534562296042983304e-03 -1.273278805707870123e-02
-3.857990518863136428e-03 2.376362163043557046e-02 1.382715930358787218e-02
2.051554815766116688e-02 8.298592471517532085e-03 1.694032981402131266e-02
-3.176349190836392361e-02 8.749388282365199235e-03 -1.402364395024798156e-02
-1.353591950284790610e-02 -2.539686449779937280e-02 -8.097527233257484705e-03
-3.683420628856696327e-02 9.595297192563979546e-03 -4.709886798015595379e-03
-3.699827389963289241e-03 -1.294798197996785590e-02 -8.029304377990870612e-06
-2.337848595962047082e-02 -1.730121664660435460e-02 5.519913438704145484e-03
2.043784943262231396e-02 2.339861921442264181e-02 -8.907940199276159418e-03
9.396298859450199353e-03 2.065507806433027407e-03 8.477587388210004694e-04
1.180307725671391264e-02 -1.789308601202471705e-02 1.257167577180325589e-02
-3.507214865609018656e-02 2.565113153624241221e-02 -6.412784611719308386e-03
1.638769023973599788e-03 -2.296727997195225843e-02 2.069477700083327890e-02
-3.048145391740836666e-02 -8.110788351990980485e-03 -4.847483234066702305e-03
-1.623368900093379030e-02 1.764329589500330956e-03 -1.331706455432647013e-02
3.388775341277983771e-02 4.437932864898776891e-02 3.634293723426770557e-03
-7.165373967752125019e-03 -6.559857009302110832e-03 3.904715019121159092e-02
-1.935180550927613138e-02 -2.462958198565349394e-02 1.100074610240600777e-02
1.517593167535915936e-02 -1.765327304529974717e-02 -9.589805536604295577e-03
-5.496048619223084519e-02 -3.585043014244454571e-03 -1.256920102541308169e-02
1.434210421642688124e-02 8.683897907275195394e-03 3.091664645064462827e-03
-2.109307735761912356e-02 -1.267132218512958619e-03 3.095573667114421765e-03
6.165263646419711849e-03 -2.195591355738178360e-02 -7.889192421359596252e-03
1.704134369347420561e-02 -2.287897223927697066e-02 -7.931777478712056639e-04
-7.492999111404629632e-03 5.650081521738805311e-03 1.819472702260873515e-02
3.031756402556317741e-03 -1.151264043603083057e-02 1.005617104612425289e-02
5.566696601636857838e-02 -9.211956645877296401e-03 1.840008891550832257e-03
-3.186325550443797755e-02 2.354466455099861813e-02 -1.791719295243817192e-02
3.590689709108358524e-02 1.721099740192310462e-02 9.262864438134272779e-03
-4.593187969985946389e-02 1.151060957699722408e-02 -8.590427437942527167e-04
-2.138164518789075624e-02 2.421305472320989596e-02 1.720649582305989382e-04
2.474045601538808585e-03 1.381303545419291894e-02 1.443798841770494237e-02
-3.555555989302339875e-02 -1.547877656565131883e-02 4.788932094057701816e-03
-3.611672609061494614e-04 -2.725598491902847878e-02 -2.165779769310765754e-03
-4.590485863920324566e-02 2.146231706177769219e-02 -8.540259658473957783e-04
6.498206928036779663e-03 -6.066575631676046805e-03 -1.009215453777973252e-03
6.410841523974661858e-03 -2.293962927757119043e-03 4.649890894769341358e-03
-3.551344729225348190e-02 -2.092246335096167691e-03 2.740283054254986916e-02
1.811264632206897526e-02 -8.753719007970143726e-03 1.769527726239843342e-03
3.931127990067125738e-02 -3.663981874718080789e-02 -1.733496331931706769e-02
-3.053741759226426961e-02 2.222289355107283024e-02 -3.334917558941500031e-04
6.780543424968074606e-03 -2.765409843988106756e-02 1.338543796405420802e-02
4.262896740349685770e-02 1.931912010442083272e-04 -2.619771018153548882e-03
5.494434728728950917e-02 7.393148014374146398e-03 -4.161131659711779333e-03
6.432505016629786777e-03 -1.416534768051711489e-02 -1.555599215319774381e-02
-2.552376566093868607e-02 2.150431969398995061e-03 -3.290199304436162292e-02
1.683006515535883166e-02 7.465143700781967651e-03 1.895319175156629996e-02
-2.987509476342170567e-02 -4.996291640331177765e-03 9.539633811848503408e-04
-8.164520367091220032e-03 -1.735238098007256882e-02 8.005759453329900840e-03
-6.564059001471181376e-02 1.471835074033090427e-04 7.219336157917958900e-03
5.649056792163026537e-03 2.187683793108838193e-05 8.263986460234018505e-03
-1.791406561901579680e-03 -4.379905564244506062e-03 3.186040139146468879e-03
8.372063249678948771e-02 1.207904534648814726e-02 -4.614785089508602507e-03
3.632487882328747086e-02 3.800691130708784646e-03 -7.525844626086268183e-03
3.450424020726128305e-02 1.661585060537596609e-02 8.632276098788667709e-03
-2.930801115830699785e-02 -1.496187301417495862e-02 -7.008564962276097460e-03
4.131755664383661777e-03 -2.155537415204711316e-02 -4.717298368358796568e-03
3.219435255273508153e-03 6.220974147449212337e-03 5.307011387286124544e-03
-5.608611328733990875e-04 -3.260874242060877396e-03 -9.840072874956714774e-03
3.907906440637853862e-02 1.032463051671348581e-02 -6.702195253814516480e-03
2.014082768417422425e-02 6.203403634665911534e-03 1.967893345131044996e-02
3.367369958351071335e-02 1.679843470585562200e-04 4.034200738560195904e-04
-9.106671988372642620e-03 -3.006443819694506331e-02 1.861952554938817866e-02
2.979629925975046945e-02 2.903389169997404318e-02 -3.242208554024940837e-03
2.941316296167684891e-02 1.941453540489800067e-02 3.524341237457475403e-03
1.573386624489859706e-02 -1.062306970297282119e-02 5.223044555241158210e-03
-6.381356258921074172e-03 -2.981466904606247005e-03 -1.250526706398280563e-02
5.634772652317605879e-02 -1.506334612721437448e-02 -1.196581937791025077e-02
-3.210085891224163934e-02 3.125841460263292099e-02 8.555290896133448814e-03
2.445769087671601297e-03 -2.576518605149087301e-02 -2.809735129515085559e-03
-2.683760004425798582e-02 1.146858723847208293e-02 -2.852763715262141703e-02
-3.721075203080358856e-02 2.899919756680389288e-02 3.060108847757717423e-02
5.864567237067397180e-03 2.823567549960400921e-02 5.450044914449449565e-03
3.479088334984844350e-02 3.306804976350580932e-02 -1.418069155030156001e-02
-3.357232652201790762e-02 1.154759515611676959e-02 -1.816234410511483738e-02
-6.022608647063892179e-02 3.044906071924798410e-02 -2.240425646865977852e-02
-3.272812670273095997e-02 1.217744108069609976e-02 -1.411646095469952684e-02
5.409289095523098223e-02 -6.604987723126056962e-03 -9.161800218255406261e-03
7.470630727722738645e-03 -4.017320091231379314e-02 -1.067449736100242567e-02
2.147055292269948318e-02 3.478388949800934743e-02 -7.434817906367544200e-03
4.248253324621494714e-02 -1.240048834542415400e-02 -1.867118178103001347e-02
5.795819332413398688e-03 3.925011319037144744e-03 -1.362349992992386433e-02
-3.295868402357014434e-03 -1.569098000149660166e-02 -5.767992919925656048e-03
-6.942637239221397666e-04 9.067238909074164938e-03 -5.613829930561090508e-04
-1.394371145527093306e-02 -1.949734889274360936e-02 3.339510453868529526e-03
3.617593435242253547e-02 1.564483958752094228e-02 8.244381207810649176e-03
2.035413518002144109e-02 -1.154789110223965621e-03 3.060811548434598170e-03
4.562047274022756893e-02 -1.555303097053724846e-02 -6.318311685527454530e-04
-1.261041499259839271e-02 5.864634505759906691e-03 -1.131800748070788641e-02
-5.143620632165054468e-02 -1.070510176140560248e-03 -1.125925404496816613e-02
3.655684281492202568e-03 1.911251429675103405e-02 2.447791198409393978e-02
4.275207293750753201e-02 -5.064643875219318643e-03 1.800975017019961844e-03
-4.935679294383664428e-02 8.485668271912794394e-03 -4.604169015707855993e-03
-6.248918906473584570e-03 -7.159575459522444889e-03 1.149727771023279638e-02
-1.893665191539225558e-03 -2.181324497499720003e-02 -4.926896751424276154e-03
1.205869102376219346e-02 1.091215331506452217e-02 2.153205303319008154e-02
5.285698432652491396e-02 -8.235656737691573678e-03 -8.883181615804118178e-03
2.851551693387141193e-02 -9.212086175454648612e-03 1.188952459082872129e-02
-2.326603211489319117e-02 -2.469098569532260628e-03 8.751513748721170827e-03
-4.721069655702252871e-02 1.009512798209884384e-02 -2.957179342074089945e-02
4.406386460019080797e-02 2.986957446142242747e-02 -1.159560216631466689e-02
5.051567010012988912e-02 -9.406417716395347808e-03 -5.471069061105663343e-03
-6.280304329151290867e-03 -1.700508697615923243e-02 2.501048411192142995e-02
-2.334712447099970833e-02 9.389633557594291580e-03 -2.171655293089921456e-03
1.363221392972808164e-02 1.076417623134444737e-02 1.978045711252036931e-02
-3.172723588020257696e-02 -3.422395414572277500e-02 -6.083418629550819620e-03
2.924329109022182419e-02 2.664240779627206120e-03 -5.760085757268021585e-03
4.457424941402365892e-02 -3.336864287927174006e-03 -1.563278956993770230e-02
5.099249585325088020e-03 -1.019987648523786082e-03 1.401105046102302937e-02
4.060405297133993369e-02 7.229539451394205972e-03 1.386631314842604219e-02
1.525958441586670010e-02 -8.942278954290967113e-03 2.394324150411959555e-03
6.348619365801795589e-02 4.888435594755615420e-03 -1.502306514591163732e-02
-2.289138252936709708e-02 -3.497321038263169479e-02 -4.189093920522028898e-03
2.751300681201573374e-03 -2.827795285599200847e-02 2.940465665282602625e-03
2.999831666920430365e-02 4.829524015928903131e-03 -3.145531329863826379e-03
-2.996257328008691823e-03 -2.549958890965938266e-02 -4.454618351350804820e-03
-2.105698991811113738e-03 1.151864158232659670e-03 4.173128110732657325e-03
6.695609234165827289e-03 -5.652014056456310456e-03 1.029346645723936901e-02
5.352563451625277219e-02 -2.302753584374685539e-02 -5.762997169146852512e-03
-3.960203898466771455e-02 2.169061869765355824e-02 -1.445915582752417723e-02
-6.249823963944987903e-03 3.691976149198260108e-03 -3.785676981578643425e-03
-1.187677267677119362e-02 -6.726349807340734586e-03 -2.231232369501522095e-02
-1.187900784918310276e-02 2.021242718334506638e-02 -1.723052422735766795e-02
-3.065993913248855202e-02 7.110945396288968247e-03 -2.149761382480320712e-02
1.024168919410463688e-02 -7.762140824137552311e-03 -5.853555797811980412e-03
-3.025755694266106868e-02 1.497475897552522604e-02 1.347086095676056430e-02
-9.775924544318352616e-03 4.307779760766156096e-03 2.554117121330416740e-02
-1.748020801111903680e-02 -1.737767314513708611e-02 1.639206484830554866e-02
6.102876107435665533e-03 1.269460683778378222e-02 -8.934399865576449912e-03
-4.917111380418585226e-02 -1.491874506120296172e-02 -6.995707984756687967e-03
2.474267152135363468e-02 9.896602132598067078e-03 2.901015752234856280e-03
3.902498020747637020e-02 1.483483475390843381e-02 -1.242977231110630604e-02
-4.924103013442269333e-02 7.275814236757610284e-03 -1.205514477762541052e-02
6.086541826723236744e-03 -1.011851923759789738e-02 -5.731822664486748526e-04
2.231380320839495071e-02 6.113400838643310783e-03 1.911323592490624850e-03
-3.976541353192099282e-02 3.002470151629355738e-02 -8.061602392840025444e-03
3.089518991470141876e-02 1.940654951603670202e-03 -2.605268243971004677e-02
6.815728258040924803e-02 -1.989866740241535981e-02 -1.032964723625685866e-02
3.702543618155020727e-02 -1.737883886554886107e-03 1.538361634877364638e-02
6.291605523348263451e-02 2.254926434176692668e-02 2.466239054708600775e-03
1.731596303156340139e-02 1.846260421509184416e-02 3.247600852043126384e-03
-1.591963559231547934e-02 5.726883858814333338e-03 2.724299231475054914e-02
4.212508623980078942e-02 1.316843769519082143e-02 -5.821702563042709458e-03
-4.880686848086171481e-02 2.173486902567546911e-02 -3.503357698757064015e-02
-1.579770770467435123e-02 -2.605796961511172918e-02 -5.546830272396866338e-03
1.007620872791022484e-02 -1.512200517208392436e-03 8.666783640282775536e-03
5.834807595075160169e-02 -1.444165159694606876e-02 -3.549119063466188786e-03
7.409656252591874208e-03 -1.948735969336849380e-02 -2.094101654041920571e-02
-9.242613120455340364e-03 -4.796433145216907196e-03 -2.618154067832225654e-03
4.600325585358204517e-02 -1.814791907834457235e-02 7.516259860924255458e-03
4.301940682487423104e-03 -2.856949487490045500e-02 7.725811400201273126e-03
6.264340561101676592e-03 2.353086548068748091e-02 -5.966834365685283123e-03
-2.178419119549375449e-02 1.570615676786151285e-02 -3.230983200181288678e-02
-1.342189560008291357e-02 -1.670971145717265252e-02 2.615057319137297810e-03
-1.033156315843953080e-02 -4.457891303505530887e-03 1.216013860775927435e-02
3.475635782164773063e-02 1.660309993083555757e-02 -6.304719006333643974e-03
-1.097500509264452868e-02 -5.923934639580069952e-03 4.839722249316077626e-03
-3.449041624080036866e-02 -3.531399840723780520e-02 1.500692737267653697e-02
-5.726790186317586018e-02 -1.574320807468912627e-03 -6.332031349563184940e-03
6.738775553324543102e-03 -2.310341402327109259e-02 -8.901795788288648439e-03
4.628306892745850769e-03 3.032138547437568041e-02 -1.464264414259433024e-02
2.134460551706099038e-02 -1.445201638187340555e-03 1.646891984093859854e-02
-6.257868268678533352e-02 1.911687312848414991e-02 3.306709055730749219e-02
8.390277824234888479e-03 -2.482919181478528700e-04 2.837782996776149532e-03
-2.932028898584391682e-02 5.834040884660274262e-03 -1.025646047701733038e-03
-2.998607450886887904e-02 8.224575917347303616e-03 -8.704582681948571168e-03
-4.543647810199678144e-02 7.833575565659122580e-03 -1.438268063178915583e-02
-9.033979189164442064e-03 1.202100801238452756e-03 3.239835324488751778e-02
2.877724075485837280e-02 3.293191850771440710e-03 -7.245285760368519630e-03
2.444099673590147820e-02 1.975456615124826162e-02 -3.279368358591605147e-03
3.518504187943335970e-02 2.443781386741507647e-02 1.440870241747782457e-04
2.573731162058388172e-02 5.192324818071178405e-03 -3.465979746182738103e-03
-2.299207852193601437e-02 2.174953800572111429e-05 1.443047974786948679e-03
-2.257199104814005403e-02 2.715685620434346234e-02 -6.859945907036807747e-03
2.487219999477824003e-02 1.892065371504030036e-02 -1.844882077610884678e-03
-1.596730890230614597e-02 -3.428431105085155695e-02 7.438256638014574193e-03
-1.123163192550875704e-02 -2.733784949718606402e-02 2.068407723472922601e-03
3.934909747567858634e-02 -3.817110546007366784e-03 1.420646816638308080e-02
-4.756184831071643034e-03 1.633549006774873136e-02 -5.498751415536604764e-03
-3.453422827852950516e-02 -5.143533861162891824e-02 1.406140508797533092e-02
-6.124893750870864144e-04 -1.233222098914888614e-03 1.367530034287640917e-02
-9.977109538271947478e-03 -1.740099961014425489e-02 8.463139724436604186e-03
-2.248588523184179289e-02 -2.150591366757884093e-02 1.423268485730351703e-02
-2.548632686806836037e-02 -1.200544421590102676e-02 4.562070524074025857e-02
1.691103306371608342e-02 1.567905078498065333e-02 -1.565735095433768917e-02
-1.952564273335639922e-02 -1.691259398242979254e-03 1.426674618666295448e-04
2.288755249486291998e-02 -5.154654817433251997e-03 8.687296060558524075e-03
3.379478907225549195e-02 9.573224680804013828e-03 -4.304439207222988950e-03
-3.616446081940498380e-02 -8.644563472854411082e-03 1.007551438082822555e-02
3.105314897291682960e-02 -4.316075905552640632e-03 -2.201967890406805999e-03
-1.754691566351209223e-02 -1.003829001801091227e-02 -3.558563122089939985e-03
-1.910769303747674938e-02 -3.268981004281121955e-02 1.976586065016419647e-02
-6.205692804329182750e-03 1.418600517914150004e-02 1.879946491288931806e-03
-3.814929324435742918e-03 -2.339830654518758324e-02 1.520673136994563600e-02
3.967419885975240895e-02 4.241869819437434075e-02 1.850084592263134039e-03
6.803685100587974870e-03 2.639443359605661912e-02 5.609421914772148507e-03
1.422372922760281599e-02 2.303261616474929982e-02 1.546463820787536206e-02
1.999674019515973108e-02 1.607557762462564002e-02 1.760314593424685062e-02
-1.865581536580408631e-03 3.228952974092145350e-02 -4.951057964477639274e-03
-5.282168762104680337e-02 4.291323574689357399e-03 -1.323562532622749033e-02
3.795988070633192143e-03 2.276822342193391899e-02 -5.993300937784176718e-04
1.267868066193368441e-02 2.751820136136970928e-03 -4.166003992177958436e-03
-4.447971524584998226e-02 2.659548411700094275e-02 -1.517340460828728137e-02
3.247931374936833225e-03 -4.080460922995108458e-03 2.605893743345188626e-02
9.117855866823428371e-03 3.030035421594685094e-04 3.151858655515157349e-03
3.944763070589298037e-02 2.747480573037270474e-03 -2.211845053885195395e-02
1.890110773602448127e-02 2.484280760737488450e-02 -1.203855100644252683e-02
-1.669147287147456499e-02 -3.067374880654263197e-02 -4.351774587827732981e-04
3.842222224578443340e-02 1.745060011843420356e-02 1.021763600349328074e-02
-3.597007235028358563e-02 -6.509633313838631211e-03 -9.910112702929275985e-03
-2.012679618444083302e-02 -1.742092398986693630e-02 2.765757262579529932e-02
-4.136985259285786559e-02 2.354298128717306413e-02 -1.303539583656436809e-02
1.354183275160826191e-02 2.807788294915151972e-02 5.311205627863556551e-03
-8.936788014332501529e-03 -3.491822009006747413e-02 -2.627419291515628239e-03
-4.170959846485389894e-02 9.603469307634665900e-03 1.592436608986296312e-02
-1.654109526236820574e-02 -7.341361116938673395e-03 6.738052650634899707e-03
-2.967516997768018111e-02 2.095865960239656420e-02 -1.699332896453762537e-02
5.324670720553460745e-02 3.883337500663181212e-03 1.053734427727510969e-02
3.533925004311053164e-02 -2.793956249996309288e-02 -6.126764923531589566e-03
1.786477463905462859e-02 4.778361607637581811e-03 8.935244051717172384e-03
-7.985794085642438506e-03 -3.022849001246193795e-02 2.591735112115324795e-03
-1.517650491606619551e-02 -4.876624818521757727e-03 -1.128983394955399532e-02
-7.601012263112420612e-03 -2.879908657144142695e-02 1.670025751754488253e-04
1.598402233584149054e-02 -3.463962197101325829e-02 5.679474913847267067e-04
-6.854678613452263279e-03 -1.244234617394072637e-02 -1.679242730348849574e-05
-3.503806562005799125e-02 2.117443455254590032e-02 -1.787428706188521482e-02
-9.730106265220651515e-03 4.328161968705245867e-03 -6.515448209228020399e-03
7.097124523995974876e-03 -2.286279616212491886e-02 -6.334942614912847511e-04
-2.413262535623278068e-02 -1.764042056333933045e-02 -8.897620494497743282e-03
2.293085389582836392e-02 -1.312275003894948673e-02 -3.158813014731280764e-03
1.013877134106215029e-02 6.041425679407354601e-03 1.910111326829517370e-02
-4.021670853046026978e-02 1.464679914048543086e-02 -2.832967146230378971e-03
-4.105081437350975582e-02 -7.052442435806099454e-03 -1.051743270940934914e-02
-6.769761674130129331e-03 -1.662273658691639650e-02 1.556850019374214286e-02
1.025121286069210873e-02 -2.452103402276897132e-02 -1.382400068978664048e-02
8.361836847129761399e-03 1.716828099073397160e-02 -3.234796972607896417e-03
-4.952983279938060618e-02 -8.281926910314138524e-03 -1.570216981173436221e-02
-4.135898619127568315e-02 2.321835322955403264e-02 3.003054198877312328e-02
-3.919849739923167431e-03 4.132350907618431712e-03 1.208246401330719672e-02
-1.649946119080867440e-02 -2.026704393344823504e-04 -8.679602088683009958e-04
-4.925351784736309996e-02 3.289981327449719578e-02 -1.698867210950703865e-02
2.161733993970128484e-02 -1.876196546287958343e-03 1.349842019250662058e-02
1.007726746709491222e-02 3.379598325499229283e-02 5.999151055798696702e-03
4.628070312179508039e-02 -3.785028440264545375e-04 -1.033962845555761248e-02
4.490260439729976127e-02 -2.600544173271567353e-02 -2.115581057914926039e-02
8.705240054603899033e-03 -2.065075993726940909e-02 -8.342446944259680752e-03
1.973436510226318774e-02 1.514008481378483796e-02 -2.576240428525557093e-03
-3.465634956796929955e-02 7.242978303289423700e-03 1.113681659357895802e-03
-6.996390281713212034e-02 2.419374467290443323e-02 -1.352528862846267416e-02
-1.928168810014998028e-02 -3.313603377992789534e-02 6.763054713872435238e-03
5.599996890777115578e-03 3.821613224186087149e-02 2.792377636112568229e-02
-3.043645918562019187e-02 -1.422591073705512313e-02 1.759954807681345795e-02
4.558641553403280922e-02 1.461105405920865366e-03 -6.569720668947350017e-03
5.469198353504692300e-03 -3.512556374329391107e-02 9.072953119079111943e-05
-7.335496087164536383e-03 2.154846480539959058e-02 -1.247361506676883565e-02
4.014716886490946740e-02 1.537277642415888976e-02 1.796873293593745065e-03
1.584176825559028765e-02 1.182488377381787047e-02 -1.358300720706916848e-02
-4.015730053362987113e-03 6.597217986132228014e-04 9.205925572490069458e-03
-4.778510609791509350e-02 6.103452115435331962e-03 3.663968078042474912e-03
2.632801703560597173e-02 2.950780357391777353e-02 9.742662330574159216e-03
6.874617479487105587e-04 -1.959924926288864055e-02 -5.113612780149266387e-03
-9.851749982992848501e-03 2.952048545760776934e-03 3.315894211405432876e-03
6.345230269396281986e-02 -1.233145927884921576e-02 -3.678156733851725702e-02
-7.157335431346330268e-02 9.002894240569908613e-03 -1.682301492555600408e-02
2.635739224800846478e-02 -4.461341799554720136e-04 1.651786393431957725e-02
-8.875659879589619175e-03 -2.755090828450330875e-02 -4.379746914632742273e-03
1.822736321375250127e-03 -6.155525932035114250e-03 -1.783762953186208500e-04
-1.267387938637443666e-02 -2.402130234247494903e-02 -1.015164338120907832e-02
-1.243635403369446925e-02 1.330330552868754478e-02 -1.559902229391267083e-02
2.254095112317920993e-02 2.369817967487694924e-02 1.026393419119895137e-02
6.340784772421029399e-03 -2.097664366508688455e-02 -4.541107912002140430e-03
2.250396074930748752e-02 1.184242219360610686e-02 4.122813141638591826e-03
3.632847911182164602e-02 -9.066633669163796580e-03 -6.346113601231517277e-03
-7.540332683943691029e-03 -3.507153350891983185e-02 -1.448844123785628579e-03
-1.703399498073553814e-02 -6.714288564970115510e-03 5.539232471702537110e-03
-1.614785181894995425e-02 3.866875541131308252e-03 -7.093286386357007881e-03
5.652186546645995152e-02 -2.262262732700128561e-03 -1.828806570135144485e-02
9.722995097920277691e-03 -2.733740321447524976e-02 -1.259601845606404466e-02
-5.479129474652636583e-02 1.047902906781622914e-02 -1.679598932713642634e-02
2.421567365875074498e-02 4.868653755239877277e-03 9.522376238320822209e-03
-1.209589415360964697e-02 -2.107401932896960095e-02 5.730017233671906053e-03
2.232230237960651162e-02 -2.267964108615809146e-02 -2.094143662817765650e-03
1.474166025058993267e-02 -8.752760471385966773e-03 -2.463327824532719843e-03
-3.482876381396659421e-02 2.136901284393660436e-02 -2.056902082797401957e-02
3.065748211209436483e-02 8.594224652124874200e-03 -5.245913256580962691e-03
3.053963385032880742e-02 -7.946457474872348561e-03 2.428600566304622496e-03
1.272561619435152135e-02 1.894770735638282369e-02 6.884855415076456334e-03
6.094977049666076277e-04 -2.789369165659286165e-02 -4.223001353773208309e-03
-1.033419364504530556e-02 -2.414081633472191235e-02 3.458830525810568240e-03
2.202387231062862948e-03 -1.504216612710483972e-02 -2.439199072784337553e-03
-1.778705226530957750e-02 -7.864065539749437797e-03 1.471201191165741849e-02
-8.890778633226389949e-03 1.695928504024420830e-02 -2.754972415608971520e-02
-4.118629182804117023e-02 3.475082675514282876e-02 9.956862788296629713e-03
-3.885763902932627689e-02 1.115600515798738021e-02 -2.064976102072599295e-02
-1.563709781979558816e-02 -1.911213314273240219e-02 8.951494185730975465e-04
-1.241478200095491764e-02 6.867221158356059778e-03 -8.285974559799244923e-03
5.081809599243641146e-02 -8.756557187492335775e-03 -7.975952208542320260e-03
5.613353258899542826e-04 -2.802277744782223287e-02 -1.126267752695290364e-02
2.284855583748014382e-02 -6.133382951330553987e-03 1.780150862580363175e-02
2.018871694265365890e-02 6.199068158433687463e-03 -3.965291438962157550e-03
3.112252974735576702e-02 2.161305745760278701e-02 -6.517656651210380035e-03
1.624679463162256171e-02 6.129586052078335803e-03 -1.584526757840106588e-03
-4.042107895614253932e-02 1.400783547591366585e-02 -9.498442731881903342e-03
1.451374571804192604e-02 9.024844209187209403e-04 2.398950867528801354e-03
-2.719240273987841988e-02 -8.053449056171845671e-03 -5.815861268142402674e-03
6.153191537544545030e-03 1.738790131492071525e-02 2.352098881059233246e-02
-2.644238815586690342e-02 -1.496746035152746700e-02 8.029552740231274410e-03
-2.486344140981489731e-02 -1.189611846471105849e-02 4.083543947769044044e-03
1.730889301324175719e-02 -6.150496451486389161e-03 -2.081053645921729367e-02
-1.994715016241726917e-03 5.784274045992884687e-03 1.681062009477415561e-02
-3.397681674842600863e-02 8.352751018999807642e-04 -1.840123419780053185e-02
-4.929640992564182644e-02 6.639553907490962879e-03 -1.365408677524277727e-02
-2.988300964432189216e-03 -2.074138196681990509e-02 4.123463254277245915e-03
-8.755390872206220490e-03 -2.410030939370367414e-02 1.220911922668661137e-02
-1.163145955368542241e-02 -2.691084527690902617e-02 7.640676535964516583e-03
1.622321231971249333e-02 -3.758567215899318373e-03 1.885857055005054489e-02
-1.721101113640687019e-02 1.686549298391251672e-02 1.201274934313087406e-02
-6.496523704904461072e-02 2.759410338854377184e-02 -1.193936779389556148e-02
1.192510891848566276e-02 -6.470059152608099128e-03 9.570460241450083920e-04
8.191747596577788129e-03 -1.968046190845880103e-02 -4.500529302690015922e-03
3.064508482646238069e-02 -2.661304689031992226e-05 -2.737161160776647659e-02
-2.947105260314056285e-02 2.913109485246015776e-02 3.241018220635541458e-02
8.105133764496399995e-02 -6.638205444106458526e-03 -5.080110943645307388e-03
2.467120123436681786e-02 1.033722296546531541e-02 1.153668616151913746e-02
2.943154381392398128e-02 -5.023852621722175137e-03 -7.811376696256912451e-03
1.776567355672619341e-03 -1.966938387828393725e-02 -2.425440710990065495e-03
-3.207857389930383885e-02 6.482721056435312469e-03 5.756199062975498118e-03
-2.978389092729357909e-02 1.389929085437524407e-02 5.450766091039212745e-03
2.483745304058116235e-02 2.375082191622457720e-02 2.605389263957248736e-02
-9.453715363614232162e-03 -6.545931979933332888e-03 -8.839972211112269787e-03
-2.185276309950450954e-02 1.031697386254467642e-02 -8.873512229380889783e-04
-1.060753605287773765e-02 -1.913495379940133301e-02 8.038360466302097232e-03
2.365645967611707326e-02 3.365780234220538264e-02 -5.145445958248501608e-03
1.441705336788571580e-02 2.006283657228260034e-02 -8.551798721970718664e-03
-2.399396347866454560e-02 -3.086747308333997325e-02 -9.349375196613010641e-03
-5.243801351060261434e-02 1.583162276220338727e-02 -6.556757265024883846e-03
2.708208432022952972e-02 1.357887441594777221e-02 2.293404920183972004e-02
-3.050282719096181899e-02 -1.917038771413688211e-02 9.406994616352399360e-04
-2.400902242638064399e-02 -2.294221596224381432e-02 -3.923118500400850925e-05
-8.740861700835284714e-03 -2.264243203670842156e-02 4.803653008576017568e-04
-2.507311438977396362e-02 -1.065162830325205433e-03 1.573756001814444888e-02
7.287564429629719669e-03 -1.610545043708959097e-03 4.094970559624859334e-03
-2.000843745631009432e-02 -1.499595453715371444e-02 4.233288427007495316e-03
-6.516646528591288866e-03 2.601968275936857641e-03 -1.742696538710080843e-03
2.450446703007739049e-02 2.138817147106425107e-02 -3.068790827692065553e-03
3.403295747513844852e-03 3.317840372007375277e-02 1.287768551406065238e-03
-5.007507696000874226e-02 -5.238608398507864361e-03 -9.450015510282379697e-03
3.917291279424599260e-02 -1.840085514324202309e-02 -6.103586755350795187e-03
6.153870376632909756e-02 -1.278889914918346880e-02 -1.504003546881410233e-02
-2.436189486035820757e-04 -2.609184444828490518e-02 3.637494260061029366e-03
-1.165420479989984388e-02 -2.433331608322529191e-02 -1.036704838935124939e-02
-6.042063000857956362e-03 -2.650000997552033610e-02 9.882458268917100608e-03
-2.777676178069199073e-02 -8.304056909804154521e-03 1.565200715614470384e-02
2.210288282485888336e-02 -5.930007791875062211e-03 -1.879567995325077609e-02
-3.505656174406854286e-02 1.908393159083722089e-03 -1.018783233348192693e-02
-7.577689577352514838e-04 7.872578194991167178e-03 1.528809159940287300e-02
6.689482232498587290e-03 -2.371417353598809230e-02 -1.295167116927471197e-02
1.740668721613158887e-02 -5.643225924157785865e-03 -7.461437573301927216e-03
-3.661527191552402249e-02 -1.319355974630934689e-03 -1.332298777420989032e-02
1.603968189629306762e-02 -2.080001939101370351e-02 -1.220512266640212153e-02
-1.009919071754327574e-02 -2.169031411414344690e-02 -1.759817627491161354e-03
-4.863981833783365821e-02 -2.883993392965290489e-02 -1.857598551709370785e-02
-2.696849790592302856e-02 -3.129050509025699256e-02 -1.329843423901393498e-02
3.310131084668179596e-03 -2.245772138278280365e-03 1.488459052301376213e-02
-3.333259686461598897e-02 -3.193754950338283799e-03 7.089091552237571266e-03
3.635466471699205088e-02 4.532872934314205286e-03 2.990081297557428943e-05
2.632697153638840701e-02 -7.582285712226562689e-03 -1.812801921732223485e-03
9.454013703084960737e-03 1.826173003553321645e-03 7.788729624488960855e-03
-3.451733307865897243e-02 2.275001905331401272e-02 -2.183374069482468816e-02
-5.239951748049163222e-02 1.191318666143199693e-02 -2.413460809422035905e-02
2.824044833604589383e-02 1.767934139508397715e-02 -8.008495484128517680e-03
-8.530240911233723591e-03 2.578541393823899439e-03 2.063235408440286175e-02
-1.322230994123628836e-02 -1.030787123389365068e-02 1.876002506465214784e-02
1.603330124962237813e-02 1.082798182697874458e-02 2.686550434042520464e-03
-4.092203441514852269e-02 -1.378816039658608585e-02 1.499844045457040913e-02
4.174312613231389441e-02 8.316205743454228860e-03 -4.549005176787440652e-03
-9.886614165483979116e-03 2.199587777920947087e-03 7.904260431647132726e-03
2.293351195844438306e-02 -1.172025433380721217e-02 -4.267194767511284757e-03
2.145910855864088460e-02 -5.917767695149338258e-03 3.490375697900602314e-02
-1.632466848892415168e-02 -1.568329750187500565e-02 2.824942224525223491e-03
1.701733058031896714e-02 -1.389516281354219104e-02 4.671802879682508333e-03
8.196923325305947600e-04 1.039012870185435609e-02 1.844789429546956142e-02
-5.643329103845300815e-02 4.889720897350721684e-02 -1.736052424868413102e-03
1.320220147844598964e-02 -1.664424503813389036e-02 -8.417286219348438236e-03
6.819806109938506521e-03 3.333782200624213488e-02 -6.031197316020384634e-03
-1.222902326863258178e-02 5.982698268797941206e-03 2.696859972431402824e-02
4.912267926154204436e-04 -1.417683021003149010e-02 2.811389857426880787e-02
5.227365449055471069e-02 1.250777256419962659e-02 -3.551352034090955127e-03
-7.930021071561805732e-03 2.407544812150168301e-02 1.349268823604687570e-02
-2.037816533765843957e-02 6.906210801503458738e-04 -3.062082192410911161e-02
-4.600840768500112643e-02 1.956843977535395809e-02 -1.755207311570201878e-02
3.502535407750372032e-02 2.576691870435920614e-02 -4.865400160037441392e-03
-7.918728301014839321e-02 1.933383712341996477e-02 -1.411363487266942968e-02
-1.276834910974466129e-02 6.735017926087304325e-03 9.759982879998897048e-03
-1.434187131163184442e-02 3.277919102848055044e-02 -2.195803089484490642e-03
-1.847188211281270212e-02 2.381871228067770213e-02 2.796255368172896605e-02
1.577540593725243814e-02 -1.995597235655355989e-02 -2.030310171610951592e-03
-3.928749502843989494e-02 -7.125772135638536045e-04 -2.272977910763035458e-02
1.542965411216285464e-02 -3.002397923604860006e-02 -5.262580584102468425e-04
5.515178554745581163e-02 8.545310901855104890e-03 9.447631637725897868e-03
2.262911064662786326e-02 -1.376737606120852046e-02 -8.412788872573488327e-03
-9.199316163264206758e-03 7.828496152325887039e-03 -8.754383042701489176e-03
-4.344579720980431062e-03 -1.565124516898428950e-02 -1.045207656383495207e-02
2.093750729439269181e-02 -3.454822682848666688e-03 8.101129670687233497e-03
-2.188064356207005193e-02 3.451109440444503906e-02 2.438185741103842535e-02
3.596110786065881242e-03 5.298800535317397392e-03 -2.172430143461566085e-02
3.855935544673449317e-02 8.270886747671618924e-03 1.467710682103391846e-02
2.442971087324822405e-02 -1.980932745788772584e-02 -1.452759343908540356e-02
-4.173368003641816926e-02 1.367873018495146392e-02 -3.252177810179164574e-02
3.856557883527791941e-02 -1.040089818364055632e-02 5.489574543107201025e-04
3.346661660563013396e-02 1.981602476545480870e-02 -6.544185354482022834e-03
-8.740385831483648248e-04 -5.082889867017425026e-03 2.563056984389040088e-03
-2.602079109985234312e-02 -3.330505735189961958e-02 -5.529026013208362608e-03
1.648359428569475330e-02 6.490505280718882747e-03 -2.221602635860090748e-03
7.969731139824610955e-03 2.862419299084275476e-02 -5.117422407563364077e-03
-3.779051296498882329e-02 -1.699897280026651386e-02 1.712637831647038575e-02
-1.887667863731040327e-02 -1.581514883188136350e-02 2.717800690117392823e-02
5.934827341534515237e-03 -3.124801153108910587e-02 -5.844102871310605588e-03
-3.705311898573809826e-02 4.304647664665318431e-03 -1.068908603816531855e-02
2.917549787271391318e-02 -2.023016668239387139e-02 -1.354830874346553242e-02
-2.631320235345183459e-02 1.036614653404436225e-02 -1.464317782773948314e-02
-2.939017650590634856e-02 -1.512094767413352074e-02 1.863749557313077896e-03
-4.899452528326922679e-04 -2.148560826874934201e-02 1.553075750135931351e-03
-1.552842580104340370e-02 -2.594466914082463674e-02 2.343232519551143728e-02
1.407099732867481828e-02 1.286056183943179443e-02 1.471897583781094435e-02
-3.009094358054042323e-02 2.884849701810982339e-02 -1.115321157566069935e-02
-3.738131503113456544e-02 1.965591706614199310e-02 4.676320822242202579e-03
-4.324779750591881133e-02 1.715151229151343215e-02 -1.142690121466874778e-02
1.050236783752258804e-02 1.516251762508672406e-02 -5.280696945898336742e-03
-1.608606063569156808e-02 -2.979295506687434578e-02 1.076495799168168330e-02
2.892343339231405117e-02 -1.423136196854104824e-03 2.339961277014311874e-03
2.420629178651952790e-02 -1.205594889532563213e-03 -2.770281543648516615e-02
-6.444496978277060306e-02 2.360656391557055395e-02 -1.100863121119675068e-02
-3.975054348224630468e-02 6.612299665809303825e-03 1.511291368398566017e-02
-2.528000039132060825e-02 -3.244709639236137422e-02 7.556091469455670107e-04
-5.059347707957862102e-03 1.787932342826041923e-02 -5.712666667810480450e-03
-3.875505869621509360e-03 -1.112816123898647050e-02 3.485758301237765460e-03
-1.734577662373262830e-02 2.455230495923345704e-02 -2.420435485901169248e-02
-2.349718036136503804e-02 -9.497104411562195050e-03 1.206762738457798495e-02
5.342934477883239108e-02 2.956882038912624078e-02 -3.074571870076540665e-03
-1.862724535262794134e-02 -3.137692507372809303e-02 6.022225111450706277e-03
-2.256111123168671323e-02 3.621792024923658603e-03 4.775673709610770562e-03
-4.439172551261975214e-03 1.379036784274121274e-03 -4.734424677053491494e-03
-3.545456432210127712e-02 -5.748337087292855301e-03 -1.638576730541920021e-03
-5.270892395525000017e-03 1.340907884526622990e-02 5.026263449444304254e-03
-4.890257626102642585e-02 2.889091214755681175e-02 -1.727254716318227593e-02
3.318237445321452206e-02 1.504056175481963999e-02 1.079835804773502696e-02
-2.858602201965424611e-02 -1.561578611968047516e-02 -6.805192151453287250e-03
2.566636744443939744e-02 5.927467042109155204e-03 -3.468578777994390638e-03
4.748471831135582522e-02 3.226326954326022567e-02 -7.368730689843535145e-03
-1.382567792964084323e-02 -3.020709139185301026e-02 1.976865521025051101e-02
-2.818942165723396440e-03 -1.581341599234159859e-02 5.127695805364244734e-03
-5.627756896686510191e-02 -8.550939396306944315e-03 -1.008927727045707233e-02
2.893076683573632055e-02 -8.093083279836868135e-03 -1.419405600284927814e-02
2.863240682570973583e-02 1.747760929315624046e-02 -8.601005171558481072e-03
-7.040078108658479744e-03 -2.863221517520877363e-02 2.059930312603679831e-04
1.324600600434748532e-02 -9.411277161550261894e-03 3.612990080106865103e-03
1.430652600070346676e-02 -2.460955358595984417e-04 -1.313863936089219690e-02
5.579516793815285716e-03 -1.918630604048499055e-02 -1.117326206190848333e-02
-4.814177654240998395e-03 2.003502297527282386e-02 -8.853377166144850430e-03
-2.122286344205380482e-02 -1.693986488262869128e-02 1.375272316142288863e-03
1.977193309057945908e-02 1.519031942847222372e-02 -4.632526496232117555e-03
2.023234098099488225e-03 -1.029617544811892854e-02 -9.352388562417929610e-03
-5.951929309289369190e-03 1.408761764452536210e-02 2.601439289992360515e-02
-1.111629580827171171e-02 -3.248384803960337186e-02 -5.079464222706226405e-03
2.192790034418671402e-02 1.123593548807310522e-02 2.018252573342738630e-03
1.811980611861480073e-02 -2.582742373198942086e-03 1.073568438317097987e-02
-6.401225464369478257e-02 1.491439053671876798e-02 -6.714008620536035359e-03
-1.978580963754386982e-02 -1.849302717393781076e-02 -2.937968391679399854e-03
-1.816236893440880025e-03 -8.289997182288972449e-03 -1.712178256061291579e-02
2.315038908123821099e-02 -1.793835924349016647e-02 5.687272851837086272e-03
-1.780172375908379429e-02 -1.101052136743338114e-02 9.537245267024348997e-04
-1.250327060182623330e-02 -1.049697577439250365e-02 -6.041031590221974251e-03
-4.125593179284117729e-02 1.036174283877799862e-02 -7.951498714113979308e-03
-1.383663446653681829e-02 -2.476334538903121260e-02 5.407117223596070825e-03
-1.006300587011244377e-02 1.935112236488234711e-03 8.908042971042475291e-03
-2.394806671896464179e-02 -2.792506585325762319e-02 5.049418084053367527e-03
-1.993899908688488969e-03 -9.604589353858054152e-03 1.420615941053161857e-02
3.230274761586751642e-02 2.846645776901460256e-02 9.430115216458168428e-03
-2.715109839191967231e-02 -1.921500325503846043e-02 2.499564107362445969e-02
-1.934823594101601346e-02 3.314463642821328937e-02 -5.366239796983826235e-03
1.796428665529109861e-02 2.677521897729403383e-03 6.681731827440416313e-03
2.621484054338418801e-02 1.774276777356032300e-02 -1.071741825137346484e-02
-2.089887467699375750e-02 1.301411582368607045e-02 6.775645310914749954e-03
-2.614238852183037309e-02 -2.279097749395819425e-02 5.304838136091148855e-03
2.624769995220685263e-03 -1.282416350995439769e-02 1.848805299207752564e-02
8.659220663615679143e-04 6.696754405568304709e-03 3.742524617367937699e-03
-3.683938232742121899e-02 -2.888788233176328279e-03 -9.832241786244184586e-03
2.549049924421677160e-02 -1.666304099608797648e-02 -3.330989564930568816e-03
-9.116883673173472799e-03 2.520855543949596100e-02 -1.080381090890791297e-02
-1.136884607277424339e-02 1.546630498603242905e-03 -8.530898996894393724e-03
-7.405083399185954929e-03 -2.049739604558778808e-02 1.829376079153099618e-02
1.170547362953105845e-02 -3.337732300084643704e-03 -5.592443948121451902e-03
2.541516721750845462e-02 9.138392133888171773e-03 -7.742009620877554447e-03
-2.479018714217791006e-02 -2.146274233688810762e-02 2.022913828873033892e-03
-7.281096909625816432e-03 1.027066574766530467e-03 -9.709670377392416035e-03
-3.077351299026434214e-02 3.407123853039705635e-02 3.587354597291179253e-03
-2.398118554997492879e-02 1.301481881919636227e-03 3.104461952307604935e-03
-2.257906132255333917e-02 1.640103803560176085e-02 2.828844934153323248e-02
-9.741523208837431919e-03 -1.929634317849888980e-02 1.587260090450956507e-02
3.093648115666587303e-02 -1.000069715772423061e-02 -2.623591336534614529e-02
4.447576797555068823e-02 7.426394567331960931e-04 -7.762031042444476718e-03
-3.878031713017626725e-02 -5.298360821728902376e-04 -9.982261065504153402e-03
3.367305996516013929e-03 1.288042982451340773e-02 -1.853672968550857877e-02
-5.313435079443003251e-02 1.779795382873342047e-02 7.631327051537610366e-03
1.854422201499645109e-02 2.982748528471316704e-02 1.011918530173434990e-03
-3.274651792798860539e-02 5.660768530620810361e-03 -2.224912035816686492e-02
-2.136707982349037027e-02 -2.942385532630450301e-02 2.122759070072372488e-03
2.073156829185501815e-02 -1.634990785121042192e-02 -1.148329951689991239e-02
1.769323251441647094e-02 3.078432726169140488e-02 2.894699191225885097e-03
1.512631346513550017e-02 -3.956032297731442750e-03 9.479005983817595082e-04
-2.825605491071247338e-02 -2.235583381987444815e-02 -1.108311744730528306e-02
1.507927507580651867e-02 2.047350412520879126e-02 4.083641084398572166e-03
6.186892404770642784e-02 -2.296112152194695541e-02 -2.527245049408877176e-03
-5.947114844088987468e-02 6.853857676686324688e-03 -1.202543387772260670e-02
5.072690458378315004e-02 -1.063719588169213803e-02 3.288419519383007413e-03
5.597386079992446029e-03 1.508598740520337295e-02 -2.115715852706959513e-03
2.217543185146172643e-02 -2.888101366206528766e-03 -3.734650069680706900e-03
3.208656189453369667e-02 4.609250548774900154e-03 6.242032232983284364e-03
-2.544236973865568810e-02 -6.402255652367219198e-03 6.716310498690882501e-03
2.667492105574878133e-02 2.753351636383591719e-02 -5.171982517255458399e-03
2.744047764985373117e-03 2.413030142320262555e-02 8.877540986293000784e-04
-5.947779240694583969e-02 1.659223295447533747e-02 -3.931132946122618886e-04
1.564970889285524636e-02 1.162263854338095245e-02 9.681609795653656550e-03
3.035418271482073597e-03 4.633992008543869577e-03 1.460980297644686420e-02
1.294670652379158529e-02 2.470247628950481000e-02 4.114004427086516424e-03
2.940983106919897380e-02 -3.981992853968072642e-03 -6.975198371481987694e-03
-4.621763892889379360e-02 -1.078771549975339125e-02 -1.469796861856787797e-02
-2.155938071124877814e-02 -2.667427876234455819e-02 -1.357677252355475594e-02
4.684876850273633764e-02 1.875282577977575860e-02 -2.394512864598286397e-02
2.253275123906722799e-02 -2.202091817105054222e-02 1.183831776786401814e-02
-3.162152482120612201e-02 1.090171364743420732e-02 -1.369424047474163131e-02
-5.918134564742619924e-02 3.883471209477493136e-02 -8.469874862621464343e-03
-1.424872576174993771e-02 -2.047341033289874074e-02 1.015408561212379282e-02
4.751094041647109349e-03 -3.269851241298615124e-02 -1.302519099413954225e-02
-2.309367856577975928e-02 -3.346467033966450677e-02 6.287985988085270130e-03
-7.012252233107539416e-03 -2.358638859800630400e-02 -1.349221774549558273e-02
1.006376802951243141e-02 -2.578563512863423987e-02 -5.964247285101997777e-04
7.607724777105730196e-03 -2.619342521868596712e-03 2.399903039956075013e-03
-3.158391551835711131e-02 -2.322975028155317007e-02 -2.043455179902723545e-02
2.644987359853661485e-02 1.098440577494840323e-02 4.869381812339505441e-03
-4.584306380688517313e-02 -3.781661067794405036e-03 -2.486208753049639827e-02
3.097196334300428983e-02 -4.115177535052622244e-03 4.741162976859528318e-03
3.119793281220127265e-02 -6.284082869497008977e-03 -1.578948448402551358e-02
2.156730309994201247e-02 1.747350708067555922e-02 1.209819324854403792e-02
-1.305270457586568851e-02 4.383680175116702431e-03 1.980241898003991599e-02
1.661756506585917656e-02 5.300453880192419059e-03 7.645960663936649838e-03
1.682505673937023313e-02 2.207903128143915827e-04 1.200903663207546213e-02
3.198856014940786377e-03 1.779687298440069121e-02 -6.961251029590134060e-03
4.009569794999220255e-02 -1.111576962436414996e-02 9.950159236936310502e-04
2.297092609001698260e-02 1.136766041982894583e-02 6.654111780192294330e-04
1.005847430240226423e-02 1.769585301954112707e-03 2.265462825783272002e-02
-5.080199279171276200e-02 2.195306822319179063e-02 1.946475312001968647e-02
-1.079480037324444253e-02 -3.136799923612447472e-02 -7.582744792084493250e-03
-2.989835746272071285e-02 2.134142191188263468e-02 2.206768687593370706e-02
-2.933849463666251059e-02 -1.833479228062590699e-02 1.266058086778775252e-02
2.620625925613994864e-02 1.499965038107521804e-02 -2.352528223283098605e-03
2.828578513088724281e-02 1.485860117150923122e-02 4.022126795928742185e-03
-1.835134888821101165e-02 -2.436025665480864508e-02 -4.677462694085533258e-03
-3.764924782076841531e-02 -7.204169452502036559e-03 -1.372782392401204581e-02
4.590120289537317350e-03 -2.574696391588543812e-02 -8.810349281150287384e-03
-8.106841480757965169e-04 3.021219317179733160e-02 -8.876846412265718828e-03
-9.038933830740811942e-03 2.468707200145217259e-02 3.202900246914970606e-02
2.007032770685716200e-02 -9.900267950830694483e-03 -1.112858595980015415e-02
1.250571491248360888e-02 5.108079482508103529e-03 5.886557453005950187e-03
2.083151838637845726e-02 -9.448349634051344398e-03 1.145524691144580564e-03
-6.156449755788417563e-03 -4.049273134286349857e-02 6.643865658252652573e-03
-1.533749634701684662e-02 1.785323052449367190e-02 -4.877655682975346255e-03
4.073452581515826787e-02 1.132838260476899152e-02 -7.775367803420050149e-03
-4.311230259440973489e-02 3.285495250439291609e-02 -1.100220484943582357e-02
1.172490473188578415e-02 -9.996682441081046477e-03 -1.491242657622249973e-02
2.871524512850619562e-02 1.136949442965941651e-02 -2.446020542221332555e-02
3.877540784158141352e-02 -1.264277433888801472e-03 -1.530032279062232096e-02
2.916330998931710577e-02 1.775998768563270477e-02 1.013400151285535553e-02
1.885706390410714708e-02 1.812915190935638406e-03 1.252800684283660385e-02
-1.995422981141371788e-02 -3.952047239262861805e-02 -8.620607909325268478e-03
3.752110707320869404e-02 2.942273052592762547e-02 -2.268717585465691074e-03
2.667186664230959681e-02 -1.181125634255548486e-02 -7.543515175877054009e-03
-5.632928039720785235e-02 -3.945298830596373658e-03 1.024299456580756926e-02
-3.004846909654721593e-03 -1.823876945700278127e-02 -3.881380453718189568e-03
-3.923351342743411612e-04 -2.968094266064675094e-02 -6.408576625146159694e-03
2.377537840563222898e-02 -9.017238386204795911e-03 -2.115561786188821687e-03
-2.759843219005182757e-02 -1.444088143477514734e-02 -2.051222281524693256e-02
-1.711308842677286557e-02 -2.732516437813726357e-02 4.933569000544963008e-03
-3.303587595015031880e-02 1.913712927901814811e-02 -5.675894493964937434e-03
2.750317955934518735e-02 1.796846458314934475e-02 1.564995631914780153e-02
-1.090662666075525346e-02 -2.087724187120595237e-02 -1.603371403042363726e-03
-3.274908175981822156e-02 1.994155616391803457e-02 -1.394996227708364400e-02
2.103754301354144804e-02 1.391764722953046582e-02 8.813393646092487765e-03
6.461014350865285083e-02 -2.848460528917674990e-03 -4.258251781068727281e-03
4.418667830635387289e-02 7.690463222038853262e-03 1.736685538768784759e-03
8.033695026735776512e-02 -1.263775539224747634e-02 -1.185970426116416884e-02
-4.340505415521300064e-02 1.011283978764593305e-02 2.443692461498568960e-02
-1.937652447889750412e-02 -4.011268229170270039e-02 2.829122507804189644e-03
1.438716129343640439e-02 1.040882028009430978e-02 2.625391614568395662e-02
2.258737517680437651e-02 -1.884709032527354805e-02 3.467946506265652193e-03
5.305206680505382107e-04 -2.973839880798856070e-02 -1.289262755307128694e-02
-3.681830662837272568e-03 -2.568315221619470873e-02 -1.275868015456219084e-02
-3.319982483318666133e-02 -3.889444353446621511e-02 -7.877391508265012190e-04
-7.046322217321951929e-03 -3.352002203772917136e-03 4.743729806326205806e-03
-2.355038964372685277e-03 -6.315118134765152803e-03 1.631450395168075954e-02
-4.865244374970514180e-02 1.480541626724519479e-02 2.109544373871604164e-02
6.899211316790093695e-02 -4.648961163196252584e-03 -1.147220030955323038e-02
-7.208945529320604298e-03 2.976783317978189125e-02 2.911601596810836634e-03
3.089272653675368546e-02 2.185143532970672611e-02 2.955833845886759233e-03
-2.024233753493923788e-02 -1.560752845314020316e-02 -4.246757032204161522e-03
-4.334923798400353023e-02 2.138630701614042257e-02 -7.645217250895460816e-03
2.751853674546211187e-02 2.184788813813878447e-02 -1.089311631648605914e-02
4.249383958990102239e-02 -3.654640119299073456e-03 -4.916307791120214446e-03
4.116992646892000257e-02 -2.529717447586162654e-02 -7.187562365812209288e-03
1.593043315354400816e-02 -3.209971838826707058e-02 1.403374482045073937e-02
-6.255281765821249507e-02 2.582333611217598954e-02 -2.299362574549555435e-02
3.533245922135003214e-02 -2.058829149143132781e-02 -7.246451251801405355e-03
6.702243423372058855e-03 1.215994230019693499e-02 2.049253312165585234e-02
4.586047188807577252e-02 3.099750407751703310e-02 -6.830586697240144563e-03
-7.626137826414106265e-03 1.032235772347774375e-02 1.512320992646093258e-02
1.535084932908703514e-02 3.181885904367480066e-04 -3.602217733621231911e-03
-5.938582874738970729e-02 1.749041015453494524e-02 -2.566991295025050288e-02
-9.306143615112309623e-04 1.659674249150776618e-02 1.283285214270911932e-02
-2.204758678897370330e-02 1.220918009858461967e-02 -3.133590354407464473e-02
-4.564162303461825193e-02 4.811768888196642224e-03 -1.909733858447943550e-02
-5.361395083761937193e-03 1.058309650260887136e-02 1.966328446903905722e-02
-4.953420043560152058e-02 1.832781986282166348e-02 4.682207386629506050e-03
-4.512346916805906605e-02 -1.816351124831886571e-02 -1.291073860903973504e-02
1.656421603126244715e-02 1.878796684276210979e-02 1.731782850365959012e-02
1.557816929108659515e-02 -1.252407176796896220e-02 -4.105207863747977913e-04
3.354312527687282330e-02 2.886523025595819428e-02 1.399856951037667559e-03
-2.717923999218009676e-03 1.079580772782460715e-02 2.001568095105322673e-02
-2.485538697199662223e-02 -2.706713825820705396e-02 -3.729205808655009901e-03
-2.833851819190040186e-02 -3.003083531688026039e-02 -1.780894289315569298e-02
5.126278092227090633e-02 -1.695617074210105379e-02 -5.747887873002413550e-03
-2.641208890414816456e-03 -3.149025527733172874e-02 2.064004177150390376e-02
-1.344643149271036557e-02 -2.616547394745552535e-02 1.885801992142523836e-02
-2.913485867786887520e-02 8.595442916106459802e-03 -2.036065264128982726e-04
-2.730278978142171992e-02 4.359085538002552621e-03 2.374357997021878802e-02
2.467636765637988214e-02 -8.707255534451585968e-03 1.791409424190898870e-03
5.286502003721237075e-02 -4.006175940687047195e-03 -4.131328920761160109e-03
-3.508259896802856659e-02 8.982191227889149004e-03 -5.392543312234328312e-03
5.502787176456145485e-02 4.285839585876905747e-04 -1.846814795059982181e-02
3.036615546713687316e-02 -1.336800234643143077e-02 8.891016709135238227e-03
-3.705660295122621684e-02 1.303740678502005902e-02 1.436681247010517274e-03
2.880051620162089529e-02 1.369377112228797834e-03 -2.324589434732326695e-03
-1.008787788951992677e-02 -2.687647329134883190e-02 -2.188517433691414445e-03
2.078915666421236874e-02 -1.459800294339681434e-02 1.899318602593944721e-02
1.064403904770801733e-02 2.473923331611953616e-02 -7.015367204186353373e-04
-2.210656998539592064e-02 3.540778268769920190e-02 3.114514154521835776e-02
3.757582376374084959e-02 -1.015265238503502976e-02 2.150076546214073001e-03
2.074175315534769470e-02 1.224491781727156739e-02 -1.440697249789498618e-02
-1.976870397247201816e-02 -3.321607537632298435e-02 3.159675926437969552e-03
-1.542326789429083675e-02 -2.008876847907564364e-02 6.359439322953991391e-03
1.986701975893217370e-02 6.902799670925434394e-03 1.119546768374806919e-02
-5.256880748783188118e-02 -5.157971423009449210e-04 2.354691141048141992e-02
-4.857127815845332409e-03 1.193790454315137722e-02 2.175999422209450376e-02
-4.931891311931149713e-02 -3.217386191667198636e-03 1.811572776113306877e-03
3.731195350750005947e-03 -1.466131291070524312e-02 8.931915857820674209e-03
5.919922501463630374e-03 2.640831330869896493e-02 1.199998492610554815e-02
-3.293101129115900277e-02 -3.023606801990865508e-03 5.278448875246500964e-03
-1.372485494870927768e-02 9.421254258003088078e-03 -5.061455578628297480e-03
-2.981289793123018117e-02 3.076858820253743423e-03 -1.818340054920125279e-02
-2.608824712749385419e-02 -5.002119714491159996e-04 -9.632249014040639157e-03
4.707426810295145883e-03 -6.123207424707925381e-03 -8.184218535878408753e-04
3.317929372789886477e-02 -4.914847224981396326e-03 -1.009363801607975758e-02
-1.690723217606021969e-02 -2.022550984662235124e-02 1.885166128144924111e-04
-4.416827726459628123e-02 -2.935387818902457802e-03 1.038044184811581262e-02
-1.765137849137504017e-02 -2.649542800405665574e-02 -7.898973615505310020e-03
-2.033737054087663559e-02 -2.599340531548450031e-02 -1.729574506223335514e-02
-2.366276134660426356e-02 -2.312419969437059034e-02 -3.710570010414364957e-03
-1.981715146908267708e-02 -1.472633994895941427e-02 1.716996129243599997e-02
5.135186177111975003e-02 3.611642935867304116e-02 1.818278368800728406e-02
4.392170841433580553e-02 -2.009099828947225053e-02 -1.350797802757249715e-03
-3.074165959449610269e-02 1.343087849456318927e-02 -2.761565847874202385e-03
1.049994580721398674e-02 -3.700001112294902614e-03 1.067020057823215955e-02
2.030397118775048235e-02 3.533615830053489504e-02 2.039746678179079828e-02
-1.200933671937661450e-02 2.242055803998829755e-02 -9.991203029884562423e-03
1.300029438083381318e-02 3.949620056422585568e-02 -1.980406058770760162e-04
3.591820648374791786e-02 1.019555864501472259e-02 3.057263870987109861e-03
-2.691528595931215462e-02 -1.332792160268343046e-02 -1.083500715894661305e-03
-2.191430057116467919e-02 5.290518618995239744e-03 6.829636085961091584e-03
5.030037125243895513e-02 1.536639649627353187e-02 -2.552894862515556543e-02
-4.799442460985299530e-03 -3.457003260968021657e-02 1.437969414540580214e-02
-1.232928273959684254e-02 2.342997482463727438e-02 -7.919030678614559157e-03
8.119775553399259660e-03 3.049210791810607821e-02 5.693290965557778853e-03
-1.085040594852150139e-02 -2.465586235344008337e-02 2.853029641350033393e-03
2.996719865084719603e-02 -2.271739016737819514e-02 8.906091829517634798e-03
-1.246569157292410149e-02 -2.112772385829336103e-02 -1.107662244778834237e-02
-3.353180959619166124e-02 -1.225299959592698884e-02 1.284777852554240367e-02
3.775947751228633797e-02 1.802643221040824487e-02 -3.256995210517660104e-03
-1.244835418686363916e-02 -3.086544187811382511e-02 -1.443316287621234165e-02
4.125666063077706308e-02 4.428196045632289309e-03 8.727725387353488240e-03
-1.777322701621143752e-02 -5.037117766830547655e-02 -1.588906694920525159e-03
4.297961808387226051e-02 7.144485817692726795e-03 7.352614538527585744e-03
3.873538638039131926e-02 1.406752427781605107e-02 2.107714850919019389e-02
-2.324233759360809157e-02 -3.072858624323920179e-02 1.886438549008793292e-02
-4.123435013524393705e-02 3.735378929826405070e-02 -9.197679006954411277e-03
-1.767169009732486376e-02 1.451275019034444728e-03 -1.328334398478313652e-02
8.325725562978699215e-03 -4.669623979134947950e-02 2.423585517101359797e-03
1.935326110318049547e-02 2.364913827117070058e-02 6.313588581368131773e-04
2.894124151212398161e-03 -3.292552969394241247e-02 -2.034108833948193584e-02
-1.588398894904125003e-02 -1.677784462352548481e-02 8.097896667635752499e-03
-1.440489831287828856e-02 -1.998314389264947265e-03 1.894872983855152269e-04
