-3.128297941771714802e-02 1.133075230462649019e-02 1.078212884111520893e-02
-1.503271043730275251e-02 2.586929046596709442e-02 -2.082226510603646125e-03
-1.308951343951553388e-02 -1.549572777272271648e-02 -1.264234018004452807e-02
-1.479267555584582415e-02 -1.179812185449748488e-02 3.300335729729970188e-03
-2.310341263214102381e-02 -1.633801554639418424e-02 -1.072366996028801221e-02
4.775273112388256705e-03 -3.585020342920062098e-03 2.762850705216813793e-02
-2.176665846746539054e-02 -2.410813821565224377e-02 -1.075364501220253850e-02
2.937744617403444461e-02 2.290004783815454900e-02 -2.003498990977336386e-02
-2.508483001744595334e-02 -1.113829795375815071e-02 2.134576622453702738e-03
-2.316026829319694016e-02 1.001566788279330787e-02 7.686025681747053750e-04
-1.816491604644607932e-02 -1.028335409755582429e-02 -1.709067854570240491e-02
-2.913528711011046865e-02 -7.745166459072952772e-03 1.153581502952368866e-02
-1.297710073503093725e-02 -1.678638559866467775e-02 1.532520620926306441e-02
-1.109813760023098742e-02 -2.008332172503059926e-02 -2.138978655355456247e-03
-2.720940091327477689e-02 3.184914719016111034e-02 -1.159680246959336920e-02
2.249060769658900449e-02 -1.167170169952979134e-02 -1.834995933913836225e-02
2.965850231148653513e-03 -1.311608546471654778e-02 -2.067618993051768134e-02
-8.969173050238473527e-03 -4.812798896404851465e-03 -2.518414156508609267e-02
-3.726083235022417672e-02 1.718478830203796354e-02 -2.973942077377093700e-03
-1.361968766253621003e-02 -2.395099075729423613e-02 -6.811381773445321711e-03
1.537879995762522767e-02 -1.487622294282894830e-02 -1.056119763269830480e-02
-3.252105766989549923e-02 2.231737409955058052e-02 3.259307932395823226e-03
-2.246680283549788715e-02 7.359524042268949726e-03 2.123714682040140148e-02
-2.846059126949931559e-02 -1.088726142710435413e-02 1.362070128557733200e-03
1.153044771521561512e-02 -1.903544110263280455e-04 2.370286791789945682e-02
4.177313055918163709e-02 8.749364019989214203e-03 2.089816897993332714e-02
6.066973569892746693e-02 3.101055157318351879e-02 -6.089166662109908156e-04
-1.621394275301942661e-03 3.361638424429057455e-04 5.458668982363595705e-03
-1.129029599170113841e-02 -1.605100626682432266e-02 1.672403970325568937e-02
-2.020539056273644440e-02 -9.630115163143361523e-03 -4.803400949627932917e-03
3.595912535179996566e-02 8.163294124619472486e-03 3.319582907721494499e-03
6.549920357389284707e-03 -1.811775524490772185e-02 -1.439037740039393089e-02
-1.421300993646654014e-02 -1.023577735346139703e-02 3.947417699018337077e-03
5.409040874406444849e-02 2.329071956225721701e-03 -8.664230211887028951e-03
-2.122274563044836831e-02 -2.370551950450431808e-02 6.087001682514723211e-04
-2.319050687531613517e-02 1.531984062912774766e-02 -6.297051263710251243e-03
-2.495406036273090100e-02 1.065135512805010475e-02 1.377893650400725464e-02
5.875276989024045410e-02 1.519583792888584695e-02 -2.547452038817717493e-02
3.353824194551442012e-02 1.429298189975351796e-02 3.042754830211883126e-03
3.945505084895695701e-03 -2.076399922860039382e-02 -1.465036848962104031e-03
-2.188384725864996744e-02 2.544531251518609635e-02 -1.631034794989887071e-02
1.266019757039164861e-02 5.617633731149022751e-03 -1.959403713567672844e-02
1.140641754494952503e-02 2.912473005746759030e-03 2.776145236732124183e-02
2.820812300675518136e-02 -1.069671565200693876e-02 -9.917921985434133281e-03
-2.091007563286985393e-03 -1.573511322083935224e-02 -3.636112909955930856e-03
-1.380611897114627194e-02 -7.388115572940960087e-03 5.889239020029141862e-04
-9.633206762169953946e-03 -6.337290941681027190e-03 1.536228690521988923e-03
-7.620296934249127206e-03 -1.272268678286800174e-02 8.414693549572554998e-03
2.869198220429834689e-02 -6.523608686903675617e-03 6.782145744086653244e-03
-3.019340575162623302e-02 2.970956941815641045e-02 -2.725530010648596901e-02
1.083901181032283743e-02 9.913447358178963196e-04 -2.448861669686124357e-02
2.931322217327980359e-02 1.505069161570893668e-02 -7.727555134996084291e-03
-7.002036876957983338e-03 4.412645768490982418e-04 2.374115427244249260e-02
4.141345374615264252e-02 5.897737338379465191e-03 3.850578534216349443e-03
6.098891960067080037e-04 6.918113901020083887e-04 -2.081964302320823620e-02
1.086800877289712322e-02 1.113008958839151359e-02 3.743925837590433847e-02
-2.103347203029392112e-03 -2.024310093151281478e-02 -2.319122044950576791e-02
1.633094781685370117e-02 -2.379696777225534174e-02 -1.968543609551690488e-03
8.665073077622594683e-03 7.754848021381078281e-03 2.612943164029930820e-02
2.657270291207665044e-02 3.994029738259951071e-03 2.805203530411149587e-02
-2.737883578321984469e-03 -2.852269686518215178e-02 -1.181234112670140335e-02
-1.734647910141772290e-02 -2.730026066125134428e-03 1.930875914191487047e-02
2.705904974468100951e-02 -1.625387743039629490e-02 2.263315461135668658e-02
-7.070059699096241032e-03 1.340358380200617865e-02 -3.482134310343803357e-02
-5.465585986724716926e-03 -4.314010489007551533e-03 3.417578000610810296e-02
4.817892014526038019e-02 2.468215861839241632e-03 7.977315294152296718e-03
-3.471644451543389603e-02 1.875828478164547064e-02 -8.913165979611946052e-03
-1.980045472908865262e-02 -1.736388812829326236e-02 -6.979949153098202567e-03
-2.180767436962962116e-02 4.891697850897079765e-03 1.370915163261694075e-02
4.647357857658173177e-03 -6.839231331929134655e-03 -2.738948944383347989e-02
-1.947656547025287260e-02 -6.160551925075419266e-04 1.048907901489448680e-02
1.464802918760193910e-02 2.055313952913768744e-03 -1.870752782757974589e-02
-1.830822115780503245e-02 -9.437429114638955230e-03 1.015751612539938370e-02
2.227372293242330450e-02 1.790529346793505450e-02 -2.494818488196360803e-02
6.211984015921194306e-03 -1.071047098517407224e-02 -1.017962208407336387e-02
4.742420201869969321e-03 -1.054562724377593706e-02 -3.228180691968294408e-02
-7.590679168741165488e-03 -1.359876675229665724e-02 -2.178290338603205631e-02
-1.195729314596222746e-03 -1.682136003672309379e-02 1.416819412804062699e-02
-1.917866996015905878e-02 2.992358881711989702e-02 -1.023453378253862296e-02
-1.621083401291755193e-03 -4.986626715041436730e-03 1.968076774967464013e-02
-4.464384315977044070e-03 -1.757391005243301788e-02 -1.517466731556146343e-02
-1.490206479485245081e-02 -1.921078449593475665e-02 -2.350851889647708609e-02
-4.378941854309159783e-03 -2.453234588762217248e-03 1.899283982405123791e-02
-1.526833493124722663e-02 1.953849588632368059e-02 2.822900154983164905e-02
-1.443497489119845612e-04 -1.375533088302944781e-02 1.047880245171330452e-02
-3.064919085836793552e-02 2.057179393148658286e-03 3.322777707627659876e-03
1.793555626404055858e-02 2.997304032116087855e-02 4.931036733088102128e-03
1.493953300116099107e-02 9.561984988882131498e-03 1.332283457477840410e-03
9.377941927896574562e-03 -1.943372647258231889e-02 -1.216256388552105876e-02
2.488816642614165645e-02 1.779856443457681139e-02 6.735237556473369809e-03
-1.960835643092312050e-02 1.536373241280999686e-03 1.704073641541574424e-02
-6.573641973299620446e-03 -1.259088771109631057e-02 -2.298915847030605364e-02
-2.659569235064604756e-02 -4.460285959614929650e-03 2.210901260762836856e-02
-2.440786842074086846e-02 -9.608756139317201420e-03 1.922056248408328524e-03
-1.294212410661061026e-02 -9.074688594071607037e-03 -1.573671289724412874e-03
-1.841032594516676946e-02 2.591443691756180681e-03 1.470471476095576956e-02
2.224710399185427998e-02 6.137203089058034314e-03 1.045774206581173878e-02
-3.588852102183138354e-02 -1.541284017286660701e-02 9.453841570352420828e-03
-9.564617138632477977e-03 -2.145898234862376325e-03 -3.201839583095686479e-03
3.924190498472591472e-03 -1.693168038217066768e-02 -3.475921593789594623e-03
-8.565947092454692310e-03 -5.511208419266443691e-03 3.438309611485520167e-04
1.191535252815601603e-02 -1.217774722945115344e-02 -1.242183822115496515e-02
1.563001018173686488e-02 1.956660288342273492e-03 -1.129808061623950588e-02
3.115562391028625297e-02 -4.342913023112443711e-03 8.046714658152246194e-03
8.672110664277985284e-03 -1.982701697027878726e-02 -1.261163129835354661e-02
-4.333813742257690976e-02 -3.149677931446615616e-03 2.317210247503204232e-03
5.069108815586377548e-02 6.232818693497982343e-03 3.875368184133676182e-06
-1.190038518224233698e-02 -1.687544089498970931e-02 -2.719550737608478035e-03
4.484838300198304428e-02 1.871870314790335943e-02 -2.420919954216416061e-03
-2.547305124318723427e-02 -1.138704819380589352e-03 2.194375697058743770e-03
1.390660720006147745e-02 1.485328777614803794e-02 5.621717482991340532e-03
7.803798289420123095e-03 -2.272553065835456257e-02 -3.897143121773932999e-03
1.408455157143758806e-03 -1.265699645663725947e-02 -2.015197754261882288e-02
-1.087924416328317836e-02 -1.736069112343462811e-02 1.572215497671854536e-03
-1.793740125103634661e-02 2.423259155143740046e-02 -8.089773578140342647e-03
-1.136756556383762030e-02 2.230128880845355915e-03 2.788269673273166289e-03
-2.338851432001277496e-03 -1.471864625237184927e-02 -2.079039319444243861e-02
3.194820591898600570e-02 1.291848535832904737e-02 7.187181685165673281e-03
-1.752382409175995762e-02 2.025670992974334256e-02 1.539063594272897448e-02
-2.925601236443365130e-02 3.142858015062000021e-02 -7.790369020372289906e-03
-1.484487405538070098e-02 -2.198585441936485446e-02 -1.961887453762176537e-03
3.044429733138144176e-02 1.318780345725423849e-03 2.126795807264451887e-02
8.124253979422572242e-03 -3.170139898543080509e-02 -1.293463668448633155e-02
6.180266222611458145e-03 -2.091101713687772493e-02 -8.463634684271163430e-03
-5.718233605839873578e-03 7.754714200044161149e-03 1.426381960619446491e-02
-4.963430031668471243e-02 3.458635245331762031e-02 -1.262893728058359435e-02
-1.083139654607889052e-02 3.127310525830472726e-02 -1.290870052662723699e-02
1.196044309532520028e-02 -2.312005921903879848e-03 3.248005986065104211e-02
1.862509774338617224e-02 9.762207503845689305e-03 3.064252175051072891e-02
2.922160477482705493e-02 6.372509430897714371e-03 7.394797723797134903e-03
-7.283586702868274747e-03 -2.304653125088421822e-02 -1.255729915770840976e-02
-8.430009305671331155e-04 -1.436155471990820803e-02 -1.634607388731300348e-02
-1.250196014594537157e-02 -4.917349471068773077e-03 9.160526132183452117e-03
2.055297847862663091e-02 2.532652328929431429e-02 -1.500688733023601215e-02
1.803887717803345433e-02 2.241357224866207323e-02 -9.728457573912231357e-03
-2.561371786403857445e-02 1.044027857653285346e-02 7.317042144577116936e-03
1.462044309948370806e-03 -8.950850584569540122e-03 -2.404438096550635257e-02
6.725021505310822129e-03 -5.467343426505308877e-03 -1.313305564799373097e-02
-3.155234814891221679e-02 3.414497566471555272e-03 1.049668160973833697e-02
-3.106239298980534996e-03 -6.576374421214585195e-03 -4.061506383193378387e-03
-2.134187699668983404e-02 9.442820960629273383e-03 -9.414373981497073038e-03
-1.140817660325564413e-02 -1.057171115951393431e-02 -7.902111475194940546e-03
-1.534654110795123996e-02 -7.387952008242706578e-03 2.023570709697659550e-02
9.609611369003954670e-03 2.776541752484808917e-02 -6.064738277672803579e-05
-8.782893788828908394e-03 -1.327910449180803344e-02 1.335719724661338229e-04
2.077997060868171791e-02 3.965133885051256267e-03 1.528077560407578583e-02
-1.261544137750661258e-02 1.215704517135211826e-02 2.352369910552133681e-03
2.486236525911316407e-04 -2.355715841839282291e-03 -3.058281468915205123e-02
7.112096293356557838e-03 -2.947170409713635933e-02 -7.642956589068960506e-03
-1.146143314619218166e-02 -1.804692129317557805e-02 1.729852298876768859e-03
5.280377313954525732e-03 -1.073122838705908508e-02 -1.708388278720301967e-02
3.147185562977258388e-03 -5.715697645378536688e-04 -1.897776984073015066e-02
7.387750495739077439e-02 2.839971454714969659e-02 -7.237018298891491862e-03
3.752811084016700188e-02 -5.155407497046988509e-03 2.121018465033415804e-02
-4.215176393835133595e-02 -4.019632716337031338e-04 2.249280558261916498e-03
4.216409061428351944e-03 -2.787613922545496793e-04 2.061693331149071565e-02
-9.971124205616558114e-03 -2.149263924431090225e-02 -4.360646942419004954e-03
3.246390824537567776e-02 -3.228928902349373006e-03 2.493062837093443576e-02
7.157482845215790319e-03 7.916591385020977506e-03 -1.952481029797693141e-02
-3.110226251215049767e-02 -9.421778640540178634e-03 7.812706410392318210e-03
-1.333828175223082495e-02 1.737883424163177634e-02 -1.013886573568393602e-02
-1.737358721875689738e-02 1.652468340297187643e-02 3.765800762983340794e-02
2.616582261638107122e-03 5.437469633157862407e-03 7.364174770246438052e-03
-1.368566257607923067e-02 -2.532291882205529865e-02 -1.690558625311769717e-02
-2.310566272879250455e-03 -1.672857501118351839e-02 -7.358942515290842375e-03
1.037646548384530548e-02 -9.480070674152305324e-03 -4.795136444172395235e-03
1.381813954882543877e-03 5.334653141100248854e-04 -2.313045685478963900e-02
-1.106750330733380881e-02 -2.722102257884833135e-02 -3.343197430703092558e-03
-1.378767794582350971e-02 -2.057738976460393374e-02 -4.135515676707061244e-03
1.908636449829592338e-02 -9.629009481586341124e-03 1.219200451915425712e-02
4.880350647135350828e-03 -1.735720491859182868e-02 -1.898956449707862870e-02
3.128412682554158886e-02 2.234985348454575187e-03 1.421850544044776787e-02
-3.603648368939074264e-03 -1.744636219955202766e-02 -3.059991279448870047e-03
-8.019328718378057608e-03 1.706925178873833042e-03 -1.659858376525199727e-02
-1.770683100379810693e-02 -1.492159399907557957e-02 -6.645034805489783564e-03
-8.495549682104697187e-03 1.936615628931287816e-02 -1.074013651612801615e-02
3.957856323832816686e-02 1.550169272484505818e-02 -8.785711354619443053e-03
-9.189730042497800538e-03 -9.983486514821011959e-03 1.235892367095529562e-02
-7.692998385966738975e-03 1.872145949126045178e-02 2.544851014962647498e-02
-1.316882851709265043e-02 -8.334423585074518873e-03 -3.622520767619956047e-03
4.158593980328337270e-02 2.072882059504372199e-03 1.868085803671746051e-02
-8.012954120998878535e-03 -6.744145278228437686e-03 -2.819174572647490523e-02
1.233514940008043200e-03 -3.689766451259823919e-03 1.118549974968391196e-02
-7.811049776443774323e-03 2.440101025828169887e-02 -9.693760436462897992e-03
-1.097619368057164459e-02 -1.885467214435396568e-02 -8.562556204345542904e-03
-3.115411540283946276e-02 1.148492198733331270e-02 2.021168185758282290e-03
2.038483595135657991e-03 1.698491611664624873e-03 -2.377846099141692551e-02
3.691792372558804630e-02 1.192511349935157505e-02 -4.236143421171845169e-04
-1.834453794684033287e-02 1.528077863006446595e-02 3.691378339557712523e-02
-1.505860325065125176e-02 -2.824089266448315261e-02 -2.184860804192761963e-02
-1.272595544993543153e-02 -1.547027102385353098e-02 -1.149477726510955656e-03
4.501848655397060542e-03 -2.730783154607958896e-02 -4.595178353412430507e-03
3.217808956707679524e-02 -8.188705896110183569e-03 -1.076116305985015502e-02
-1.970882846314424633e-02 -1.650743174900655766e-02 4.617185562587732689e-03
-6.485007077017245110e-03 -8.733654010458875502e-03 -1.876406583030362091e-02
9.767559937054460378e-03 3.503351610232561565e-03 -1.101649631966509189e-02
-1.683572392980945201e-02 3.422145987583789101e-02 -2.272595923706764373e-02
-3.105403886178521519e-02 6.355216036964129143e-03 2.489940394863454989e-02
-1.927428643617034448e-02 -8.181159771588222482e-03 1.034804697997111084e-02
2.103165585889702621e-02 -7.731812102454742840e-03 1.472954284359621543e-02
1.349109726709488144e-02 -1.939040497186544703e-03 -2.061156919151191022e-02
2.861955340815683629e-03 -2.640922919437527910e-02 -7.257225660734445416e-03
1.199483586272431616e-02 -6.619392378709205039e-04 2.348237140394637129e-02
-3.131558284022178257e-02 -3.182971433082752537e-03 4.060356110086589358e-03
-3.231703892598924988e-02 -2.972270799626260552e-03 9.340392074863120356e-03
-2.124574615577409092e-03 -2.291350981778837725e-02 -1.235858917887913081e-04
-2.205047490497257304e-02 6.880055397907820780e-03 1.765660639147334510e-02
-3.754172233208079214e-03 -2.908438658356429438e-02 -3.830744018276366607e-03
-1.414811967495127609e-02 1.443673565625570865e-02 1.152641633322410049e-02
-1.277756365655694816e-02 2.243953253948464954e-02 -3.405456816038273261e-03
-2.342826322475035847e-02 9.354261402291525612e-03 1.861225558019379347e-02
-2.212577981941178662e-02 -5.918054991987137681e-04 1.103916258204799307e-02
1.095842792898915619e-02 -2.354540378168720749e-03 -3.328213710246834961e-02
-1.063452648222459884e-02 -4.149519233423359585e-03 1.129332407105262427e-02
-1.299391972824534905e-02 1.104299672246775339e-02 -4.394873067753038518e-04
-9.764293843611925386e-03 -6.563955958499650099e-03 -9.973723011398125810e-03
-2.286970855803044725e-02 2.195299719421809487e-02 -3.872696924012125619e-02
1.521649236806864661e-02 2.869209623814965304e-02 -3.831204208393002020e-02
-2.006062523068580239e-02 3.444400753411667321e-02 1.060924226400876413e-02
8.760554059389552561e-03 8.871467288598139378e-03 8.121209316066985845e-03
4.801272062498508630e-02 6.525431553198999569e-03 9.367340343572388896e-04
3.263087750943213794e-02 3.910709952785204092e-03 1.154908508024465354e-02
3.531701417414299352e-04 -1.901759393385519734e-02 1.753568947905401187e-02
9.605529417668656408e-03 -1.467436390534803195e-02 2.872164714523663294e-03
-1.562030626602132219e-03 -3.237424824374981330e-02 -9.523457165948647765e-04
-7.198186687667656840e-03 1.725350147415403296e-02 8.521654588405825834e-03
-4.527086586015753762e-03 -1.645490115485443924e-02 2.963553731372221747e-03
3.785513447653516411e-02 1.034810001086742398e-02 -4.872874393634529940e-04
-1.698288953832244362e-03 -1.943268056779067290e-02 6.811155969019357971e-03
1.381102139882552744e-03 -1.662933778505352317e-02 -8.859360109545187309e-03
-3.789796943490848086e-02 7.888066899446096597e-03 2.320400652606178973e-03
1.902299497042096027e-02 -1.199374810728592519e-02 1.416316793718561985e-02
2.827908712512045356e-02 -1.633714707057614150e-04 3.655621417351752507e-03
6.260089033327153468e-03 -8.613811235263545488e-03 1.738333483457794176e-02
4.966026580482379993e-02 1.408892349895750871e-02 1.103202958641877514e-02
2.498228702025089357e-02 1.573249932834360279e-02 -1.354266628882201326e-02
-1.930812449525809438e-02 2.005116636826798429e-02 7.871552399620356313e-03
-1.236580205110584911e-02 2.443812888726971250e-02 2.244221904787857200e-02
-1.009729986820860625e-02 1.298533769311126240e-02 7.686231824698349507e-03
2.261011922916967426e-02 -2.263737433827380744e-03 1.577267347938908840e-02
2.205714430966617540e-02 3.085840310387117508e-02 2.411218968986327069e-03
9.222608008935286733e-03 -1.802612321706373311e-02 2.175025222481319007e-02
-3.455251446516058311e-02 1.785641683005156216e-02 2.707541734757700370e-03
2.391355208330395166e-02 1.191092223546606245e-02 6.341671302967282452e-03
1.906419616659332100e-02 3.530448068774846848e-02 -8.162355888919347463e-03
2.937293336079997014e-02 -6.542271109666562834e-03 -1.875299513735928167e-02
-1.462965300532826501e-02 2.379761878100490613e-02 -2.589243115950430260e-02
4.120190711873857048e-02 1.414778642202640761e-02 -9.573812243526947860e-03
-2.816598911989780588e-03 2.897076974688860170e-03 -2.485833539384208965e-02
-1.545964970892272326e-02 -2.194064305928317485e-02 -1.186060134564028042e-02
-1.934352700591713626e-03 -1.482010354593090405e-02 -2.839652837780732436e-02
3.763203599077181299e-02 1.917152365529115748e-02 6.525696159358331319e-03
3.970170652444488489e-03 -1.188370343864135850e-04 2.560879689958756381e-02
-2.345965762951632977e-02 5.421898998974188609e-03 1.384793961564312684e-02
-4.190103886095594699e-02 8.540371323556750563e-03 -3.969901502887554045e-04
5.526528418189820269e-02 2.406943568119458308e-04 -1.366739597190657143e-02
-1.401839781681023592e-02 -1.949941269701551197e-02 5.049027899469813938e-03
4.581557441224728272e-02 4.142827414809433298e-03 4.924438124358509333e-03
4.620911685874036501e-02 -5.231276778540083078e-03 1.001305669406750594e-02
-9.386117926341829010e-03 1.298297993467950780e-02 3.517368281671948149e-02
-1.020722724535487631e-02 -1.036369962812497790e-02 -2.704704957204199026e-02
-2.768659506698408629e-03 2.204329534345328065e-02 -6.268371229554895938e-03
-1.131836076649720205e-02 -1.061338124961155351e-02 1.043741352108825370e-02
-1.963615761576628996e-02 8.609553767492787030e-03 4.151251247844359518e-03
1.031044080729975887e-02 -6.741365219123809406e-03 3.917183501294193432e-02
-1.905972385026994537e-02 2.586754551896584126e-02 5.011358911792788452e-03
2.824894118460133038e-02 -6.277523167208736571e-03 2.434777498645199559e-02
8.255684563870423556e-03 -2.933628295375421274e-02 -8.439451852073103638e-03
1.280832988035267642e-02 -1.068609401107393705e-02 -1.163818847841172760e-02
1.595043111247089820e-02 -1.448225648317234653e-02 -2.458867237463206040e-02
1.876170461839561307e-02 3.229404470751696954e-02 1.256036389690014764e-02
-6.150329038490942590e-03 2.434189246856230946e-04 2.782125592612266773e-02
-8.674316597707594848e-03 4.465220189198914995e-03 1.984663105174200304e-02
-3.044739872605924449e-02 -8.533246673431684956e-03 1.762550415506637658e-02
-3.280713023291024349e-02 1.537036329038586786e-02 5.408382281878650402e-03
-2.380647251250210192e-02 -1.376740848450048842e-02 -1.886022326027432874e-02
-2.266893078119397789e-02 -8.959271049025852376e-03 4.577860281244604430e-03
-2.743677280467911404e-03 -1.176403024436100189e-03 -8.519972830446137860e-03
2.612549672051287658e-02 3.242676871425846739e-03 2.896014880851525281e-02
-2.112995141215629966e-02 1.608502187750251305e-02 4.780878225370008912e-04
-1.075794332252817675e-02 -2.390386139507305607e-02 6.924939679899980681e-03
-7.130486712272911774e-04 -2.520505458369999216e-02 6.023217241315200442e-03
6.696088713170802141e-03 -9.821219311190362497e-03 -1.783048671829821560e-02
-1.003670572887799955e-02 -5.648215596867928179e-03 7.741188324670826224e-03
-1.138194061881581988e-02 1.687188823846843405e-02 5.512312241602240065e-03
3.018978271840567010e-02 8.668628134525098797e-03 2.117132804001321117e-02
2.293321303406850586e-02 1.150305479386089756e-02 -8.088205506486804974e-03
9.987816646702611656e-03 -1.296214890128740901e-02 -2.271734234873234656e-02
-2.541026441004369182e-02 3.230501706411716134e-02 -1.548221737377739396e-02
-4.409402616303796500e-04 -3.040422562903825551e-02 -3.142770232326069432e-03
1.359242135710222446e-04 -2.462267043289210339e-02 -9.224843864492512230e-03
9.522730060021369902e-03 -3.076223059476419081e-02 -4.759802907419430872e-03
2.660831748347712231e-02 -1.137538842696862208e-02 1.598322352189279066e-02
1.099323046713578805e-02 -1.556493920567840819e-02 -2.128859774300359206e-02
1.578936045427056789e-02 -4.282092322927920011e-03 -1.254454944224913694e-02
-3.740621986779167456e-03 -7.345581316654454726e-03 -2.625249744335775640e-02
-1.137883755541314705e-02 -2.320703615715044230e-02 -5.962748856226680189e-03
1.560668520317171244e-02 1.680580593336931114e-03 2.092432888184888110e-02
-1.298310635195254123e-02 -6.448370044268771951e-03 2.236495827269775402e-02
-1.472041237005461585e-02 1.913029657793090949e-02 -2.338079012428157660e-02
1.506503014883154613e-02 -7.223973160703030597e-03 -1.543287770529681684e-02
-9.196128015285597035e-03 -1.049327564288815573e-02 2.425094591266423183e-02
-1.261316409509860917e-02 -1.050765920496809017e-02 7.867534375943553010e-03
2.406756675408446044e-04 3.270880229189147143e-04 -3.267901752193590886e-02
1.074121003530594150e-02 -2.442346446170430216e-02 -2.178354716716248904e-02
6.045233489732180360e-02 2.095157488806936169e-02 -2.367689576707221553e-03
-1.111581520129508588e-02 -2.785004465321091766e-03 8.505485875309033716e-03
-2.553826008515422061e-02 3.097166639479632250e-02 1.294584177489129656e-02
8.780347858899244240e-03 2.567540958755444927e-03 -1.845882538077591242e-02
3.468361571685282113e-02 1.356716276970256277e-02 6.368456229915127505e-03
1.780358937977324571e-02 -1.600197231044395152e-02 -1.422613111793730699e-02
-1.295380898713552158e-02 1.441383932531911487e-02 -1.599397124396243972e-02
1.166713189576075622e-02 -5.468777793484422452e-03 -3.612347901263959771e-02
-3.551896502978414000e-02 1.080086791056138543e-02 1.368400585920391717e-02
2.670126303910224340e-03 -1.548040918442136933e-02 -2.079116183760367290e-02
5.504673944845489032e-03 -1.841364774716228864e-02 -2.580348623956321349e-02
-1.474094185359124155e-02 -1.576268524400332993e-02 -1.643432560690527566e-02
-2.384611009337855858e-02 9.041559588754763052e-03 -1.149600956557954995e-02
-1.120423813519920604e-02 -2.058770791353248600e-02 5.881019346566190159e-03
9.763038860534676427e-03 -3.039497886893490885e-03 2.192572489555725049e-02
4.759821358901013960e-02 -1.423882814137917901e-03 4.902626168466351318e-03
6.491741286063269778e-02 1.962260718280150334e-02 -2.231021396516165434e-02
-2.150190222439491100e-04 -7.862246277822025620e-03 9.632538861794107815e-03
-1.796736670172502728e-02 -1.773865707145127688e-02 2.085925739866295592e-02
-2.166006983590557794e-02 -1.195935894477519884e-02 1.278359369064255811e-02
-6.196881027671052519e-03 8.753989558459324138e-03 3.072288587294658840e-02
-6.536738660953790234e-03 -1.951133225984416283e-02 9.709701370303252740e-03
-1.544369649989754852e-02 -1.195069464325877739e-02 3.816651285526935326e-03
6.690007359131745768e-02 2.933258555386400110e-02 -4.483884285134467733e-03
-3.831642833290472422e-02 -1.068741571375988672e-02 -2.248243168329947233e-03
4.030274280778922691e-02 2.276541477407537529e-03 -5.375783498642189469e-03
1.790922727111656648e-02 2.466233199985763333e-02 -1.468051028012173562e-02
7.736928928550394248e-03 -1.163259717202406486e-02 1.435344541816672807e-02
-2.997970481099089535e-02 1.162416151455682297e-03 6.785719125819373969e-03
-6.970899775805766002e-03 -1.379674502801917640e-02 -1.137096248457680758e-02
1.592821602840207434e-02 -9.244743729297403428e-03 -1.648398217273463681e-02
1.655552599011940809e-02 1.844589205160999945e-03 -1.567191713093071120e-02
-1.107509333122970625e-02 -4.247137506671739074e-03 3.090507717309778999e-03
-1.443654740179585796e-02 -1.605720821136270154e-02 -9.963922237818967700e-03
8.966932052695874081e-03 3.389048858910604506e-02 -1.222864535204651326e-02
-3.396069219666638522e-02 -8.303731917194457929e-04 2.388324437497555200e-02
-3.183989369968898836e-02 -7.689033122668673462e-03 7.095501939172855523e-03
-2.189382896202998752e-02 1.253652882210273822e-02 2.026824989827960902e-02
-2.739174859525473141e-02 -5.931547567911147484e-03 9.902590949143393398e-03
3.818886234879267146e-03 -1.927939617583232859e-02 8.060875943225605592e-03
-8.050090093946728198e-03 -9.426061693397632182e-03 2.759538759685630557e-03
-2.016374500281840204e-02 -1.951924300749293545e-02 -3.867988150368317454e-04
4.891624337679703616e-02 7.157707963637148507e-03 -7.822111058138413869e-03
-1.151821049580627893e-02 -1.213971670906529611e-02 -5.861203340628632664e-03
-1.938783273111516908e-02 -1.228579494447373105e-02 -4.461607072787012775e-03
2.181372766729573059e-03 -1.883204217687289156e-02 -9.227583158800638360e-04
-2.263893921389567836e-03 1.147167860078544301e-02 8.658565427186142374e-03
1.354979542683681405e-02 -7.641930273809350097e-03 -2.965437349675708462e-02
-1.887410617739445143e-02 2.514738716538705496e-02 2.372030934414797072e-03
3.734924967662326539e-02 1.032105615588996793e-02 -6.197654070224485438e-03
-2.332222311578475288e-02 1.159770883866839686e-02 -1.258835494743761052e-02
2.139991309773559350e-02 -1.368317996583699389e-02 -1.722182898742314477e-02
1.694630340096981228e-02 -1.496628220193544148e-02 1.793548879422405748e-02
-3.314480049268297285e-02 3.305962144332484642e-02 -2.763243047223116686e-02
3.569454823042857161e-02 7.467913308221927650e-03 3.419664362193927838e-03
-1.730022170997851452e-02 -1.281135510014361559e-02 1.205552142656513524e-02
-1.456846267714542384e-02 3.291728985455356048e-03 1.122688159319841332e-02
-1.242254070919867823e-02 -2.545337594088936325e-02 5.135079923782176481e-03
-1.993246220876050342e-02 1.146911968106014215e-02 5.218834090067838057e-03
4.044383185839161426e-02 4.896914072467653013e-03 3.147451390923718811e-02
-3.675115560863531465e-03 -1.754278103982988973e-02 -1.846227435514326189e-03
-3.349545849913417722e-02 1.966514539910258798e-03 1.521274497323582553e-02
3.511754769382361557e-02 2.569606023248490259e-03 7.584652542651133117e-03
-4.170397931432665711e-02 2.944372395469026932e-02 5.364401687793807563e-03
-3.816417609078986278e-02 4.399151313140429315e-02 -2.082914702033338700e-02
-2.068597624684251693e-02 -6.578266087288775531e-04 1.365966148767401578e-02
2.189912405562888242e-02 -6.888322213891036501e-03 7.271059669281209302e-03
-5.388885796265568615e-03 -1.806947470657345803e-02 -1.053629281863860401e-02
-1.267803875287118638e-02 4.072032397637451867e-02 -3.690545825609548719e-02
3.644488663330858972e-03 -1.472895414494574708e-02 -7.339216119406072184e-05
-1.467330554576608964e-02 -2.442939657786718388e-05 3.430253130923249794e-02
-4.107325813758389878e-03 7.483793326300260118e-03 2.027995437562377101e-02
2.850967981502895363e-02 -3.486401175195919053e-03 -2.033431880867968625e-02
-2.502863650916793692e-03 -1.403737516298589338e-02 -5.025537974828180043e-03
-3.036474149564038355e-02 1.064189025284659543e-02 1.129015300419770364e-02
-1.206537895766816686e-02 -1.406275429401966301e-02 2.548489709735738892e-02
7.411461809273993395e-02 2.638429992267980057e-02 -7.048839016188287142e-03
-2.501238267416285542e-03 -2.163315637901918817e-02 4.931807295521953988e-03
4.856298985356045234e-02 8.597433825785885664e-03 -2.525680896804464656e-03
7.820083424218115739e-03 -2.349697040565265974e-02 -1.052758078793569405e-02
-9.126691399268407542e-03 -8.622605474060884498e-03 8.079981513613993319e-03
2.750846951526932094e-02 -3.270132726627311194e-04 -3.657659718097971773e-04
1.226362766104219584e-02 -2.076397379204270033e-02 8.117153627803873339e-03
1.118431864876705609e-02 -8.566109807828610131e-03 1.203397486210612717e-02
1.669843628871768570e-02 -2.180761421609026147e-03 1.475081027935494244e-03
-1.091143313362188602e-02 -4.030539141956176498e-03 -4.370783918895228617e-03
1.820417205988500778e-02 1.578472445707645652e-02 -1.796167963672401155e-02
-1.137184744307418241e-02 2.292145796544402953e-02 3.823419205214577399e-02
-7.204483343415086539e-03 -2.324325782431826385e-04 -1.256336318107345931e-02
1.094926417808487866e-02 3.975665447607875866e-03 -2.672099176637885917e-02
-1.983480315787166867e-02 -6.239185060571580260e-03 5.542204605585417110e-03
1.503527645251104099e-02 -2.254653473859865535e-03 4.497975272319652482e-03
6.805054862774961334e-03 -1.791843299183025137e-02 -4.918290042944787992e-03
-7.658714579981280510e-03 2.023049726680938368e-03 -1.134945562324925911e-02
-4.099317079330626334e-02 5.656689682498664690e-03 -1.287931456372705006e-03
-4.926879951941498179e-03 -1.898637426911667023e-02 -1.454860000992896224e-02
-1.250560293685059471e-02 -1.851246581863510293e-02 -7.737306668615107942e-03
5.357947794415024445e-02 1.496812441796962177e-02 -4.434929059042246567e-03
-1.690003112710370889e-02 -1.546338767971073853e-03 5.853579073882906984e-03
5.924613726391193304e-03 -9.774971021309968033e-03 7.788313033125496103e-03
1.981766914758502363e-02 -9.782114576282127660e-03 -1.315851533994197298e-02
-9.604112917906732980e-03 -5.039292911329613456e-04 2.903890101943873772e-02
7.044979687813407443e-02 3.283657084006081500e-02 -3.457971286055035892e-04
1.136246871255349247e-02 -1.248162757787490626e-02 2.503285549577991247e-03
3.824984360987667559e-02 6.608998466434585009e-03 -1.426708678182980099e-03
-1.185291766763447822e-02 -8.998149444717818551e-03 1.500345148421964106e-02
-1.996296275104450166e-02 2.755771123218468677e-02 9.175862365505512916e-03
-1.450697129870955407e-02 -2.383512272000983759e-03 5.324972482906994639e-03
7.393551538275342644e-03 -9.408286861916184338e-03 -2.093691121108108566e-02
-4.824224232917484999e-03 2.412051846197738741e-02 -2.056115806216906455e-02
-1.959008740234699855e-02 1.482741581481678006e-03 1.056041771185403134e-02
-2.041634510787183193e-02 2.747590243188247419e-02 -4.499615356315651848e-02
4.312106827743075049e-02 8.264412351557341024e-03 -5.062464381097832138e-03
-4.867761593587773689e-02 1.963484306641037971e-02 5.974158812831104753e-03
3.189743970093667641e-02 1.055036887478293800e-02 5.612572795353185789e-03
-4.914230901173597538e-02 2.223938944736859012e-03 8.969626360398302856e-03
-8.644236501296384198e-03 -1.565137674930005413e-02 -2.569712408932549753e-03
-1.602395007292346449e-02 -1.689007515033730603e-02 9.625416338321297546e-03
-2.353787630388437177e-02 -1.458515968717493880e-02 -7.740059140837189655e-03
-4.124300142784297421e-03 1.627249307803762613e-03 -1.386477591451651566e-02
-3.093142550039061286e-02 -2.063975195228733798e-03 1.892734786240123437e-02
-1.044870419808159243e-02 -4.714059071095871856e-03 2.086722502573247397e-03
1.023025434161961393e-02 2.396839286652547793e-02 -3.506297190644531991e-02
1.361552589025461293e-02 -2.174236779147914814e-02 -9.944171480951896278e-03
1.576133550317423623e-02 -1.394551013596155749e-02 -2.428564243728733446e-02
-2.981764917124346895e-02 -3.647639741666542680e-03 7.307429923335312556e-03
3.868420562973260562e-02 4.239682586599798943e-03 1.496527554410092761e-02
1.417573119990602273e-02 6.021683358905017582e-03 1.756095346625721407e-02
-2.718051378359682274e-02 -7.208007680816608601e-03 4.479713417235606059e-03
-9.414983589199840425e-04 2.387380569329316908e-03 -3.414621770882785706e-02
2.991130108297586354e-02 1.226818090020358805e-04 2.420649196837599583e-03
3.065728019668551713e-02 1.564063587827225696e-02 -3.039801319617817590e-02
-5.935194573265685329e-03 2.419803023391731145e-03 1.171369089925350555e-02
6.495240918583789110e-03 1.908804203680088477e-02 -1.871917812266972111e-02
1.939561251280338613e-02 -2.755148193311785301e-02 -1.429584192188370706e-03
2.842778804478406432e-03 -3.125797053321582170e-02 -1.626233407606087270e-02
-2.846843630037772938e-02 -1.669867489928454976e-02 -6.290384341699880623e-03
-2.519430737933584311e-02 1.603735995545719356e-02 4.060230067475275109e-03
5.951540170370401422e-02 2.442472492156028477e-02 -1.978094669187140803e-02
1.020638356893090529e-03 -7.133326887128106815e-03 -2.530272080925355729e-02
-5.322365496102130639e-02 6.445813590875713699e-03 -4.580499180638002849e-03
-3.028317949748693741e-02 5.368698741926472388e-03 2.601097870100451889e-02
9.639665318846682082e-03 -1.851424782008304071e-02 -6.788122783175355029e-03
3.069039410939529769e-02 -2.007356206163533364e-03 1.435372852407100150e-02
8.918958280959780882e-03 -7.275945105957760603e-03 1.608536558958157184e-02
4.223329430310917816e-04 2.112386910947098087e-02 1.084699072513473691e-03
-3.062484992481620885e-02 -1.762652042660492469e-02 -5.176470249615293569e-03
-5.073562991273065925e-02 2.420832054252167534e-02 -1.708349932783919528e-02
-7.893218025891076198e-03 -9.185836865314786145e-03 1.223156708073500857e-03
-1.856032735891387578e-02 -2.022465449252296155e-03 2.735074271558054354e-02
-7.873352750266262657e-04 -2.591859381379080923e-02 6.582765666969771050e-03
-1.858003959046385795e-02 -7.190333009313058278e-03 1.811527898135359069e-02
-3.322962988795129247e-02 -1.414144773585090421e-02 9.520265655818085579e-03
-1.202512209812658592e-02 2.680886714922818201e-02 -4.493083700985919110e-02
-1.416859957246033135e-02 1.411587846361333880e-02 -2.564988137075478042e-02
1.220703439550881869e-02 -1.451044840240674726e-02 -1.385386796860720721e-02
7.082892570357254836e-03 -2.072409380675771517e-02 -2.169017196640879875e-03
-7.694591845676754076e-03 -2.059798989957734028e-02 7.414818955192465158e-03
5.508761710962728833e-03 -6.307315816655559987e-03 -3.384362586234525294e-02
-7.267975024883873043e-03 -1.293259253629801264e-02 -2.036692361984448595e-03
-1.310119489034544324e-02 2.681765884813403986e-02 7.556949170978167693e-03
-2.066245255306524420e-02 2.052878067726780081e-02 -1.258751193177600446e-02
-4.081026347046305680e-02 2.062137271190885371e-02 3.318689569136126782e-03
-9.956923944034641594e-03 2.093017249678956818e-02 2.632493381343828029e-02
-2.040310329681075188e-02 -1.167805170434411607e-02 -1.800723585314902020e-04
9.816117328245168097e-03 -1.825297631671343387e-02 -2.042830355168457832e-02
1.241450298772829412e-02 -2.678842298106932224e-02 -1.882376911846237247e-02
1.683422929574561466e-02 -1.806269863707445772e-02 -2.381742468478237687e-02
1.508730284573652457e-02 1.921692456311380540e-02 3.543763649397694161e-03
-4.654800533925689682e-02 3.001877128431430439e-02 -2.446353154961578708e-02
2.870867249482868949e-02 1.054058611330534363e-02 -3.586952716439993725e-03
1.012404693814180842e-02 -1.760747176956240986e-02 -1.404280900185627887e-02
1.913000757265840516e-03 3.238054825840755348e-03 4.863860364568575213e-03
-1.036670192833540755e-02 2.007948693048403760e-02 2.308632185814519372e-02
-2.513161274952294827e-02 -5.290409008879251758e-03 1.176885313079887099e-02
9.223769261241894155e-03 -2.085676273827456219e-03 3.424587344063759892e-02
2.932618548995582358e-02 -1.662433903205784306e-03 1.032608947433860322e-02
3.798412883578258792e-02 5.667771572417381991e-03 4.875388174800180871e-03
-2.602116176979478099e-02 3.557534346302868716e-02 -7.787941570027862200e-03
1.738702229295655682e-02 -2.319252755429078092e-02 1.205031498448526535e-02
1.703167752958878456e-02 1.464776732891417271e-02 -2.163854465639540939e-02
2.899181995108593424e-03 3.403629861481371512e-03 2.439668262045511377e-02
7.457524862562102397e-02 2.109785685521752344e-02 -1.624840223882578066e-03
2.413360089826585217e-02 1.532428039427726797e-02 1.227085810600288436e-02
3.516273364801589946e-02 1.684906118007197667e-02 3.526165170412642273e-03
2.399461093690666291e-02 -4.834173118118771477e-03 2.755818130091538740e-02
7.594882804808630178e-03 3.897697416930131793e-03 2.216138364380408274e-02
2.344401783308993140e-02 -5.542655127939419106e-03 9.946091138882244900e-03
-2.026788402954907836e-02 4.118022897235566054e-02 -1.510561907068085769e-02
3.493709033286843818e-02 1.135350869976290387e-02 -1.400332844170219804e-02
-3.701865608596310170e-02 6.715181838551868322e-03 1.157033382895618530e-02
4.023391149254066518e-02 -7.092810138552575186e-04 6.451570233011681352e-03
-6.023415101158556204e-03 3.191845941755115743e-03 2.123625193736614070e-03
-1.814063086773309852e-02 -1.997320042566668244e-02 5.726295273647553571e-03
9.692944585565858168e-03 -5.784934005057309862e-03 9.977121130066220200e-03
-1.391706796803461946e-02 -1.784666052612909545e-02 1.330810982877146144e-02
-4.831185941557844706e-03 3.701549174944595427e-02 -2.555622203732769385e-03
-2.817833936789097479e-02 3.281413588477304771e-02 -2.039058473661636492e-02
2.018200574380402471e-02 -2.013501457137130066e-02 -8.463296329251119784e-03
3.163252519507053773e-02 1.127772596807584404e-02 -6.443935335797259384e-03
-1.773753785064658556e-02 -7.016892405505546076e-03 -5.690263888792040925e-03
2.001849913341079406e-03 -1.563159554542880745e-03 -4.801718170625550106e-03
-1.932534834288158337e-02 8.892063832917761635e-04 2.528776978436917192e-02
-3.907672673335661762e-02 2.501035546937722606e-02 7.803403378307260073e-03
-1.685957273933034973e-03 -1.310398269286793156e-02 -1.151816737380218815e-02
-2.217352121622606642e-02 -1.432150923473586102e-03 5.448068093340649801e-03
2.328267554375693105e-02 3.562839935573134525e-03 -4.331034503504775624e-04
4.290552495746367823e-02 9.634326266552252840e-03 1.778969144293645818e-02
-4.711253253998677615e-02 2.312548535919126819e-02 -2.061956858303437556e-02
-1.853842854193307396e-02 -2.144774069211060133e-02 -1.579359194973827679e-02
9.995528458969605429e-03 -1.188654050011133355e-02 -1.918715767240197767e-02
-1.442619690789694736e-02 2.496109015261773964e-02 -1.215078004533447741e-02
7.621997022547731190e-03 -1.879430666909048114e-02 -2.113479162803629310e-02
5.258271264200156669e-03 5.989343651250056758e-03 1.841285940196289370e-02
1.473531739185957035e-02 -1.687917606259294869e-03 -2.696129816139627641e-02
-5.202396522239294968e-03 6.060459187823883861e-03 2.507436421032597368e-02
-2.928726227801761034e-02 2.987218677394060367e-03 1.697423872028848424e-02
3.805202764032750845e-02 2.173957416358765840e-02 4.017072840771575629e-03
-1.170450222613222437e-02 -3.719723142439520982e-03 1.036813870371308503e-02
-4.641378206865684128e-03 2.995296017557100635e-02 -6.477376496218136860e-03
-3.481757503203253973e-02 -5.104669377552745191e-03 8.691729240673273446e-03
-1.666914925893343835e-02 -1.880696563514070579e-02 -4.982949295061782705e-03
-1.280368671269575299e-02 2.506844990112466753e-02 1.745798775766099070e-02
8.140909920951171219e-03 -1.745301417136595201e-02 -8.188267083897181678e-03
-1.991965803947764319e-02 4.646503389907336197e-03 -6.008092844040160280e-03
6.366821748972009698e-02 1.387268489033947894e-02 -8.303686530457063050e-03
-3.187254282904842390e-02 3.249665459182975863e-02 -3.486932039459173654e-03
-2.347804323272808733e-02 -9.770297183201638591e-03 1.914680321999259402e-02
2.831554661096727030e-02 3.157826479092440408e-02 2.548477014884103012e-03
-2.273358633995990058e-02 -1.703038105778115555e-02 -1.009306960181915840e-02
1.234180707338429842e-02 -4.192483804096479826e-03 1.536244631062383750e-02
-2.306960751705666723e-02 -2.508902845846425200e-02 -1.844228170813831452e-03
-3.175140101404375775e-02 3.004923920816446672e-02 -1.215099720164803873e-02
2.527712871244247247e-02 -3.558979628390231652e-03 7.171741612519646689e-03
2.054017626995379917e-02 -5.351831660025125302e-03 1.190479225813018474e-02
-4.338445099366187822e-03 -1.428754589805568409e-02 1.064133351482306721e-02
-7.654469345488909950e-04 -3.364747558972626396e-03 -4.914060493936443438e-03
4.232194613553962731e-03 -1.363988772634596239e-02 -2.227801796556467748e-02
1.574247748499252655e-02 2.230860310092626711e-02 -2.746284518131016095e-02
-2.691071511659608173e-02 -4.598163282213558675e-03 2.105328766820719136e-02
3.937184127475415896e-04 -2.046332296065031531e-02 -8.132574432774241843e-03
-2.026284527108153290e-03 -1.425570539239465889e-02 -2.686450912781434067e-02
1.609949441852554994e-02 -2.287652506881440728e-02 -1.320786122923018995e-02
-2.648033180389711139e-02 2.870506721748292828e-02 -1.748990902035975391e-03
1.957651685977931585e-02 -1.314444984246708990e-02 -1.683798016912812709e-02
-7.902942246381808658e-03 -7.407783758536756226e-03 -1.376516459066848448e-02
3.634912514585521889e-03 -1.977851483001159469e-02 8.308623891415384656e-04
-2.823218358559205065e-03 6.908801963714253369e-03 1.998447866076009591e-02
-1.494517478500106619e-02 -3.040989350328916936e-03 2.481176086682982881e-02
-9.385889994128990624e-03 2.141835772321284623e-02 -1.843988362386470709e-02
2.070535596057675523e-02 -1.683659912574242412e-03 2.842350883514857193e-02
-8.395537658166644240e-03 -2.099773528481478288e-02 1.079626880473218619e-03
-1.576965275060566605e-03 2.914830076457228247e-02 -1.424557894354358534e-02
1.065630773382218385e-02 -1.562809477554500184e-02 -3.103017696086691687e-02
3.578149215742680578e-02 4.501584088006088842e-03 1.423066943252361029e-02
-1.369697339287075663e-03 -1.553424497504122918e-02 1.683296077898813539e-02
7.963990305463686248e-03 -1.969342042088899347e-02 -1.915872047434468220e-02
7.913047307278174569e-03 3.182659863379950008e-03 3.093238737514428932e-02
-1.486611761430521768e-02 2.838772712388469566e-02 -1.909285971124878925e-02
-8.416675690608171759e-04 1.802853384352244917e-02 -1.924018022643964043e-02
5.755081308704615428e-02 1.973177634467233876e-02 -2.790325555793106427e-02
-1.720959891677872585e-03 -1.536220118246192992e-02 8.081561614206759364e-03
1.480862142240718139e-02 -1.238159994363037704e-02 4.631418748143278225e-03
1.395154786329577679e-02 -1.374906399595513147e-02 -9.798362707674077021e-03
4.804255794332196704e-03 4.446972616330346559e-04 1.697235547505281453e-02
-2.082727792930140834e-02 5.655724890994967037e-03 6.656883041866276662e-03
2.415571328806723900e-02 -4.261862430648699802e-03 2.296114235545628282e-02
-1.018045319575609439e-02 -1.261611861037846387e-02 -4.394434718216403031e-03
5.053433632425501781e-02 -8.207258212959527011e-03 5.474928690036224774e-03
-1.810540983615622004e-02 -1.810724900506836474e-02 7.188482936888026739e-03
4.245139288933564431e-02 4.892766479318206435e-03 -3.846250671728379793e-03
-2.969978456219646290e-02 2.922848192179275384e-02 -7.428917167940607760e-03
3.365323735573031577e-02 5.275772920242879915e-03 2.230075556646241020e-02
-4.419186324826017073e-03 2.728245536292777350e-03 2.988301031637620453e-02
-7.663024319627911862e-03 -2.377707456232741948e-02 -5.509874954735327797e-03
-1.141216753031333055e-02 -4.268321441121060954e-03 -6.850382718959448745e-03
-1.958852663268521518e-02 -1.253405938821369249e-04 1.642606294585432017e-02
-4.717547039423404531e-03 -3.334612428445794113e-02 -4.324422869216273252e-03
3.007101345020794445e-02 1.180857579485000523e-02 1.637543460583635105e-02
-6.964097903360825202e-03 1.684499298596688933e-03 6.271597954498254156e-03
1.231270185045266544e-02 1.446453954456325755e-02 2.184753909818240060e-03
-4.444614614606709978e-04 2.068212319861513493e-02 -2.487521990256150433e-03
-2.240364043496665802e-03 -4.768162224959964987e-03 -3.803245729634078653e-03
-1.837732126837618440e-02 2.486998275276628215e-02 -1.095133922543125443e-02
-4.478881588688774645e-02 8.495192388806563702e-03 5.729467769423604931e-03
-1.648215334845714794e-02 -6.109693015859237776e-03 1.116898239651311839e-02
2.734115015030429141e-02 5.633944327283354168e-03 1.267760279289756407e-03
-8.660613095904816372e-03 -2.862468867275698436e-02 -1.133681511139520044e-02
-1.858300376670626126e-03 -2.145208832450849062e-02 -2.638392050021595627e-03
5.652788983288260447e-03 -1.591297665557762572e-02 1.115587812232337640e-02
-1.960167058869009826e-02 -1.656746251583429003e-02 1.116209704095036913e-02
-7.559744490808518146e-03 -8.203684996545458283e-03 4.097479981747398879e-03
2.116973867103127613e-02 1.488303535554452196e-02 1.576954349266100185e-03
-5.237476323704906220e-03 2.290170860628823121e-02 -1.240067027416014850e-02
3.530918429820521093e-02 -1.649921152408725554e-03 -4.897407298841705177e-03
-1.708385334828191673e-02 1.143433684642833521e-02 3.370414563085414456e-02
3.252059283965991893e-02 3.141789804170717296e-03 -2.908040839645346064e-03
-1.014876446367927662e-02 2.748752596738594008e-03 2.651894676362285749e-02
-4.016181439072835646e-02 3.228421680099843177e-02 -2.349471047135345825e-02
9.699516598404770221e-03 4.573207538572015359e-04 2.807245246855305520e-02
-2.380857949944613708e-02 7.964397530363889754e-03 4.738152333483371809e-03
3.775440011202144119e-02 5.709048204788728931e-03 3.203002269603563712e-02
1.738686219057290760e-02 -1.887495750673729659e-03 8.325042865478646595e-03
5.452932048487058812e-05 2.052708554724753422e-03 -2.888056308839272689e-03
-1.201836851095389180e-02 -1.496257730619800740e-02 -7.119562923737266001e-04
1.872650833023809663e-02 2.135493389064796466e-02 3.931765564221028665e-03
-6.208406862014866252e-03 -6.255762173938602018e-03 -1.707471876876646283e-02
1.455738403747941848e-02 -8.059326771539808074e-03 -1.967339628728672837e-02
5.890309118002106520e-02 1.648596501078600229e-02 -1.771163262803970850e-02
7.462407302988702164e-04 -9.555500663133494055e-03 -1.893377308497069464e-02
-2.773737895449300550e-02 1.773647102834642955e-02 1.417290742943787436e-02
2.966051329586891216e-02 4.360235784143722676e-03 -1.318976883888817739e-03
-1.512028046056451301e-03 -2.518864049341470318e-02 -1.577203108975742257e-02
-1.471142084189735154e-02 1.211434781922212690e-02 -1.686951784424294346e-02
-5.828917274863220158e-03 -1.118846254573081095e-02 -8.557202092084810127e-03
2.726444268085677011e-02 2.178981240204841408e-02 7.089077221195862893e-03
2.355379177830343312e-02 -2.607055145353197843e-03 -2.418123489230126349e-02
-3.292016493739546856e-02 1.650550040395366153e-02 1.444893979965558573e-02
9.986347180858159631e-03 -1.126455313799537908e-02 -1.429173019661589966e-02
3.457209293221018276e-02 1.567810377763707158e-02 5.339014745086951771e-03
-1.690760484985256301e-02 -2.190953972161550564e-02 2.015502919396579273e-02
1.060375633142338070e-02 -2.370940054599983068e-02 -1.778183719145205385e-02
1.628246148362155754e-02 7.368648486313521999e-04 1.444127836999301549e-02
-2.743780201889274226e-02 2.421861233839094768e-02 -7.982270126184633349e-04
1.609731199288314332e-02 2.042372914995578201e-02 -7.362404335387834169e-03
-2.209200324389959478e-03 9.621640676749658797e-03 2.047163235712363971e-02
-3.250302001710149435e-02 1.338758365057370926e-02 -7.674053645043203871e-03
4.751772546151129990e-03 8.025320639859775257e-03 3.076926551038977262e-02
-2.910115889451563020e-02 1.546745014915985525e-02 1.671312644173974724e-02
-3.296576278668079257e-02 -7.528855022421748582e-03 1.094452160358591261e-02
5.946854416796461262e-02 2.324087464510450965e-02 -1.773612833620804435e-02
1.745438441587390333e-03 5.492286033213227177e-03 -2.974585789943280656e-02
3.796124349339613513e-02 1.223457591277079225e-02 -2.540627643637349310e-03
-4.307196061818204663e-02 3.240379812078825889e-02 -1.496811207814197422e-02
-5.280358037866694776e-02 3.471006453201078146e-02 -1.440690444151095789e-02
-1.362252174179779708e-02 -1.142861447845499277e-02 -1.784659918190169975e-02
-1.182421981875204399e-02 2.115390139685856263e-02 2.460321697703217805e-03
-2.710878358075429276e-02 3.132395521456048104e-03 4.049378605552577878e-03
4.411440726086336868e-03 -6.703037791597320910e-03 -1.495795201150252988e-02
2.994823603124771669e-03 6.660568743521131123e-04 2.913423403855572649e-02
6.616175915182313794e-02 2.112847247261552888e-02 -4.687222215976396926e-03
-2.479193659130873775e-03 1.812321681178161170e-02 -1.800822967603093669e-02
1.093565348529950201e-02 -1.193059647286958888e-02 -4.049469393485936528e-03
-1.531337754368209021e-02 3.030118641210167042e-03 2.342446887733013947e-02
1.512059288594034927e-02 -5.223159279043429644e-03 1.965189085324385229e-02
-2.840887986701931545e-02 -6.767823943713267322e-03 1.358672668959404889e-02
3.817988116810368260e-02 6.695069492464897527e-03 3.440939288676032187e-02
-1.009723265899762495e-02 2.889167612887332329e-02 -4.249008081769264228e-02
-1.628848316503197016e-02 -1.364865516549183247e-03 1.327606523164401829e-02
-2.466304884469926531e-02 1.293820838056672883e-02 -2.808246598055225054e-03
2.064445539252177456e-02 -1.319198266568670334e-02 2.007678158038241414e-02
-1.365602505546774370e-02 -8.547323048551585395e-03 -1.976023514536759049e-02
-7.773097514178035732e-03 -1.486268646804079011e-02 8.822339796531001102e-03
-2.489727594442255054e-02 -6.829896851002607155e-03 -1.693189619862439307e-02
-2.785436168838809762e-03 7.358050147266349816e-03 2.673858192690028654e-02
1.137203451123850254e-02 -9.761330006115011629e-03 7.875665331133669539e-03
-1.288488850459184806e-02 7.468411882819285877e-03 2.534364789088326339e-02
-8.515357269395586876e-03 -2.118457236487161430e-02 3.230604036233161204e-03
-3.283630630463102440e-02 1.741425837854210928e-02 -6.774467436079515325e-04
-5.920481695929420002e-03 9.679659569078911344e-04 2.891564361122185654e-03
3.046422220315238641e-02 5.948247564611746068e-04 -1.929016481265152794e-02
-1.148863915350016238e-02 1.825767139374876585e-02 -1.705006682238980817e-02
-7.021571455496559630e-03 2.490120720035115913e-03 1.665779736524606106e-02
-7.865853222333619305e-03 9.434756635789342052e-03 1.103115932219410171e-02
-7.357876946070080956e-03 1.752957138304082202e-02 4.727691438849364845e-03
2.646521449681802501e-02 -6.494319574059653896e-04 -1.661071895753430533e-02
-1.689306827135524103e-02 2.397691338828930943e-02 1.705352034791285387e-02
-4.856812596294210471e-03 1.464896832974538015e-05 2.050794645219124537e-02
1.926637220994693173e-02 2.403615853204908379e-02 -1.904774252910007917e-02
-2.613455140488988790e-02 2.624648173977038590e-02 -1.300620383518280923e-02
6.442954336922762995e-03 -1.430869905514114970e-02 1.191329850859026442e-04
-4.789058947471767219e-02 2.566016013392766887e-02 1.060860605021490301e-02
-1.232888831425220898e-02 1.166857185113880091e-02 -2.483737692904367314e-02
-1.368154058328279604e-03 -1.160259454376719353e-02 -2.145325490088446918e-02
1.031300073099477958e-02 -8.405592785747428852e-03 -1.037469094016830323e-02
-8.448616915499331664e-03 -5.970726260095084344e-03 2.470369497888141169e-02
-1.493588615129833215e-02 -2.016822819106800502e-02 3.007778839704801041e-04
-1.156906137990450570e-02 -1.854279629128574927e-02 -1.972003573364204329e-02
4.466061656668553204e-02 5.759309081753243714e-03 1.519707318487841657e-02
-3.080953723695385726e-03 1.167659950831860353e-02 -5.542320558890440757e-03
1.521746893827789944e-02 1.824750454154531023e-03 1.203070456339341669e-02
5.333364191572617652e-02 7.053377417009498544e-03 1.628175120562691883e-02
-1.053552239060954500e-02 3.369207450017496636e-02 -2.740867289477377094e-02
-2.975944072533368012e-02 3.298562434896734619e-02 -4.634111996374572044e-03
1.364290158295947651e-02 1.554694050861591108e-03 1.741399096025410265e-02
2.908790076210350864e-02 2.156392061655775308e-02 3.307554096143638066e-03
-4.704404400009783681e-03 -2.357240236281678281e-02 -1.032588831434864789e-02
-5.921411233432861271e-04 -2.095172776509691276e-02 -1.956450315855058283e-02
-1.289797018988342488e-02 2.944318552540256886e-02 3.538407023495272058e-03
2.814111081550442831e-02 1.897392346929281659e-02 6.315145158592533510e-03
-7.612842543254955650e-03 3.038966130552811507e-02 -2.481450276199692606e-02
-1.936158401425930667e-02 -2.412488420922966059e-02 7.591419859762810717e-03
-3.433643997521763219e-02 2.275021869096807703e-02 1.279117813479734890e-02
-3.660726184494805108e-02 3.028611976507880610e-02 -2.057893380405950365e-02
1.864423148535810856e-02 2.632217430407776323e-02 -1.895115086579995944e-02
1.155370954438525964e-02 -1.272067713620590561e-02 -2.266450096705429143e-02
6.565031987711270056e-02 1.512188745477083436e-02 -2.472218073125175171e-03
2.261761034497690795e-02 1.295864231480552478e-02 5.560651019280612485e-03
1.964452337649719160e-03 -1.029747867619884398e-02 -2.102079621784625971e-02
-4.452682655648638153e-03 4.241501114515604243e-02 -3.260315905707738583e-03
-1.639957505871785307e-02 -2.750136767661628956e-02 -1.868853742799499867e-02
-5.699423148538281664e-02 3.628459040660724638e-02 -1.433887639980973780e-02
-2.116889826297302726e-02 1.686239218535133186e-02 -1.086593317633473624e-02
-2.744748862498657327e-04 -6.627041402750725313e-03 9.734406361609267838e-03
-3.014186375051783676e-02 -5.370117815591852074e-04 1.865944863490833286e-02
3.107659479180031534e-02 -8.862414922919356272e-03 9.870607606503208759e-03
-1.032549121695722563e-02 2.721581422439329004e-02 3.130188212653160166e-03
-2.480533494627787730e-02 1.330263578385432362e-02 5.393460077808422126e-03
1.809756067442681166e-02 -6.265459852869328244e-03 8.947869428802603456e-03
1.268402134601067689e-02 -1.347995311412501090e-02 -1.050085152940448061e-02
-1.998626487886429395e-02 1.521657045149540748e-02 -1.492953581653786409e-02
-7.925588495464604144e-03 9.259905738971641390e-03 1.517443993193053411e-02
-7.855249339296339200e-03 -5.953794214084289459e-03 -2.697163487310070412e-02
-5.644120255811903644e-03 8.092486356822419999e-03 8.170540872207804686e-03
3.735754070200595495e-02 1.063418411002361660e-02 1.235921251458435566e-02
-9.485082451513686397e-03 1.505775010541150240e-02 2.997923821261628055e-02
5.262815065992455799e-02 1.989091123170319553e-02 -7.816005902432162852e-03
4.617597004235206304e-02 1.780228742452380497e-02 6.205564224049375625e-03
-3.568828916564877746e-02 2.793629959368413782e-02 -1.650217103281472614e-02
-2.899253207235176488e-02 2.022988166847522126e-02 -1.532676707412191502e-02
-7.451470231278406117e-03 1.134510648068172943e-02 1.626468776825102172e-02
1.735955027695727446e-02 -9.661340674858220554e-03 2.068890942353472651e-02
-1.505414135958947066e-03 -1.015969120076066004e-02 -1.992286754554854419e-02
-2.252849195577085600e-02 -2.724844444568435761e-02 2.286660688697109839e-02
4.404728681986886524e-02 6.601492593317601250e-04 -3.513358129956088705e-03
3.781433581937409995e-04 1.268978887442859943e-02 6.502831599787214402e-03
-2.849816818982638458e-02 -4.243399706553176338e-03 1.573923533595427554e-02
1.350266482836200198e-03 -2.133593273975153276e-02 -1.660557546798822545e-02
1.667954320072347410e-02 3.071649488076659464e-03 2.682695446204221013e-02
9.261153293937233327e-03 -1.176606503076768791e-02 -1.049062360001119625e-02
2.059448768534592484e-03 1.612463544038404348e-02 -2.128759931724933177e-02
-3.710146260053458472e-03 -1.834863075849697128e-02 3.771958307029188158e-04
4.025044850486833581e-02 3.832597509983985250e-03 -6.670343706521303720e-03
-3.291416296181792767e-02 -2.566189946743463804e-02 1.905001122634300548e-02
6.626388526121546052e-03 -1.464584115550002924e-02 -1.593044744640857713e-02
-2.462532355258105835e-03 -2.083842738706319364e-02 -1.996531310792844585e-02
-3.744680483671679327e-03 -1.491394561279686670e-02 -7.473835914969660654e-03
-2.493654551584964865e-02 6.549442763348572658e-03 1.785921452723820968e-02
-4.469401997469996113e-02 3.852733375066489264e-03 -1.934735493277909548e-03
1.161425300478419360e-02 -4.709131222834261540e-03 7.000664333330654937e-03
5.412263615920827851e-03 -2.604246453426995941e-02 -3.226748884339713640e-03
-2.854339963783186773e-02 3.019854338861618567e-02 -2.172928738692853079e-02
-1.982917378094682138e-03 3.434193018951601562e-04 -5.151341536718387001e-03
-2.478704034322321698e-02 4.583095640697900687e-03 4.642198750966765493e-03
-3.652304822821581670e-02 -1.053813577906037753e-02 1.206764498959606718e-02
-1.506105776546680895e-02 -3.396961367371324758e-03 2.797712833474226904e-02
4.097328990664767662e-02 7.285116415039293199e-03 2.329995873421545488e-02
1.145055426273918452e-02 -1.225077462382957207e-03 1.629155175137080025e-02
4.328647886139640188e-02 2.439391131288048530e-03 -3.326633418035547865e-03
-2.672808569947294002e-02 4.055795592797854093e-02 -1.325718714312903307e-02
6.675798097827259463e-03 -2.891982002000786575e-02 -9.116284341799979485e-03
-1.250295649472659733e-02 -2.035176326839817362e-02 -5.551813980200692375e-03
8.481269461575484045e-03 -2.706884153181503272e-02 -7.046985348183287291e-03
7.035785453866684816e-03 -2.926562794472560916e-02 -6.860163373971301694e-03
2.710638924604032163e-02 1.115440928626544245e-02 -1.253315106285379961e-02
-2.571651617847570126e-02 1.630846049148658439e-02 2.158410207715116130e-02
3.119679904466296158e-02 5.281777446674561574e-03 -1.419903384130746099e-02
-4.720623646936338881e-03 -1.866616290905960193e-02 1.350986428781824310e-02
6.900644550010780892e-03 -4.844243908563561005e-03 -2.364152316113680291e-02
2.203803308550828302e-02 -5.798980923860341981e-03 -3.286059597665438869e-03
-3.038210664477449321e-02 2.002329546687022649e-03 6.986804743198780400e-03
2.703556619272824355e-02 -1.082688865314722360e-02 8.001719603008444412e-03
4.456644611112979548e-02 6.331039829335955924e-03 1.006464294214053957e-02
1.210875819042714352e-02 -1.591827470236655473e-03 -2.371375055962400905e-02
-2.371905650964441226e-02 4.420190237721850508e-04 6.399726849103388841e-03
-8.289793160174776382e-03 -1.881706565245156240e-02 -1.460073712435323856e-02
-1.929019555838908107e-02 1.744936123094584582e-02 2.217829730033736568e-02
-3.934405661423589703e-03 2.113649861142338077e-02 3.789659190384511451e-03
-1.535180012640444992e-02 -1.494347429314067492e-02 8.209469117245101269e-03
-2.308350785535642422e-02 -7.091206009653116269e-04 -8.190278582266534088e-03
-8.700834468410269945e-03 -3.521130551977170488e-03 -2.183919906998329358e-02
3.017320383063899769e-02 1.774353974121363215e-03 2.573795126370866451e-02
-2.313097286955357115e-02 1.794682304024028049e-02 -1.357508544959745711e-02
2.941130713334689194e-03 -1.841362246020767507e-02 -1.965912922942135432e-02
-1.887087010922891203e-02 -8.736894584119280979e-03 1.129491424575912450e-02
-1.169663514185756946e-03 -2.118626790187113848e-02 1.613770884978081967e-03
-2.934001069125358532e-02 -9.827668352587819525e-03 1.202335027164247276e-02
-8.705389464970706911e-03 -2.216779785202970671e-02 -1.481971857080356669e-02
2.925324591006101330e-02 -4.728210069484659506e-04 -8.271748273740778951e-03
-3.254932524966040047e-02 -2.060339413412791421e-02 1.475049568690074350e-02
-1.892442491785085654e-02 1.893750928754530868e-02 -1.166924222411267788e-02
-2.246423945793727187e-03 -9.273928569456624943e-03 2.301256580657360523e-02
1.092121560751833573e-02 3.228078273101704990e-03 -1.516133945663561237e-02
-9.871031427966766789e-03 -9.636950164854343748e-03 -2.941818700933232153e-03
2.416031956319056317e-02 2.321626803431937544e-03 -1.042174095121390677e-03
-1.211029732544413075e-02 2.374087973237457364e-02 -2.803328435754633141e-02
-2.572255901258771113e-02 2.267352770177650037e-02 1.047027351124069604e-02
-1.753589399175152150e-02 3.484439426179237326e-02 -5.146424328811976048e-03
1.924488128755135266e-02 1.085468357906154173e-03 2.348241001194379535e-02
8.882692701400957472e-03 -1.441669164791824741e-02 -1.583906400606613580e-03
3.686118074150071533e-02 1.990110108774323025e-02 8.381784814790228105e-03
-1.078858155743063485e-02 -2.543763173581503265e-02 -2.351740508680796871e-03
2.246882345109735626e-02 -7.090380894629332714e-03 2.121156811327923331e-02
-1.281742898724595389e-02 -9.029916809089670940e-03 -7.900855774046330535e-04
4.142813363259877785e-02 1.975312775106708579e-02 -7.998473434399368774e-04
1.450867424342601984e-02 1.078358924998331150e-02 5.362244596221850054e-03
4.528851911348354131e-02 3.387582666424804757e-03 1.514741478158452073e-02
2.251266119130474613e-02 2.151989634700663886e-02 1.445617408072722397e-02
2.358993389020649228e-02 2.527642504005557424e-03 2.468394900188827790e-02
2.825894474762996253e-02 -1.586093914840766908e-02 1.835119991655786292e-02
-1.284528430502760582e-02 -1.486470880881278836e-02 1.624742305149231084e-02
9.273167590147913739e-03 1.935524120611802545e-03 3.031667993706774894e-02
3.921943658033847507e-02 -1.347173490336504810e-03 1.687798758400833529e-02
6.233626660995132684e-03 -6.528928789925439111e-03 1.760026820641942200e-02
3.152425304218915616e-03 -1.301664895951022000e-02 9.359987298851775092e-03
-2.457162233855110511e-02 1.558901398542573979e-02 1.156268096969964056e-02
4.564349163548884168e-03 -1.989183907507154417e-02 -7.247332001184466146e-03
7.783333834505296381e-03 -2.080332035778520092e-02 8.736073594971822259e-03
-1.189081081822826458e-02 6.662325672831842949e-04 -1.620284492677282265e-02
2.392050103382199061e-02 -9.014324645116731510e-03 1.541800116040931493e-02
-3.576254206858555090e-03 -1.679852887177042892e-03 -5.913027496137357279e-03
6.669946335169514269e-04 -7.447402252922770069e-03 1.705079095749533619e-02
-1.909115123343078230e-02 -2.626159766293446537e-03 7.318038276831771716e-03
5.261998006130055167e-02 2.005588191977862589e-02 -2.402087470452514764e-02
9.729061025963284259e-03 1.926477756698841614e-03 4.523227591516457992e-04
2.971760238122885672e-02 1.191359507177418460e-02 3.536193363695593755e-02
-1.637492863181382388e-02 2.434567975901647668e-02 2.436315820046064395e-02
1.754381109525036606e-02 -1.139864037986711674e-02 -2.065647387153773593e-02
-7.510301545624723830e-03 -7.965161556623297917e-03 -1.794831909087740013e-02
-3.401988441962985193e-02 3.494127750281014744e-02 -7.319754320447390342e-03
-1.588825625251009260e-02 2.716435382955267874e-02 1.375635076122610524e-02
1.510106488242177539e-02 -7.636406362620370460e-03 -1.158624707403972665e-02
2.686981380830204269e-02 3.582981131584808427e-03 -2.515554750195184760e-03
-1.525300317108192576e-02 -1.418032937713583318e-02 1.326074229081183713e-02
1.396345499621636128e-02 -1.084929542125503792e-02 -1.705789649221648580e-02
1.907671971357095472e-02 -4.438287589020057516e-03 1.248361338467285538e-02
1.653956303329900610e-02 -8.485741290292038441e-03 -1.615555128648660244e-02
1.150060649884789270e-03 -2.004857146343089550e-02 2.258602054005740163e-03
1.031077906204385178e-02 -2.073583708701451714e-02 -1.695730038490543545e-02
-1.807307837667543673e-02 -7.142940945195325186e-03 5.314371505066177274e-03
1.805671663821917239e-02 -1.117255107033127831e-02 -1.107063888713390870e-02
-1.061811231946959561e-02 -9.881823778841001757e-03 6.714772055514251978e-03
4.871278997463574997e-03 -8.229170562750074899e-03 -1.560117766152307843e-02
-3.075354421015926223e-02 3.040243384410552807e-02 2.598033501508238610e-03
-3.477962377074775291e-02 2.417788172674255678e-02 -1.742163807023719077e-02
-2.490881570897221162e-02 -1.286144937626399441e-02 1.014131027816678882e-02
1.819637566754638914e-03 -1.243171944280006304e-02 7.757258783047519569e-03
3.434446992202574295e-02 9.950662727120286599e-03 -9.213337952069780915e-03
1.292283181486791714e-02 1.008938298819494692e-02 -1.791416480561551505e-02
1.459817614870434271e-03 -1.300055818958303216e-02 1.300086349604090245e-02
1.469323708073047054e-02 -2.022281392565521835e-02 -9.896026942264355558e-03
-4.757478936514427520e-03 -2.556678034736083530e-02 -4.945640646675296924e-03
-1.448820004589513807e-02 -8.599859613384587542e-03 -4.131073697764318410e-03
-8.216886265244914209e-03 -2.718139621206877229e-03 2.616521674541122736e-03
-5.515133274913649325e-03 -2.036070747156417879e-02 -3.523272031889918259e-03
2.432749476607834124e-02 3.772576410107908711e-03 4.467160940435151162e-03
1.592402044260865165e-02 3.177454284832990222e-02 6.532319957185814957e-03
8.914778022541407915e-03 -4.858707901701536658e-03 9.004270741524626406e-03
-1.096669690466490522e-02 -2.150000317880020398e-02 -2.435622078841779073e-02
2.078707738460977908e-02 7.167520570823021804e-03 2.962147636806519366e-02
-2.515148137076208754e-02 2.931785145694983802e-02 -9.430967466101695604e-03
-1.547090345818181827e-02 -9.408262069328696131e-03 -3.373021884846601724e-03
2.551111043322143446e-02 -6.997460147074264711e-03 1.006194028650403589e-02
-3.132718763847627125e-02 3.963774107040102246e-03 -5.682213215920717264e-03
-2.838041124459404416e-02 7.974066261954432244e-03 1.399889273623512037e-02
-2.263568273974165407e-02 -9.258837784719520930e-03 3.525741680738611085e-03
4.803210089555692147e-02 1.023704595596963522e-02 1.997779685308192013e-02
1.340138225244830172e-02 -1.128768309950773166e-02 -1.948184596950533476e-02
3.236947450444114388e-02 2.720295249522125536e-02 -1.530441184835979428e-03
2.702746504198127661e-02 1.739755685901831633e-02 6.001605369041180561e-03
-1.513807809165748121e-02 -3.369005700527348372e-03 9.707676887109134567e-03
3.057494663370029925e-03 -6.894347264333903829e-04 3.125388305975935338e-02
-1.048922072447603694e-02 -1.327597933826786709e-02 -1.052791352350408716e-02
4.597552668172865536e-02 6.660810373832096003e-03 9.508234841960972253e-03
-4.066285781261943372e-03 -2.007717372165701217e-02 -5.109676992557200120e-03
5.737411452329766945e-03 -3.192769578205147118e-02 -2.252962056679188967e-03
4.585530497615726390e-03 -2.201837814455876591e-02 -1.261960235487056929e-02
1.896524221102943025e-02 3.641227862673932208e-03 2.828872523403596143e-02
-2.646186092756049046e-02 1.247660476235201189e-02 -9.273799314706329677e-03
-9.658758230572051179e-04 -2.005972600963871685e-02 -1.116585336828036269e-02
-3.228392425211096955e-02 7.169470248025176622e-03 3.830217917088709787e-04
-6.293643391454850980e-03 -9.247570305434766116e-03 -3.379396608046802974e-02
2.881960290500104604e-02 3.683290947608630975e-03 6.988162469681044944e-03
3.855049869891841174e-02 6.352448188294722818e-03 7.343022172992657789e-03
4.771125654874016492e-02 4.507870498537940723e-03 9.717844174470132573e-03
-2.297414444143454706e-02 1.251770291517258042e-02 1.202500437496226669e-02
-7.164544976150987420e-03 -1.415408222913288249e-03 -1.260432545332965115e-02
-1.140930063469654081e-02 4.642516336377254353e-03 -2.386976364990265817e-02
2.558609423492334833e-02 -9.922367854036918955e-03 -1.022268636529321401e-02
-3.108739362389248764e-02 1.630616577832548486e-02 1.293070374761620678e-02
-3.751465190875488860e-03 -9.669816220800790327e-03 -5.786266147231057186e-03
-7.942537129386280717e-03 -5.877841916197242174e-03 1.212712804855728063e-02
8.735121494118343669e-03 -1.677635779601101274e-02 -2.384076860865028819e-02
2.363780245232161709e-02 -4.442025131800895338e-03 1.047307128280107469e-02
-3.767001027185239853e-02 2.367441214017852388e-02 -1.693037102878251375e-03
-1.152852505713959815e-02 -8.737771086306713592e-03 -4.461145349265132135e-03
2.532586380674527182e-02 1.057059074771510114e-02 4.238615415473314871e-04
1.408913556762716145e-02 -3.890147475504725921e-03 -9.570273060862690556e-03
1.964245897427064486e-02 -7.694289746456408827e-03 2.550707404589158331e-02
-3.146745455218738496e-02 -1.697012510287502704e-02 -1.495232877281767875e-02
4.127022520725206339e-02 1.089899367032729285e-02 -2.091988880468475826e-03
3.739626596281873938e-02 -4.298563213551319026e-03 9.528716169204698438e-03
-2.720212929107296979e-02 -1.760070080850722335e-02 5.130425814406737450e-03
-3.660770602013257644e-03 -1.010500600248735595e-03 2.180472898458624825e-02
2.752260646408880365e-02 4.281281678531480631e-03 1.538106913026674903e-03
-1.870510299814535926e-02 -1.194900265113713229e-02 -1.710765142197811367e-02
3.010559251772745512e-02 1.083646450453176063e-02 4.223045879206536492e-03
3.831046080294699119e-02 2.494770742812415631e-03 -5.457017976389037101e-03
1.829485304806296661e-02 -1.833785090103970047e-02 1.901611704496627368e-03
-4.389947862396488543e-02 1.589286701751158049e-02 4.490849028870249823e-03
5.247402703681164522e-04 -1.650238497592629305e-02 8.167593305598791834e-03
1.390674532278917720e-02 -2.690114543016985937e-03 -1.329833363581905091e-02
3.404709978832209938e-02 4.719155561925768988e-03 1.379304353093599098e-02
-3.050571598735910342e-02 -2.643637030016372097e-02 2.049554936992666054e-03
-1.287158351449145532e-02 -1.396263932774719982e-02 -1.561604257159850996e-03
-8.920453449335049917e-04 -1.888850743057629566e-02 -1.385430742040476282e-02
-2.518941699278252726e-03 2.761871553361719672e-03 2.314947144641246041e-02
-2.608579928372550816e-02 2.439893364140797213e-03 1.293926211538271552e-02
7.258285734382368673e-04 2.338972122310348581e-02 2.833773839651412829e-02
-2.422400153624233374e-02 -3.279228804705377771e-03 7.157946263254838168e-03
2.936554483786115582e-02 3.966400722413917015e-03 5.887113509472487877e-03
-2.908152173432984253e-02 2.127032410715172170e-02 3.226334463133587334e-04
2.186994111466835158e-02 1.157104758495937661e-03 -2.177895023181184928e-02
-1.540226396016372741e-02 -7.543943595015334749e-03 -1.045553403699577520e-02
3.517220914872916382e-02 -4.353559120673711376e-03 1.280166450596519415e-02
-2.014559116472436698e-02 -2.006404753654195822e-02 9.292319785342312288e-03
7.735524043618007342e-03 -2.034131026444085250e-02 -1.294485223905247374e-02
1.135668061446212448e-02 -1.234219983678130211e-02 9.060413222581822782e-04
7.475688897804062295e-03 -7.022628862665481961e-03 1.823306364787825526e-02
2.588216478076900764e-02 -1.018421283321537196e-04 2.258785280797614026e-03
2.267447033810813736e-02 3.876289632461775003e-03 2.167668848135289195e-03
-8.946096124931090382e-03 -1.562692342494457001e-02 1.832685933281908569e-02
2.659998211074289173e-02 4.699274439704720363e-03 2.287724002589651230e-05
-8.117868050807190358e-03 -1.265933857814579601e-02 -8.289841498451805055e-03
-1.400686233512753870e-02 -9.029205167776711144e-03 -1.010464625668970086e-02
3.298788414787633821e-02 -1.104814239070071652e-03 5.720528349325734035e-03
-1.285954716014080408e-02 1.280843801487298837e-02 4.135677180287664935e-03
-5.713233873774872622e-03 -1.286424789987758270e-02 -7.317916714986798764e-04
-3.996371679911721320e-02 1.310013447644246300e-02 -1.266432352127264648e-02
2.315481818831317470e-02 -9.320001368309334053e-03 2.625132148418821143e-02
3.498595129878227794e-02 3.984534689094974304e-03 -1.605017176074245711e-02
-1.442934273670686690e-02 -1.530484481972592403e-02 -9.920703161089488437e-03
2.679647582543766629e-02 2.680688864393500868e-03 2.047848518812603671e-02
2.893255414464187755e-03 -1.519200437100726164e-02 3.601129652644522849e-03
-1.074626250995891659e-02 -2.434046621896076429e-02 -1.510081935698930067e-02
1.742039097862132027e-02 7.607386457181029848e-03 3.054856740586551350e-02
-2.568366433929484063e-02 1.491423417809688463e-02 -1.593203995464340453e-02
3.054711779699810156e-02 1.826442609836238795e-02 1.037559992517357935e-02
-4.702093048160231950e-03 -1.798336222385408384e-02 1.131506190093243235e-03
-1.000870164212910168e-02 1.849787762554235340e-02 -1.414277495209141297e-02
-1.571984147614241198e-02 -2.355742211604591133e-03 -4.724730251576649172e-03
-3.007901179767759683e-02 2.947333772018949968e-03 1.702952963449817086e-02
-5.238313711445045928e-02 2.241912216001577807e-02 -2.733018922562450992e-02
-2.487249715067637451e-02 -3.505640579480681727e-03 5.515551312696351932e-03
-8.246936510229934542e-03 -2.157752390987684871e-02 2.387685709628013537e-03
-6.598853395381002254e-03 2.977110270259469491e-02 -4.590410651082506982e-03
-6.431024471360629810e-03 -9.306777749652266063e-03 -6.512465124066943618e-03
-7.245005723419678002e-03 -2.045369145978720438e-02 -3.666933856919974040e-03
1.195808885560914817e-02 2.750867729156021221e-02 4.101315133141900625e-03
-3.590309641729901025e-02 1.101850934071506478e-03 1.802046252092850617e-02
-3.809248165290435306e-03 5.789070142223568319e-03 2.936927370072631507e-02
-2.969404840677069071e-02 2.571660334793934508e-02 1.210143615093707721e-02
-1.676856033882383884e-02 -1.024832021040254781e-02 -2.006038703118003842e-03
4.548343999523555420e-02 1.069730711766355129e-03 4.420258269079422632e-03
-1.782840118702728668e-02 6.204602657543655409e-04 2.457089472747267956e-03
3.837019802960243281e-02 3.247796107906518199e-03 5.296978864713525539e-03
-5.466448130434867388e-03 2.019893802823346726e-02 -1.941150790284682653e-02
-1.096195460189203046e-02 -2.185747795456911488e-02 -1.630051608979336776e-04
-2.892644798401811101e-02 2.298144777995948709e-03 7.109389770248089949e-03
2.342949177032946015e-02 1.592777351386975154e-03 -2.684195383724316888e-02
-9.268839977112478673e-03 -7.452036107264498922e-03 2.354825570604192429e-03
-1.459772055806396419e-03 -2.229907499611943206e-02 -6.625368266562052348e-03
-5.762942736719018320e-03 -2.182436996609388603e-03 2.225401366463425346e-02
-2.457395564504504665e-02 -2.164648797987210604e-02 1.123564553667401279e-03
-2.608015124218157621e-02 2.933145642379143131e-02 -3.925813791569136846e-03
-8.102822413876407948e-03 -1.396385795417019737e-02 -1.672921617913944448e-02
2.545518402977189898e-03 -2.335880772013145326e-02 -1.249042811512393429e-02
4.890798716992231232e-04 -3.189534109906548651e-03 7.783960632841467088e-03
-2.317672782191466875e-04 2.452130007520212859e-02 -1.226432587724392113e-02
-3.596766271502934657e-03 -2.082181380206147778e-02 -2.110346513176022606e-02
1.629098334870004994e-02 -1.133732888346387219e-02 -6.752155779737280955e-03
6.464538967862868172e-05 -1.663992909210786769e-02 1.556776048737669969e-02
7.200336869929808634e-03 2.855953204979528801e-02 -2.342240468427439493e-02
-3.292469521478433303e-02 2.828365481771994913e-02 -1.415279768806676844e-02
1.308359490472628915e-02 -1.448033690881424598e-03 2.056155157815154483e-02
-3.115037221046370805e-02 -1.798966049916548085e-02 7.949858787168457772e-03
-2.718605275828721995e-02 -3.244581416354210945e-03 7.915223920219762246e-03
5.977921915437487722e-03 -2.376557154040343997e-02 -1.145395571579283130e-02
4.173381645549761876e-02 -1.078549214267293188e-03 -4.435110225399577395e-03
-2.597365535233277928e-02 -1.717032933077166507e-02 -1.909688879930180813e-02
-2.056777258793886145e-03 -1.592152088989179717e-02 9.695409323240034016e-03
2.694825135152716360e-03 -1.705448740902248614e-02 -2.200352838780818970e-02
8.648688150739264682e-03 -6.966193582528227776e-03 5.965514151754699838e-03
-1.745999220319634226e-02 -2.369235499438800824e-02 -1.243294796534005417e-02
-2.494130806890664312e-02 5.516766900093405396e-03 1.016147354680609072e-02
-6.954280689933422209e-03 -1.790304528293237135e-02 -4.020964456927208878e-03
-1.012319540655965376e-02 -5.711007929738976495e-03 1.121525206561595558e-02
-3.724722171233259271e-02 1.627014506814005931e-02 -5.312214930755405039e-03
-9.556499890285403975e-03 -5.161862320786535056e-03 1.157156696099825161e-02
-2.988028128515814522e-02 -5.713945059134730754e-03 1.098440552058892357e-02
-7.389769841283018968e-03 -1.385294143636590231e-02 2.011468357278939269e-03
-1.291300664356818430e-02 -8.792609288546450463e-03 1.933366258038604103e-03
2.422370169857886169e-02 9.569922997571178244e-03 1.047327380651094479e-02
-1.790570383806907792e-02 -7.026105620048609182e-03 -4.641561654953336134e-03
-3.015747516213923909e-02 3.479323271274924884e-02 -1.858131872482468583e-02
