-3.128297941771712026e-02 1.133075230462652835e-02
-1.503271043730272996e-02 2.586929046596710483e-02
-1.308951343951553388e-02 -1.549572777272268526e-02
-1.479267555584582415e-02 -1.179812185449744671e-02
-2.310341263214100993e-02 -1.633801554639413220e-02
4.775273112388234154e-03 -3.585020342920068603e-03
-2.176665846746538707e-02 -2.410813821565218132e-02
2.937744617403446196e-02 2.290004783815448308e-02
-2.508483001744594293e-02 -1.113829795375810214e-02
-2.316026829319691935e-02 1.001566788279333910e-02
-1.816491604644606198e-02 -1.028335409755578266e-02
-2.913528711011047559e-02 -7.745166459072895526e-03
-1.297710073503095633e-02 -1.678638559866465346e-02
-1.109813760023099435e-02 -2.008332172503056803e-02
-2.720940091327471444e-02 3.184914719016113116e-02
2.249060769658899755e-02 -1.167170169952981909e-02
2.965850231148649610e-03 -1.311608546471654778e-02
-8.969173050238456180e-03 -4.812798896404839322e-03
-3.726083235022414203e-02 1.718478830203800517e-02
-1.361968766253621524e-02 -2.395099075729418409e-02
1.537879995762521379e-02 -1.487622294282895351e-02
-3.252105766989546454e-02 2.231737409955061868e-02
-2.246680283549788021e-02 7.359524042268975746e-03
-2.846059126949931906e-02 -1.088726142710429688e-02
1.153044771521559604e-02 -1.903544110263481303e-04
4.177313055918160933e-02 8.749364019989132671e-03
6.066973569892743917e-02 3.101055157318338001e-02
-1.621394275301946348e-03 3.361638424429088355e-04
-1.129029599170115576e-02 -1.605100626682429490e-02
-2.020539056273643053e-02 -9.630115163143332033e-03
3.595912535179996566e-02 8.163294124619411771e-03
6.549920357389276034e-03 -1.811775524490771491e-02
-1.421300993646654187e-02 -1.023577735346136233e-02
5.409040874406442073e-02 2.329071956225631061e-03
-2.122274563044837178e-02 -2.370551950450426257e-02
-2.319050687531610047e-02 1.531984062912776327e-02
-2.495406036273088365e-02 1.065135512805013597e-02
5.875276989024044716e-02 1.519583792888573245e-02
3.353824194551442012e-02 1.429298189975345378e-02
3.945505084895679221e-03 -2.076399922860036953e-02
-2.188384725864992233e-02 2.544531251518612064e-02
1.266019757039164341e-02 5.617633731148993260e-03
1.140641754494950248e-02 2.912473005746739948e-03
2.820812300675516748e-02 -1.069671565200698039e-02
-2.091007563286997970e-03 -1.573511322083932448e-02
-1.380611897114627541e-02 -7.388115572940930596e-03
-9.633206762169959150e-03 -6.337290941681007241e-03
-7.620296934249134145e-03 -1.272268678286797398e-02
2.869198220429831220e-02 -6.523608686903708577e-03
-3.019340575162617404e-02 2.970956941815643473e-02
1.083901181032283917e-02 9.913447358178722503e-04
2.931322217327979318e-02 1.505069161570887076e-02
-7.002036876957994614e-03 4.412645768491113064e-04
4.141345374615262170e-02 5.897737338379391465e-03
6.098891960067202552e-04 6.918113901020041603e-04
1.086800877289710587e-02 1.113008958839149451e-02
-2.103347203029395582e-03 -2.024310093151277662e-02
1.633094781685366648e-02 -2.379696777225534174e-02
8.665073077622579070e-03 7.754848021381060066e-03
2.657270291207662616e-02 3.994029738259907703e-03
-2.737883578321997045e-03 -2.852269686518210320e-02
-1.734647910141772290e-02 -2.730026066125107974e-03
2.705904974468096441e-02 -1.625387743039632613e-02
-7.070059699096195929e-03 1.340358380200616824e-02
-5.465585986724736875e-03 -4.314010489007537655e-03
4.817892014526036631e-02 2.468215861839156196e-03
-3.471644451543384746e-02 1.875828478164551921e-02
-1.980045472908865609e-02 -1.736388812829321379e-02
-2.180767436962962463e-02 4.891697850897109255e-03
4.647357857658172310e-03 -6.839231331929135523e-03
-1.947656547025287607e-02 -6.160551925075111353e-04
1.464802918760194257e-02 2.055313952913744458e-03
-1.830822115780503939e-02 -9.437429114638918801e-03
2.227372293242331838e-02 1.790529346793500592e-02
6.211984015921183898e-03 -1.071047098517406704e-02
4.742420201869972790e-03 -1.054562724377594227e-02
-7.590679168741162018e-03 -1.359876675229662601e-02
-1.195729314596246165e-03 -1.682136003672307645e-02
-1.917866996015902756e-02 2.992358881711988314e-02
-1.621083401291768854e-03 -4.986626715041430659e-03
-4.464384315977043202e-03 -1.757391005243299706e-02
-1.490206479485244560e-02 -1.921078449593470461e-02
-4.378941854309171926e-03 -2.453234588762205973e-03
-1.526833493124721622e-02 1.953849588632369100e-02
-1.443497489120004718e-04 -1.375533088302943914e-02
-3.064919085836791471e-02 2.057179393148704256e-03
1.793555626404057246e-02 2.997304032116082997e-02
1.493953300116098934e-02 9.561984988882100273e-03
9.377941927896562418e-03 -1.943372647258231889e-02
2.488816642614164257e-02 1.779856443457675588e-02
-1.960835643092311356e-02 1.536373241281033079e-03
-6.573641973299614374e-03 -1.259088771109629148e-02
-2.659569235064605450e-02 -4.460285959614886282e-03
-2.440786842074086152e-02 -9.608756139317147643e-03
-1.294212410661061026e-02 -9.074688594071575812e-03
-1.841032594516676252e-02 2.591443691756206268e-03
2.224710399185426957e-02 6.137203089057987476e-03
-3.588852102183136966e-02 -1.541284017286653416e-02
-9.564617138632474508e-03 -2.145898234862361580e-03
3.924190498472585401e-03 -1.693168038217065380e-02
-8.565947092454694045e-03 -5.511208419266428078e-03
1.191535252815601430e-02 -1.217774722945115344e-02
1.563001018173686141e-02 1.956660288342241833e-03
3.115562391028621134e-02 -4.342913023112494018e-03
8.672110664277973141e-03 -1.982701697027878032e-02
-4.333813742257690282e-02 -3.149677931446541457e-03
5.069108815586374772e-02 6.232818693497895607e-03
-1.190038518224234218e-02 -1.687544089498966421e-02
4.484838300198303734e-02 1.871870314790326575e-02
-2.547305124318722386e-02 -1.138704819380544466e-03
1.390660720006147225e-02 1.485328777614799284e-02
7.803798289420104881e-03 -2.272553065835453828e-02
1.408455157143759457e-03 -1.265699645663725253e-02
-1.087924416328318877e-02 -1.736069112343458301e-02
-1.793740125103631886e-02 2.423259155143741087e-02
-1.136756556383761337e-02 2.230128880845374563e-03
-2.338851432001279231e-03 -1.471864625237182499e-02
3.194820591898600570e-02 1.291848535832897799e-02
-1.752382409175994374e-02 2.025670992974337031e-02
-2.925601236443361314e-02 3.142858015062000021e-02
-1.484487405538071139e-02 -2.198585441936481283e-02
3.044429733138141053e-02 1.318780345725377662e-03
8.124253979422546221e-03 -3.170139898543077733e-02
6.180266222611443400e-03 -2.091101713687771452e-02
-5.718233605839867506e-03 7.754714200044160281e-03
-4.963430031668467080e-02 3.458635245331767583e-02
-1.083139654607885236e-02 3.127310525830473420e-02
1.196044309532516559e-02 -2.312005921903893726e-03
1.862509774338615490e-02 9.762207503845644202e-03
2.922160477482703411e-02 6.372509430897661462e-03
-7.283586702868283420e-03 -2.304653125088418006e-02
-8.430009305671300798e-04 -1.436155471990818722e-02
-1.250196014594537677e-02 -4.917349471068747924e-03
2.055297847862665173e-02 2.532652328929424143e-02
1.803887717803346474e-02 2.241357224866202813e-02
-2.561371786403855710e-02 1.044027857653287601e-02
1.462044309948379913e-03 -8.950850584569534918e-03
6.725021505310814322e-03 -5.467343426505314949e-03
-3.155234814891220985e-02 3.414497566471604711e-03
-3.106239298980535430e-03 -6.576374421214571317e-03
-2.134187699668980628e-02 9.442820960629302873e-03
-1.140817660325564066e-02 -1.057171115951390482e-02
-1.534654110795124690e-02 -7.387952008242672751e-03
9.609611369003968548e-03 2.776541752484805101e-02
-8.782893788828915332e-03 -1.327910449180800742e-02
2.077997060868170057e-02 3.965133885051221573e-03
-1.261544137750659524e-02 1.215704517135212694e-02
2.486236525911456269e-04 -2.355715841839285327e-03
7.112096293356535287e-03 -2.947170409713633851e-02
-1.146143314619219554e-02 -1.804692129317554683e-02
5.280377313954523998e-03 -1.073122838705906773e-02
3.147185562977266628e-03 -5.715697645378562709e-04
7.387750495739073275e-02 2.839971454714953700e-02
3.752811084016696025e-02 -5.155407497047039683e-03
-4.215176393835131513e-02 -4.019632716336366180e-04
4.216409061428331995e-03 -2.787613922545550461e-04
-9.971124205616571992e-03 -2.149263924431086062e-02
3.246390824537562919e-02 -3.228928902349421145e-03
7.157482845215810269e-03 7.916591385020953220e-03
-3.110226251215048726e-02 -9.421778640540117919e-03
-1.333828175223078678e-02 1.737883424163178328e-02
-1.737358721875690779e-02 1.652468340297189031e-02
2.616582261638109291e-03 5.437469633157854601e-03
-1.368566257607923414e-02 -2.532291882205524661e-02
-2.310566272879256526e-03 -1.672857501118349410e-02
1.037646548384529681e-02 -9.480070674152310528e-03
1.381813954882556887e-03 5.334653141100183802e-04
-1.106750330733382442e-02 -2.722102257884828971e-02
-1.378767794582352532e-02 -2.057738976460389210e-02
1.908636449829589909e-02 -9.629009481586367145e-03
4.880350647135351695e-03 -1.735720491859181827e-02
3.128412682554157498e-02 2.234985348454523579e-03
-3.603648368939083805e-03 -1.744636219955200684e-02
-8.019328718378043730e-03 1.706925178873840198e-03
-1.770683100379809305e-02 -1.492159399907553793e-02
-8.495549682104669431e-03 1.936615628931288163e-02
3.957856323832814605e-02 1.550169272484497839e-02
-9.189730042497805743e-03 -9.983486514820994612e-03
-7.692998385966730301e-03 1.872145949126045178e-02
-1.316882851709265563e-02 -8.334423585074491117e-03
4.158593980328333106e-02 2.072882059504303244e-03
-8.012954120998868127e-03 -6.744145278228425543e-03
1.233514940008030407e-03 -3.689766451259825220e-03
-7.811049776443737894e-03 2.440101025828167805e-02
-1.097619368057164459e-02 -1.885467214435393099e-02
-3.115411540283943848e-02 1.148492198733335953e-02
2.038483595135669266e-03 1.698491611664618801e-03
3.691792372558803936e-02 1.192511349935150219e-02
-1.834453794684032940e-02 1.528077863006448329e-02
-1.505860325065125523e-02 -2.824089266448309363e-02
-1.272595544993543500e-02 -1.547027102385350149e-02
4.501848655397044929e-03 -2.730783154607955426e-02
3.217808956707678136e-02 -8.188705896110219998e-03
-1.970882846314424286e-02 -1.650743174900651256e-02
-6.485007077017239906e-03 -8.733654010458854686e-03
9.767559937054467317e-03 3.503351610232542917e-03
-1.683572392980939303e-02 3.422145987583789795e-02
-3.105403886178520131e-02 6.355216036964169042e-03
-1.927428643617035142e-02 -8.181159771588186053e-03
2.103165585889698805e-02 -7.731812102454774065e-03
1.349109726709488317e-02 -1.939040497186564436e-03
2.861955340815663679e-03 -2.640922919437526176e-02
1.199483586272429014e-02 -6.619392378709383932e-04
-3.131558284022177563e-02 -3.182971433082697459e-03
-3.231703892598923600e-02 -2.972270799626200704e-03
-2.124574615577432511e-03 -2.291350981778835991e-02
-2.205047490497257304e-02 6.880055397907851138e-03
-3.754172233208097863e-03 -2.908438658356425968e-02
-1.414811967495126221e-02 1.443673565625571212e-02
-1.277756365655691867e-02 2.243953253948464954e-02
-2.342826322475034459e-02 9.354261402291560307e-03
-2.212577981941177621e-02 -5.918054991986795074e-04
1.095842792898917180e-02 -2.354540378168738530e-03
-1.063452648222460405e-02 -4.149519233423338768e-03
-1.299391972824533170e-02 1.104299672246776554e-02
-9.764293843611920182e-03 -6.563955958499623211e-03
-2.286970855803036051e-02 2.195299719421811915e-02
1.521649236806868130e-02 2.869209623814959406e-02
-2.006062523068577116e-02 3.444400753411666627e-02
8.760554059389549092e-03 8.871467288598116827e-03
4.801272062498505855e-02 6.525431553198918037e-03
3.263087750943210325e-02 3.910709952785145112e-03
3.531701417414102569e-04 -1.901759393385516264e-02
9.605529417668635592e-03 -1.467436390534803022e-02
-1.562030626602157590e-03 -3.237424824374977167e-02
-7.198186687667647299e-03 1.725350147415401908e-02
-4.527086586015765905e-03 -1.645490115485441843e-02
3.785513447653512942e-02 1.034810001086735286e-02
-1.698288953832263878e-03 -1.943268056779065209e-02
1.381102139882545154e-03 -1.662933778505350582e-02
-3.789796943490844616e-02 7.888066899446150373e-03
1.902299497042092211e-02 -1.199374810728594080e-02
2.827908712512041539e-02 -1.633714707058206124e-04
6.260089033327129182e-03 -8.613811235263543753e-03
4.966026580482378605e-02 1.408892349895741157e-02
2.498228702025090051e-02 1.573249932834354728e-02
-1.930812449525806662e-02 2.005116636826800858e-02
-1.236580205110583350e-02 2.443812888726971597e-02
-1.009729986820859758e-02 1.298533769311126414e-02
2.261011922916965691e-02 -2.263737433827412403e-03
2.205714430966618927e-02 3.085840310387111610e-02
9.222608008935258977e-03 -1.802612321706371576e-02
-3.455251446516056923e-02 1.785641683005159339e-02
2.391355208330395513e-02 1.191092223546601041e-02
1.906419616659334182e-02 3.530448068774839215e-02
2.937293336079996667e-02 -6.542271109666607069e-03
-1.462965300532820777e-02 2.379761878100490266e-02
4.120190711873857742e-02 1.414778642202631394e-02
-2.816598911989761939e-03 2.897076974688859736e-03
-1.545964970892272326e-02 -2.194064305928313321e-02
-1.934352700591707988e-03 -1.482010354593088844e-02
3.763203599077181299e-02 1.917152365529107769e-02
3.970170652444470275e-03 -1.188370343864206187e-04
-2.345965762951632283e-02 5.421898998974218967e-03
-4.190103886095591923e-02 8.540371323556804339e-03
5.526528418189817493e-02 2.406943568118484966e-04
-1.401839781681024459e-02 -1.949941269701547381e-02
4.581557441224724803e-02 4.142827414809359572e-03
4.620911685874035113e-02 -5.231276778540152467e-03
-9.386117926341830744e-03 1.298297993467951300e-02
-1.020722724535486070e-02 -1.036369962812494321e-02
-2.768659506698389547e-03 2.204329534345325636e-02
-1.131836076649721072e-02 -1.061338124961152575e-02
-1.963615761576626220e-02 8.609553767492818255e-03
1.031044080729972071e-02 -6.741365219123815478e-03
-1.905972385026991761e-02 2.586754551896582738e-02
2.824894118460129569e-02 -6.277523167208774735e-03
8.255684563870394066e-03 -2.933628295375419887e-02
1.280832988035266601e-02 -1.068609401107394920e-02
1.595043111247089127e-02 -1.448225648317236387e-02
1.876170461839562348e-02 3.229404470751687933e-02
-6.150329038490961672e-03 2.434189246856281904e-04
-8.674316597707596582e-03 4.465220189198919332e-03
-3.044739872605924449e-02 -8.533246673431627710e-03
-3.280713023291021574e-02 1.537036329038590603e-02
-2.380647251250209151e-02 -1.376740848450043637e-02
-2.266893078119398483e-02 -8.959271049025809008e-03
-2.743677280467906199e-03 -1.176403024436096069e-03
2.612549672051285229e-02 3.242676871425799901e-03
-2.112995141215627190e-02 1.608502187750252693e-02
-1.075794332252819410e-02 -2.390386139507299362e-02
-7.130486712273145962e-04 -2.520505458369996440e-02
6.696088713170801274e-03 -9.821219311190365966e-03
-1.003670572887799955e-02 -5.648215596867903025e-03
-1.138194061881580600e-02 1.687188823846843058e-02
3.018978271840564928e-02 8.668628134525045020e-03
2.293321303406851974e-02 1.150305479386085072e-02
9.987816646702615125e-03 -1.296214890128741075e-02
-2.541026441004363978e-02 3.230501706411719604e-02
-4.409402616304023640e-04 -3.040422562903821735e-02
1.359242135710067947e-04 -2.462267043289207910e-02
9.522730060021345616e-03 -3.076223059476416652e-02
2.660831748347709802e-02 -1.137538842696864463e-02
1.099323046713578632e-02 -1.556493920567841686e-02
1.578936045427055748e-02 -4.282092322927944297e-03
-3.740621986779154012e-03 -7.345581316654440848e-03
-1.137883755541315919e-02 -2.320703615715040413e-02
1.560668520317169856e-02 1.680580593336900540e-03
-1.298310635195255164e-02 -6.448370044268740726e-03
-1.472041237005455687e-02 1.913029657793091642e-02
1.506503014883153919e-02 -7.223973160703048811e-03
-9.196128015285612647e-03 -1.049327564288812450e-02
-1.261316409509861958e-02 -1.050765920496806068e-02
2.406756675408649874e-04 3.270880229189133048e-04
1.074121003530592762e-02 -2.442346446170428828e-02
6.045233489732178278e-02 2.095157488806923679e-02
-1.111581520129508761e-02 -2.785004465321071383e-03
-2.553826008515418591e-02 3.097166639479634331e-02
8.780347858899244240e-03 2.567540958755426279e-03
3.468361571685281419e-02 1.356716276970248991e-02
1.780358937977323530e-02 -1.600197231044396540e-02
-1.295380898713548688e-02 1.441383932531911313e-02
1.166713189576077184e-02 -5.468777793484440666e-03
-3.551896502978410530e-02 1.080086791056143053e-02
2.670126303910221738e-03 -1.548040918442136239e-02
5.504673944845483828e-03 -1.841364774716228170e-02
-1.474094185359123982e-02 -1.576268524400328136e-02
-2.384611009337853083e-02 9.041559588754785604e-03
-1.120423813519921992e-02 -2.058770791353246865e-02
9.763038860534643468e-03 -3.039497886893503028e-03
4.759821358901010491e-02 -1.423882814137991627e-03
6.491741286063265615e-02 1.962260718280137151e-02
-2.150190222439617139e-04 -7.862246277822018681e-03
-1.796736670172504810e-02 -1.773865707145121789e-02
-2.166006983590559182e-02 -1.195935894477514680e-02
-6.196881027671055989e-03 8.753989558459322404e-03
-6.536738660953810183e-03 -1.951133225984413161e-02
-1.544369649989755372e-02 -1.195069464325873403e-02
6.690007359131742992e-02 2.933258555386385885e-02
-3.831642833290471034e-02 -1.068741571375981733e-02
4.030274280778921303e-02 2.276541477407469441e-03
1.790922727111658730e-02 2.466233199985757435e-02
7.736928928550368227e-03 -1.163259717202406313e-02
-2.997970481099087453e-02 1.162416151455727834e-03
-6.970899775805765135e-03 -1.379674502801914865e-02
1.592821602840206741e-02 -9.244743729297420776e-03
1.655552599011941156e-02 1.844589205160970889e-03
-1.107509333122970452e-02 -4.247137506671716523e-03
-1.443654740179585970e-02 -1.605720821136265991e-02
8.966932052695908775e-03 3.389048858910601036e-02
-3.396069219666638522e-02 -8.303731917193858366e-04
-3.183989369968897448e-02 -7.689033122668612746e-03
-2.189382896202997364e-02 1.253652882210276424e-02
-2.739174859525471753e-02 -5.931547567911096309e-03
3.818886234879244161e-03 -1.927939617583231124e-02
-8.050090093946738606e-03 -9.426061693397614835e-03
-2.016374500281839857e-02 -1.951924300749287647e-02
4.891624337679702922e-02 7.157707963637059169e-03
-1.151821049580627893e-02 -1.213971670906526489e-02
-1.938783273111516561e-02 -1.228579494447368768e-02
2.181372766729560916e-03 -1.883204217687287421e-02
-2.263893921389561331e-03 1.147167860078544127e-02
1.354979542683681752e-02 -7.641930273809361372e-03
-1.887410617739441673e-02 2.514738716538705149e-02
3.734924967662324458e-02 1.032105615588988987e-02
-2.332222311578471818e-02 1.159770883866842982e-02
2.139991309773558656e-02 -1.368317996583700603e-02
1.694630340096978452e-02 -1.496628220193545709e-02
-3.314480049268288958e-02 3.305962144332486724e-02
3.569454823042855079e-02 7.467913308221858261e-03
-1.730022170997852840e-02 -1.281135510014358263e-02
-1.456846267714541864e-02 3.291728985455374262e-03
-1.242254070919869384e-02 -2.545337594088932162e-02
-1.993246220876048955e-02 1.146911968106016470e-02
4.044383185839155181e-02 4.896914072467580155e-03
-3.675115560863543174e-03 -1.754278103982986892e-02
-3.349545849913417028e-02 1.966514539910313442e-03
3.511754769382361557e-02 2.569606023248430845e-03
-4.170397931432661548e-02 2.944372395469030054e-02
-3.816417609078976564e-02 4.399151313140430009e-02
-2.068597624684251346e-02 -6.578266087288406902e-04
2.189912405562884079e-02 -6.888322213891073797e-03
-5.388885796265575553e-03 -1.806947470657341986e-02
-1.267803875287113607e-02 4.072032397637449092e-02
3.644488663330842926e-03 -1.472895414494574187e-02
-1.467330554576610352e-02 -2.442939657784652644e-05
-4.107325813758395949e-03 7.483793326300262720e-03
2.850967981502895363e-02 -3.486401175195960253e-03
-2.502863650916800631e-03 -1.403737516298588645e-02
-3.036474149564035233e-02 1.064189025284663359e-02
-1.206537895766817900e-02 -1.406275429401963352e-02
7.411461809273990620e-02 2.638429992267964791e-02
-2.501238267416305491e-03 -2.163315637901915001e-02
4.856298985356045234e-02 8.597433825785802397e-03
7.820083424218100127e-03 -2.349697040565264239e-02
-9.126691399268409277e-03 -8.622605474060858477e-03
2.750846951526931053e-02 -3.270132726627722106e-04
1.226362766104217329e-02 -2.076397379204270380e-02
1.118431864876703700e-02 -8.566109807828625744e-03
1.669843628871767877e-02 -2.180761421609052602e-03
-1.091143313362187908e-02 -4.030539141956152212e-03
1.820417205988502513e-02 1.578472445707641142e-02
-1.137184744307418241e-02 2.292145796544402953e-02
-7.204483343415079601e-03 -2.324325782431731517e-04
1.094926417808489254e-02 3.975665447607853314e-03
-1.983480315787167214e-02 -6.239185060571544698e-03
1.503527645251102711e-02 -2.254653473859891556e-03
6.805054862774947456e-03 -1.791843299183024443e-02
-7.658714579981272703e-03 2.023049726680947475e-03
-4.099317079330623559e-02 5.656689682498722803e-03
-4.926879951941503383e-03 -1.898637426911663553e-02
-1.250560293685059818e-02 -1.851246581863507518e-02
5.357947794415023057e-02 1.496812441796950902e-02
-1.690003112710370542e-02 -1.546338767971046314e-03
5.924613726391175957e-03 -9.774971021309966299e-03
1.981766914758500628e-02 -9.782114576282155416e-03
-9.604112917906757266e-03 -5.039292911329398784e-04
7.044979687813406055e-02 3.283657084006066235e-02
1.136246871255348033e-02 -1.248162757787491667e-02
3.824984360987665477e-02 6.608998466434519090e-03
-1.185291766763448690e-02 -8.998149444717790796e-03
-1.996296275104445656e-02 2.755771123218469024e-02
-1.450697129870955233e-02 -2.383512272000958172e-03
7.393551538275342644e-03 -9.408286861916196481e-03
-4.824224232917448570e-03 2.412051846197737354e-02
-1.959008740234699508e-02 1.482741581481708797e-03
-2.041634510787175907e-02 2.747590243188248113e-02
4.312106827743075049e-02 8.264412351557261227e-03
-4.867761593587767444e-02 1.963484306641043176e-02
3.189743970093666947e-02 1.055036887478286861e-02
-4.914230901173595456e-02 2.223938944736932738e-03
-8.644236501296392872e-03 -1.565137674930002290e-02
-1.602395007292347837e-02 -1.689007515033727133e-02
-2.353787630388437524e-02 -1.458515968717489196e-02
-4.124300142784286145e-03 1.627249307803766950e-03
-3.093142550039060593e-02 -2.063975195228680455e-03
-1.044870419808159069e-02 -4.714059071095851906e-03
1.023025434161964689e-02 2.396839286652543630e-02
1.361552589025459212e-02 -2.174236779147914467e-02
1.576133550317422929e-02 -1.394551013596157310e-02
-2.981764917124344119e-02 -3.647639741666488904e-03
3.868420562973257787e-02 4.239682586599732156e-03
1.417573119990600539e-02 6.021683358904987224e-03
-2.718051378359680886e-02 -7.208007680816558294e-03
-9.414983589199615996e-04 2.387380569329313872e-03
2.991130108297584272e-02 1.226818090019879859e-04
3.065728019668552753e-02 1.564063587827219104e-02
-5.935194573265685329e-03 2.419803023391740686e-03
6.495240918583812528e-03 1.908804203680085007e-02
1.939561251280334797e-02 -2.755148193311785301e-02
2.842778804478388651e-03 -3.125797053321579394e-02
-2.846843630037771897e-02 -1.669867489928449425e-02
-2.519430737933581535e-02 1.603735995545723172e-02
5.951540170370402116e-02 2.442472492156014946e-02
1.020638356893096383e-03 -7.133326887128105948e-03
-5.322365496102127169e-02 6.445813590875798700e-03
-3.028317949748692700e-02 5.368698741926527032e-03
9.639665318846666470e-03 -1.851424782008303377e-02
3.069039410939527687e-02 -2.007356206163578034e-03
8.918958280959760065e-03 -7.275945105957767542e-03
4.223329430311038163e-04 2.112386910947094618e-02
-3.062484992481620538e-02 -1.762652042660485183e-02
-5.073562991273061068e-02 2.420832054252175514e-02
-7.893218025891083137e-03 -9.185836865314765329e-03
-1.856032735891387925e-02 -2.022465449252261460e-03
-7.873352750266503349e-04 -2.591859381379077454e-02
-1.858003959046386142e-02 -7.190333009313014043e-03
-3.322962988795127165e-02 -1.414144773585083656e-02
-1.202512209812652000e-02 2.680886714922815772e-02
-1.416859957246029839e-02 1.411587846361334574e-02
1.220703439550881522e-02 -1.451044840240675766e-02
7.082892570357236621e-03 -2.072409380675770824e-02
-7.694591845676772290e-03 -2.059798989957730905e-02
5.508761710962736639e-03 -6.307315816655564324e-03
-7.267975024883879982e-03 -1.293259253629798662e-02
-1.310119489034541201e-02 2.681765884813403292e-02
-2.066245255306519216e-02 2.052878067726781469e-02
-4.081026347046300823e-02 2.062137271190889187e-02
-9.956923944034639859e-03 2.093017249678956818e-02
-2.040310329681075188e-02 -1.167805170434406924e-02
9.816117328245159424e-03 -1.825297631671343040e-02
1.241450298772827851e-02 -2.678842298106932918e-02
1.683422929574560425e-02 -1.806269863707446466e-02
1.508730284573652804e-02 1.921692456311377070e-02
-4.654800533925681355e-02 3.001877128431436337e-02
2.870867249482869296e-02 1.054058611330528465e-02
1.012404693814180495e-02 -1.760747176956240986e-02
1.913000757265839865e-03 3.238054825840747976e-03
-1.036670192833539887e-02 2.007948693048402719e-02
-2.513161274952295868e-02 -5.290409008879207522e-03
9.223769261241864664e-03 -2.085676273827463591e-03
2.932618548995580277e-02 -1.662433903205843286e-03
3.798412883578256016e-02 5.667771572417314337e-03
-2.602116176979472548e-02 3.557534346302868716e-02
1.738702229295652560e-02 -2.319252755429078092e-02
1.703167752958879497e-02 1.464776732891412935e-02
2.899181995108584316e-03 3.403629861481364573e-03
7.457524862562099621e-02 2.109785685521738119e-02
2.413360089826584523e-02 1.532428039427720726e-02
3.516273364801588558e-02 1.684906118007190381e-02
2.399461093690662128e-02 -4.834173118118806171e-03
7.594882804808614565e-03 3.897697416930119649e-03
2.344401783308988282e-02 -5.542655127939460739e-03
-2.026788402954898816e-02 4.118022897235566054e-02
3.493709033286843818e-02 1.135350869976283449e-02
-3.701865608596307394e-02 6.715181838551932507e-03
4.023391149254063048e-02 -7.092810138553215949e-04
-6.023415101158552734e-03 3.191845941755121381e-03
-1.814063086773310893e-02 -1.997320042566664081e-02
9.692944585565844290e-03 -5.784934005057317669e-03
-1.391706796803463334e-02 -1.784666052612905035e-02
-4.831185941557807409e-03 3.701549174944593346e-02
-2.817833936789091581e-02 3.281413588477304771e-02
2.018200574380400736e-02 -2.013501457137131453e-02
3.163252519507051691e-02 1.127772596807578159e-02
-1.773753785064658209e-02 -7.016892405505510515e-03
2.001849913341078105e-03 -1.563159554542884215e-03
-1.932534834288159031e-02 8.892063832918029433e-04
-3.907672673335656210e-02 2.501035546937725382e-02
-1.685957273933037358e-03 -1.310398269286791421e-02
-2.217352121622605948e-02 -1.432150923473547071e-03
2.328267554375691023e-02 3.562839935573092892e-03
4.290552495746365047e-02 9.634326266552174778e-03
-4.711253253998672064e-02 2.312548535919130982e-02
-1.853842854193307049e-02 -2.144774069211055970e-02
9.995528458969598490e-03 -1.188654050011134222e-02
-1.442619690789691267e-02 2.496109015261773964e-02
7.621997022547720782e-03 -1.879430666909047420e-02
5.258271264200149731e-03 5.989343651250039410e-03
1.473531739185957035e-02 -1.687917606259316337e-03
-5.202396522239299305e-03 6.060459187823889933e-03
-2.928726227801761034e-02 2.987218677394093327e-03
3.805202764032748763e-02 2.173957416358758554e-02
-1.170450222613222263e-02 -3.719723142439498430e-03
-4.641378206865644229e-03 2.995296017557097512e-02
-3.481757503203251891e-02 -5.104669377552686210e-03
-1.666914925893344876e-02 -1.880696563514065722e-02
-1.280368671269573044e-02 2.506844990112465019e-02
8.140909920951160811e-03 -1.745301417136594854e-02
-1.991965803947762584e-02 4.646503389907361350e-03
6.366821748972006922e-02 1.387268489033935751e-02
-3.187254282904838226e-02 3.249665459182977945e-02
-2.347804323272810467e-02 -9.770297183201590019e-03
2.831554661096728417e-02 3.157826479092432775e-02
-2.273358633995989711e-02 -1.703038105778110697e-02
1.234180707338428107e-02 -4.192483804096493703e-03
-2.306960751705667764e-02 -2.508902845846419649e-02
-3.175140101404368836e-02 3.004923920816450142e-02
2.527712871244243778e-02 -3.558979628390277622e-03
2.054017626995377835e-02 -5.351831660025154792e-03
-4.338445099366201700e-03 -1.428754589805566674e-02
-7.654469345488964160e-04 -3.364747558972625962e-03
4.232194613553954925e-03 -1.363988772634595545e-02
1.574247748499254737e-02 2.230860310092622895e-02
-2.691071511659607826e-02 -4.598163282213510103e-03
3.937184127475338376e-04 -2.046332296065029449e-02
-2.026284527108151122e-03 -1.425570539239464155e-02
1.609949441852553259e-02 -2.287652506881440381e-02
-2.648033180389705588e-02 2.870506721748293869e-02
1.957651685977930198e-02 -1.314444984246710552e-02
-7.902942246381806923e-03 -7.407783758536739746e-03
3.634912514585501506e-03 -1.977851483001158081e-02
-2.823218358559205499e-03 6.908801963714252502e-03
-1.494517478500107487e-02 -3.040989350328887012e-03
-9.385889994128942052e-03 2.141835772321283582e-02
2.070535596057673094e-02 -1.683659912574276239e-03
-8.395537658166654649e-03 -2.099773528481475859e-02
-1.576965275060526923e-03 2.914830076457226513e-02
1.065630773382218212e-02 -1.562809477554499837e-02
3.578149215742677802e-02 4.501584088006028127e-03
-1.369697339287098648e-03 -1.553424497504121184e-02
7.963990305463674105e-03 -1.969342042088899000e-02
7.913047307278153752e-03 3.182659863379931359e-03
-1.486611761430516737e-02 2.838772712388469913e-02
-8.416675690607889867e-04 1.802853384352242488e-02
5.755081308704615428e-02 1.973177634467222774e-02
-1.720959891677886463e-03 -1.536220118246190910e-02
1.480862142240716404e-02 -1.238159994363039959e-02
1.395154786329576638e-02 -1.374906399595513320e-02
4.804255794332186295e-03 4.446972616330252775e-04
-2.082727792930138752e-02 5.655724890994999997e-03
2.415571328806721471e-02 -4.261862430648731027e-03
-1.018045319575609960e-02 -1.261611861037844132e-02
5.053433632425498312e-02 -8.207258212959599869e-03
-1.810540983615622698e-02 -1.810724900506830923e-02
4.245139288933561655e-02 4.892766479318129240e-03
-2.969978456219640045e-02 2.922848192179278159e-02
3.365323735573027414e-02 5.275772920242827874e-03
-4.419186324826028349e-03 2.728245536292781253e-03
-7.663024319627926607e-03 -2.377707456232737437e-02
-1.141216753031333055e-02 -4.268321441121038402e-03
-1.958852663268521518e-02 -1.253405938821031248e-04
-4.717547039423426215e-03 -3.334612428445790644e-02
3.007101345020792710e-02 1.180857579484994452e-02
-6.964097903360819998e-03 1.684499298596695656e-03
1.231270185045266891e-02 1.446453954456322286e-02
-4.444614614606579874e-04 2.068212319861511064e-02
-2.240364043496671006e-03 -4.768162224959956313e-03
-1.837732126837615318e-02 2.486998275276629602e-02
-4.478881588688771176e-02 8.495192388806622683e-03
-1.648215334845714794e-02 -6.109693015859205684e-03
2.734115015030429141e-02 5.633944327283303861e-03
-8.660613095904826780e-03 -2.862468867275693232e-02
-1.858300376670642389e-03 -2.145208832450845940e-02
5.652788983288241365e-03 -1.591297665557761531e-02
-1.960167058869011908e-02 -1.656746251583424145e-02
-7.559744490808521615e-03 -8.203684996545437466e-03
2.116973867103127266e-02 1.488303535554447686e-02
-5.237476323704870658e-03 2.290170860628822080e-02
3.530918429820519011e-02 -1.649921152408783884e-03
-1.708385334828192020e-02 1.143433684642834736e-02
3.252059283965989811e-02 3.141789804170659617e-03
-1.014876446367928876e-02 2.748752596738614391e-03
-4.016181439072829401e-02 3.228421680099849422e-02
9.699516598404742465e-03 4.573207538571826707e-04
-2.380857949944611626e-02 7.964397530363917510e-03
3.775440011202139262e-02 5.709048204788665613e-03
1.738686219057289373e-02 -1.887495750673761534e-03
5.452932048487657156e-05 2.052708554724752988e-03
-1.201836851095389527e-02 -1.496257730619797791e-02
1.872650833023810357e-02 2.135493389064791955e-02
-6.208406862014859313e-03 -6.255762173938592477e-03
1.455738403747940980e-02 -8.059326771539820217e-03
5.890309118002105132e-02 1.648596501078587739e-02
7.462407302988735775e-04 -9.555500663133483646e-03
-2.773737895449298815e-02 1.773647102834645384e-02
2.966051329586889829e-02 4.360235784143671502e-03
-1.512028046056464094e-03 -2.518864049341467196e-02
-1.471142084189732031e-02 1.211434781922213037e-02
-5.828917274863214953e-03 -1.118846254573079013e-02
2.726444268085675277e-02 2.178981240204834469e-02
2.355379177830344700e-02 -2.607055145353228635e-03
-3.292016493739544081e-02 1.650550040395369969e-02
9.986347180858154426e-03 -1.126455313799538255e-02
3.457209293221016888e-02 1.567810377763699178e-02
-1.690760484985259077e-02 -2.190953972161545013e-02
1.060375633142336509e-02 -2.370940054599982028e-02
1.628246148362154019e-02 7.368648486313247696e-04
-2.743780201889270062e-02 2.421861233839097197e-02
1.609731199288315720e-02 2.042372914995574384e-02
-2.209200324389963381e-03 9.621640676749648388e-03
-3.250302001710145272e-02 1.338758365057374569e-02
4.751772546151117847e-03 8.025320639859766583e-03
-2.910115889451560939e-02 1.546745014915989688e-02
-3.296576278668079257e-02 -7.528855022421687866e-03
5.946854416796461262e-02 2.324087464510438822e-02
1.745438441587415053e-03 5.492286033213215034e-03
3.796124349339612125e-02 1.223457591277071418e-02
-4.307196061818199112e-02 3.240379812078830746e-02
-5.280358037866687143e-02 3.471006453201084391e-02
-1.362252174179779014e-02 -1.142861447845496155e-02
-1.182421981875202317e-02 2.115390139685855916e-02
-2.710878358075427541e-02 3.132395521456087569e-03
4.411440726086333398e-03 -6.703037791597324380e-03
2.994823603124750853e-03 6.660568743521063902e-04
6.616175915182313794e-02 2.112847247261539704e-02
-2.479193659130846886e-03 1.812321681178160129e-02
1.093565348529948814e-02 -1.193059647286958888e-02
-1.531337754368209368e-02 3.030118641210185690e-03
1.512059288594032325e-02 -5.223159279043446124e-03
-2.840887986701931545e-02 -6.767823943713212678e-03
3.817988116810364096e-02 6.695069492464824669e-03
-1.009723265899755557e-02 2.889167612887331635e-02
-1.628848316503197016e-02 -1.364865516549158960e-03
-2.466304884469923756e-02 1.293820838056675311e-02
2.064445539252174680e-02 -1.319198266568671896e-02
-1.365602505546773676e-02 -8.547323048551569782e-03
-7.773097514178047875e-03 -1.486268646804075888e-02
-2.489727594442252626e-02 -6.829896851002566389e-03
-2.785436168838811930e-03 7.358050147266339408e-03
1.137203451123847998e-02 -9.761330006115022037e-03
-1.288488850459184806e-02 7.468411882819296285e-03
-8.515357269395599019e-03 -2.118457236487157613e-02
-3.283630630463098277e-02 1.741425837854214398e-02
-5.920481695929416532e-03 9.679659569079004586e-04
3.046422220315237600e-02 5.948247564611227819e-04
-1.148863915350013636e-02 1.825767139374876932e-02
-7.021571455496567436e-03 2.490120720035122418e-03
-7.865853222333617570e-03 9.434756635789343787e-03
-7.357876946070065344e-03 1.752957138304081508e-02
2.646521449681802848e-02 -6.494319574060092998e-04
-1.689306827135522368e-02 2.397691338828931290e-02
-4.856812596294227818e-03 1.464896832974873270e-05
1.926637220994694560e-02 2.403615853204901787e-02
-2.613455140488984974e-02 2.624648173977039978e-02
6.442954336922747383e-03 -1.430869905514114450e-02
-4.789058947471762362e-02 2.566016013392772091e-02
-1.232888831425217428e-02 1.166857185113880958e-02
-1.368154058328276135e-03 -1.160259454376718659e-02
1.031300073099477958e-02 -8.405592785747432322e-03
-8.448616915499343807e-03 -5.970726260095062660e-03
-1.493588615129834603e-02 -2.016822819106795298e-02
-1.156906137990450049e-02 -1.854279629128570764e-02
4.466061656668549734e-02 5.759309081753166519e-03
-3.080953723695374451e-03 1.167659950831858966e-02
1.521746893827788209e-02 1.824750454154505435e-03
5.333364191572616264e-02 7.053377417009404002e-03
-1.053552239060948602e-02 3.369207450017495248e-02
-2.975944072533361073e-02 3.298562434896736006e-02
1.364290158295946090e-02 1.554694050861563787e-03
2.908790076210350517e-02 2.156392061655769063e-02
-4.704404400009794956e-03 -2.357240236281675505e-02
-5.921411233432946923e-04 -2.095172776509689541e-02
-1.289797018988340233e-02 2.944318552540256539e-02
2.814111081550441443e-02 1.897392346929275414e-02
-7.612842543254900139e-03 3.038966130552809425e-02
-1.936158401425932749e-02 -2.412488420922959120e-02
-3.433643997521761138e-02 2.275021869096811172e-02
-3.660726184494795393e-02 3.028611976507887202e-02
1.864423148535811550e-02 2.632217430407770425e-02
1.155370954438524750e-02 -1.272067713620592469e-02
6.565031987711265893e-02 1.512188745477071293e-02
2.261761034497691142e-02 1.295864231480546233e-02
1.964452337649722196e-03 -1.029747867619883184e-02
-4.452682655648586112e-03 4.241501114515603549e-02
-1.639957505871785307e-02 -2.750136767661623058e-02
-5.699423148538274031e-02 3.628459040660732965e-02
-2.116889826297297869e-02 1.686239218535135267e-02
-2.744748862498757615e-04 -6.627041402750718374e-03
-3.014186375051783329e-02 -5.370117815591365267e-04
3.107659479180028411e-02 -8.862414922919390967e-03
-1.032549121695719788e-02 2.721581422439328310e-02
-2.480533494627784608e-02 1.330263578385434617e-02
1.809756067442678737e-02 -6.265459852869354265e-03
1.268402134601066475e-02 -1.347995311412501784e-02
-1.998626487886425926e-02 1.521657045149542482e-02
-7.925588495464598940e-03 9.259905738971636185e-03
-7.855249339296327057e-03 -5.953794214084264305e-03
-5.644120255811895838e-03 8.092486356822421734e-03
3.735754070200594107e-02 1.063418411002355415e-02
-9.485082451513688132e-03 1.505775010541150760e-02
5.262815065992454411e-02 1.989091123170308104e-02
4.617597004235206304e-02 1.780228742452370436e-02
-3.568828916564871501e-02 2.793629959368417598e-02
-2.899253207235171631e-02 2.022988166847524208e-02
-7.451470231278404383e-03 1.134510648068172770e-02
1.735955027695722935e-02 -9.661340674858251779e-03
-1.505414135958942513e-03 -1.015969120076064963e-02
-2.252849195577088029e-02 -2.724844444568429169e-02
4.404728681986883054e-02 6.601492593316910613e-04
3.781433581937464206e-04 1.268978887442858382e-02
-2.849816818982638458e-02 -4.243399706553123429e-03
1.350266482836196078e-03 -2.133593273975150154e-02
1.667954320072345675e-02 3.071649488076626938e-03
9.261153293937229858e-03 -1.176606503076769832e-02
2.059448768534619806e-03 1.612463544038401572e-02
-3.710146260053471482e-03 -1.834863075849695740e-02
4.025044850486832887e-02 3.832597509983917596e-03
-3.291416296181794154e-02 -2.566189946743456171e-02
6.626388526121546052e-03 -1.464584115550001710e-02
-2.462532355258111472e-03 -2.083842738706316589e-02
-3.744680483671686266e-03 -1.491394561279684935e-02
-2.493654551584964171e-02 6.549442763348616026e-03
-4.469401997469994725e-02 3.852733375066553882e-03
1.161425300478417105e-02 -4.709131222834284959e-03
5.412263615920807035e-03 -2.604246453426993860e-02
-2.854339963783180875e-02 3.019854338861619261e-02
-1.982917378094678235e-03 3.434193018951616199e-04
-2.478704034322320657e-02 4.583095640697933647e-03
-3.652304822821581670e-02 -1.053813577906031161e-02
-1.506105776546682283e-02 -3.396961367371297870e-03
4.097328990664764192e-02 7.285116415039216871e-03
1.145055426273916717e-02 -1.225077462382972385e-03
4.328647886139637413e-02 2.439391131287972202e-03
-2.672808569947288104e-02 4.055795592797854093e-02
6.675798097827228238e-03 -2.891982002000785534e-02
-1.250295649472660427e-02 -2.035176326839812852e-02
8.481269461575464963e-03 -2.706884153181501884e-02
7.035785453866669203e-03 -2.926562794472559181e-02
2.710638924604031816e-02 1.115440928626538521e-02
-2.571651617847568738e-02 1.630846049148660520e-02
3.119679904466295117e-02 5.281777446674505196e-03
-4.720623646936363167e-03 -1.866616290905957071e-02
6.900644550010792168e-03 -4.844243908563570546e-03
2.203803308550826914e-02 -5.798980923860366267e-03
-3.038210664477448281e-02 2.002329546687069486e-03
2.703556619272819844e-02 -1.082688865314726002e-02
4.456644611112976773e-02 6.331039829335876994e-03
1.210875819042714699e-02 -1.591827470236675856e-03
-2.371905650964440532e-02 4.420190237722234315e-04
-8.289793160174778117e-03 -1.881706565245152077e-02
-1.929019555838907760e-02 1.744936123094586664e-02
-3.934405661423581030e-03 2.113649861142336689e-02
-1.535180012640445860e-02 -1.494347429314063676e-02
-2.308350785535640687e-02 -7.091206009652740051e-04
-8.700834468410259537e-03 -3.521130551977160513e-03
3.017320383063896647e-02 1.774353974121315293e-03
-2.313097286955351911e-02 1.794682304024030131e-02
2.941130713334683556e-03 -1.841362246020765772e-02
-1.887087010922892244e-02 -8.736894584119239346e-03
-1.169663514185778196e-03 -2.118626790187111766e-02
-2.934001069125358185e-02 -9.827668352587760545e-03
-8.705389464970705177e-03 -2.216779785202966160e-02
2.925324591006099248e-02 -4.728210069485109992e-04
-3.254932524966041435e-02 -2.060339413412784829e-02
-1.892442491785082184e-02 1.893750928754531562e-02
-2.246423945793747570e-03 -9.273928569456609330e-03
1.092121560751833746e-02 3.228078273101681137e-03
-9.871031427966771993e-03 -9.636950164854321196e-03
2.416031956319055277e-02 2.321626803431894176e-03
-1.211029732544408391e-02 2.374087973237457364e-02
-2.572255901258768337e-02 2.267352770177652466e-02
-1.753589399175146946e-02 3.484439426179238714e-02
1.924488128755132491e-02 1.085468357906125333e-03
8.882692701400943594e-03 -1.441669164791823873e-02
3.686118074150069451e-02 1.990110108774316086e-02
-1.078858155743064526e-02 -2.543763173581499101e-02
2.246882345109731810e-02 -7.090380894629358735e-03
-1.281742898724595216e-02 -9.029916809089636245e-03
4.142813363259876397e-02 1.975312775106697477e-02
1.450867424342601290e-02 1.078358924998327854e-02
4.528851911348349968e-02 3.387582666424724959e-03
2.251266119130474613e-02 2.151989634700658335e-02
2.358993389020647147e-02 2.527642504005518393e-03
2.825894474762991743e-02 -1.586093914840769684e-02
-1.284528430502761970e-02 -1.486470880881275020e-02
9.273167590147891187e-03 1.935524120611790619e-03
3.921943658033846120e-02 -1.347173490336565091e-03
6.233626660995114470e-03 -6.528928789925439978e-03
3.152425304218897401e-03 -1.301664895951021132e-02
-2.457162233855108777e-02 1.558901398542576408e-02
4.564349163548878097e-03 -1.989183907507154070e-02
7.783333834505269493e-03 -2.080332035778518704e-02
-1.189081081822824723e-02 6.662325672831997990e-04
2.392050103382195592e-02 -9.014324645116755796e-03
-3.576254206858557258e-03 -1.679852887177037905e-03
6.669946335169262734e-04 -7.447402252922762263e-03
-1.909115123343077536e-02 -2.626159766293413144e-03
5.261998006130055860e-02 2.005588191977852527e-02
9.729061025963277320e-03 1.926477756698822966e-03
2.971760238122881509e-02 1.191359507177412735e-02
-1.637492863181381347e-02 2.434567975901647321e-02
1.754381109525035565e-02 -1.139864037986713929e-02
-7.510301545624718626e-03 -7.965161556623285774e-03
-3.401988441962979642e-02 3.494127750281014744e-02
-1.588825625251006832e-02 2.716435382955268915e-02
1.510106488242176671e-02 -7.636406362620380001e-03
2.686981380830203228e-02 3.582981131584761156e-03
-1.525300317108193790e-02 -1.418032937713578981e-02
1.396345499621635955e-02 -1.084929542125505006e-02
1.907671971357093391e-02 -4.438287589020087007e-03
1.653956303329899569e-02 -8.485741290292048850e-03
1.150060649884774742e-03 -2.004857146343088509e-02
1.031077906204383790e-02 -2.073583708701453102e-02
-1.807307837667544367e-02 -7.142940945195293961e-03
1.805671663821915851e-02 -1.117255107033129739e-02
-1.061811231946959908e-02 -9.881823778840970532e-03
4.871278997463579334e-03 -8.229170562750064491e-03
-3.075354421015923795e-02 3.040243384410556277e-02
-3.477962377074768352e-02 2.417788172674258107e-02
-2.490881570897222549e-02 -1.286144937626394411e-02
1.819637566754625686e-03 -1.243171944280004743e-02
3.434446992202573601e-02 9.950662727120222414e-03
1.292283181486793102e-02 1.008938298819491743e-02
1.459817614870415406e-03 -1.300055818958302349e-02
1.469323708073046186e-02 -2.022281392565521488e-02
-4.757478936514440530e-03 -2.556678034736081101e-02
-1.448820004589513634e-02 -8.599859613384554582e-03
-8.216886265244910739e-03 -2.718139621206859449e-03
-5.515133274913659733e-03 -2.036070747156414409e-02
2.432749476607832390e-02 3.772576410107864910e-03
1.592402044260866900e-02 3.177454284832983283e-02
8.914778022541381894e-03 -4.858707901701551403e-03
-1.096669690466489828e-02 -2.150000317880015194e-02
2.078707738460974785e-02 7.167520570822978436e-03
-2.515148137076204243e-02 2.931785145694985537e-02
-1.547090345818181133e-02 -9.408262069328663171e-03
2.551111043322140323e-02 -6.997460147074303742e-03
-3.132718763847626431e-02 3.963774107040147349e-03
-2.838041124459401640e-02 7.974066261954477347e-03
-2.263568273974165407e-02 -9.258837784719479297e-03
4.803210089555689372e-02 1.023704595596954502e-02
1.340138225244829479e-02 -1.128768309950774554e-02
3.236947450444115082e-02 2.720295249522116862e-02
2.702746504198126620e-02 1.739755685901826082e-02
-1.513807809165748121e-02 -3.369005700527320183e-03
3.057494663370004338e-03 -6.894347264333950450e-04
-1.048922072447603347e-02 -1.327597933826783760e-02
4.597552668172862067e-02 6.660810373832015338e-03
-4.066285781261952913e-03 -2.007717372165698094e-02
5.737411452329735720e-03 -3.192769578205145731e-02
4.585530497615713380e-03 -2.201837814455874509e-02
1.896524221102941984e-02 3.641227862673901416e-03
-2.646186092756045577e-02 1.247660476235203791e-02
-9.658758230572146589e-04 -2.005972600963870645e-02
-3.228392425211094874e-02 7.169470248025224327e-03
-6.293643391454835367e-03 -9.247570305434755708e-03
2.881960290500103564e-02 3.683290947608578933e-03
3.855049869891837705e-02 6.352448188294652562e-03
4.771125654874013022e-02 4.507870498537858324e-03
-2.297414444143452625e-02 1.251770291517260818e-02
-7.164544976150982215e-03 -1.415408222913278492e-03
-1.140930063469651305e-02 4.642516336377267364e-03
2.558609423492333793e-02 -9.922367854036951915e-03
-3.108739362389246683e-02 1.630616577832550568e-02
-3.751465190875491896e-03 -9.669816220800776449e-03
-7.942537129386289391e-03 -5.877841916197223092e-03
8.735121494118340199e-03 -1.677635779601100233e-02
2.363780245232158239e-02 -4.442025131800923961e-03
-3.767001027185233608e-02 2.367441214017855511e-02
-1.152852505713959294e-02 -8.737771086306687571e-03
2.532586380674525794e-02 1.057059074771504563e-02
1.408913556762716145e-02 -3.890147475504745003e-03
1.964245897427060669e-02 -7.694289746456429643e-03
-3.146745455218737109e-02 -1.697012510287496112e-02
4.127022520725205645e-02 1.089899367032721479e-02
3.739626596281869775e-02 -4.298563213551373670e-03
-2.720212929107297672e-02 -1.760070080850717131e-02
-3.660770602013268486e-03 -1.010500600248726922e-03
2.752260646408879671e-02 4.281281678531431191e-03
-1.870510299814535232e-02 -1.194900265113708372e-02
3.010559251772745512e-02 1.083646450453169818e-02
3.831046080294698425e-02 2.494770742812351446e-03
1.829485304806292845e-02 -1.833785090103969354e-02
-4.389947862396486461e-02 1.589286701751163253e-02
5.247402703680975871e-04 -1.650238497592627918e-02
1.390674532278917200e-02 -2.690114543017008922e-03
3.404709978832207162e-02 4.719155561925707405e-03
-3.050571598735911730e-02 -2.643637030016364464e-02
-1.287158351449146053e-02 -1.396263932774716165e-02
-8.920453449335124727e-04 -1.888850743057627138e-02
-2.518941699278262267e-03 2.761871553361723575e-03
-2.608579928372551163e-02 2.439893364140837979e-03
7.258285734382447819e-04 2.338972122310345458e-02
-2.422400153624233721e-02 -3.279228804705337872e-03
2.936554483786114542e-02 3.966400722413867576e-03
-2.908152173432980783e-02 2.127032410715175639e-02
2.186994111466836546e-02 1.157104758495901449e-03
-1.540226396016371874e-02 -7.543943595015306126e-03
3.517220914872913606e-02 -4.353559120673753009e-03
-2.014559116472438086e-02 -2.006404753654190271e-02
7.735524043617991730e-03 -2.034131026444084209e-02
1.135668061446211061e-02 -1.234219983678130385e-02
7.475688897804044081e-03 -7.022628862665491502e-03
2.588216478076899724e-02 -1.018421283321963966e-04
2.267447033810813389e-02 3.876289632461734237e-03
-8.946096124931109464e-03 -1.562692342494454573e-02
2.659998211074286398e-02 4.699274439704671791e-03
-8.117868050807188623e-03 -1.265933857814576999e-02
-1.400686233512753349e-02 -9.029205167776685123e-03
3.298788414787634515e-02 -1.104814239070120007e-03
-1.285954716014077980e-02 1.280843801487300225e-02
-5.713233873774881295e-03 -1.286424789987756535e-02
-3.996371679911717156e-02 1.310013447644250463e-02
2.315481818831315042e-02 -9.320001368309360074e-03
3.498595129878226406e-02 3.984534689094911854e-03
-1.442934273670686864e-02 -1.530484481972589107e-02
2.679647582543764200e-02 2.680688864393460102e-03
2.893255414464170842e-03 -1.519200437100725817e-02
-1.074626250995892179e-02 -2.434046621896072612e-02
1.742039097862129945e-02 7.607386457180995154e-03
-2.568366433929480247e-02 1.491423417809691065e-02
3.054711779699808769e-02 1.826442609836231856e-02
-4.702093048160238889e-03 -1.798336222385405955e-02
-1.000870164212907046e-02 1.849787762554235687e-02
-1.571984147614240157e-02 -2.355742211604565112e-03
-3.007901179767759337e-02 2.947333772018993769e-03
-5.238313711445037602e-02 2.241912216001585093e-02
-2.487249715067637104e-02 -3.505640579480636624e-03
-8.246936510229951889e-03 -2.157752390987680360e-02
-6.598853395380975366e-03 2.977110270259467062e-02
-6.431024471360627208e-03 -9.306777749652238307e-03
-7.245005723419685809e-03 -2.045369145978716968e-02
1.195808885560915857e-02 2.750867729156015323e-02
-3.590309641729898943e-02 1.101850934071561339e-03
-3.809248165290449618e-03 5.789070142223565717e-03
-2.969404840677064561e-02 2.571660334793937630e-02
-1.676856033882383537e-02 -1.024832021040251485e-02
4.548343999523550563e-02 1.069730711766277934e-03
-1.782840118702727975e-02 6.204602657543927544e-04
3.837019802960240505e-02 3.247796107906444907e-03
-5.466448130434833561e-03 2.019893802823345685e-02
-1.096195460189204607e-02 -2.185747795456908713e-02
-2.892644798401810408e-02 2.298144777995995112e-03
2.342949177032946362e-02 1.592777351386936123e-03
-9.268839977112483877e-03 -7.452036107264476371e-03
-1.459772055806409646e-03 -2.229907499611940083e-02
-5.762942736719032198e-03 -2.182436996609374725e-03
-2.457395564504506053e-02 -2.164648797987204359e-02
-2.608015124218152764e-02 2.933145642379143478e-02
-8.102822413876402743e-03 -1.396385795417016788e-02
2.545518402977179923e-03 -2.335880772013142898e-02
4.890798716992165096e-04 -3.189534109906545616e-03
-2.317672782191154625e-04 2.452130007520210778e-02
-3.596766271502938560e-03 -2.082181380206146737e-02
1.629098334870004300e-02 -1.133732888346388086e-02
6.464538967860600834e-05 -1.663992909210785034e-02
7.200336869929858941e-03 2.855953204979524290e-02
-3.292469521478429140e-02 2.828365481771996301e-02
1.308359490472627007e-02 -1.448033690881441512e-03
-3.115037221046370111e-02 -1.798966049916541840e-02
-2.718605275828721995e-02 -3.244581416354161939e-03
5.977921915437471242e-03 -2.376557154040342262e-02
4.173381645549759794e-02 -1.078549214267359108e-03
-2.597365535233276193e-02 -1.717032933077161302e-02
-2.056777258793902625e-03 -1.592152088989177289e-02
2.694825135152711156e-03 -1.705448740902247573e-02
8.648688150739252539e-03 -6.966193582528237317e-03
-1.745999220319634226e-02 -2.369235499438795273e-02
-2.494130806890663271e-02 5.516766900093444427e-03
-6.954280689933433485e-03 -1.790304528293234707e-02
-1.012319540655966417e-02 -5.711007929738959148e-03
-3.724722171233254414e-02 1.627014506814010789e-02
-9.556499890285414384e-03 -5.161862320786511638e-03
-2.988028128515813134e-02 -5.713945059134676110e-03
-7.389769841283025907e-03 -1.385294143636587282e-02
-1.291300664356819124e-02 -8.792609288546419238e-03
2.422370169857884781e-02 9.569922997571127937e-03
-1.790570383806907098e-02 -7.026105620048577090e-03
-3.015747516213917664e-02 3.479323271274928353e-02
