7.090374258472941817e-03 -1.469043949616562032e-02 1.554373713747776199e-02
-1.893758951349778369e-02 -2.934757577951135898e-02 -1.035420012758013616e-03
-4.314054627909670592e-02 -8.303567740872361269e-03 -1.448598406049715626e-02
5.915119205253504230e-03 3.180851882844901168e-02 1.259102803664668112e-02
-5.842219418497614225e-03 -2.595153158283543260e-02 -6.897032020426342031e-03
8.615908859171683698e-04 -3.626405357861197786e-03 -1.973365063355995638e-02
1.045750687070251365e-02 -1.008566179655911652e-02 2.170359323530503606e-02
3.160063299252420521e-02 3.928144928906734251e-02 6.407107352086445495e-03
-3.042482417913273431e-03 -2.043138126657157924e-02 -2.050406945926002734e-03
3.526111759997486300e-02 1.817480456396483937e-02 -2.635083100766638393e-03
2.286982465854239810e-02 3.577934166664069760e-03 -2.589106204730355978e-02
-4.502075175870917656e-02 7.013454522008738014e-03 -1.157848605199691093e-02
9.309527867964917554e-04 -8.510335138762313220e-03 -2.114039987809255422e-02
-1.913089148460379862e-02 5.369518275023739233e-03 -3.060611563322774079e-02
-6.281792675687215832e-03 -2.565238460933634557e-02 -9.242958686311395639e-03
-1.363239167571814528e-02 -2.268759373823808420e-02 -4.035569633535379674e-03
2.581904400793530105e-02 2.438773672821466926e-02 -5.480738171831588644e-03
1.666578499898715982e-02 -1.489079368694284401e-02 2.313159045154583940e-02
1.388281658555200714e-02 -6.716979117828446311e-03 -2.095237342951299098e-02
-7.055125283356345096e-03 -8.699394534224720935e-03 6.790979718674418093e-04
1.340594861660450443e-02 3.758173541277649854e-02 2.366381862341180448e-02
-3.216461301134904832e-02 3.077623409048733244e-02 2.282677414120056272e-03
-5.657630395137593950e-03 7.432841182756584099e-03 -8.275466030552390898e-03
2.198151867283645519e-02 -2.528005578710390208e-02 5.345807352542015708e-03
-3.047574384594875160e-02 2.340592643864943413e-03 -2.179710945942169020e-02
-5.460746714566242638e-02 1.810296385707372765e-02 1.826245797092406267e-02
-6.901916061098281943e-03 -4.902775114461528638e-03 2.917350788275875975e-02
1.498632088858017040e-02 -2.803216845542590152e-02 1.609836925762844415e-02
-1.602790060552288995e-02 -1.405133821365739128e-03 -2.101955254167825124e-02
-2.561493679842587884e-02 -1.216758854837167968e-02 -1.228567448888124095e-02
-2.967269348800253073e-02 9.366680610956882799e-03 3.316657773976287166e-02
-1.445768968174281424e-02 -3.115856152277396429e-02 -4.965947987527656073e-03
3.630413713368019907e-02 1.625093979091936716e-02 -2.021158870093697074e-04
-1.597045042271671295e-02 6.337232916912435669e-03 -4.347397731595667968e-03
3.169444061455754108e-02 4.056693811296683584e-03 -1.854081071259564353e-02
-4.794358804294362314e-02 2.118730792956794937e-02 6.474999441169011424e-04
-1.436226154446798575e-02 9.593099422619639702e-03 -2.551937172771492901e-02
-3.960263458921059248e-04 -1.721806575592853272e-02 -1.288295166719551771e-02
3.778801954001400482e-02 4.268866160939709976e-03 -2.812298460041369116e-03
1.662777668175606516e-02 -2.450579684797695931e-02 1.610474113338713348e-02
1.516812515253117277e-03 -3.547481879593673837e-02 1.133536825819335056e-02
3.512687475653196098e-03 3.792562577327581331e-03 9.909837321662486043e-03
-4.500825839245733984e-02 -8.336953649935916963e-03 -1.249281324602149849e-02
-2.646689125850450186e-02 2.667146579640509649e-02 -1.823327306738885831e-03
-4.148314382788346327e-02 4.768774989249735009e-04 -5.891140968459526554e-03
1.387125559230830037e-02 -2.892280554929360648e-02 1.375422519872954857e-03
5.220609846341832394e-02 4.594987706019051932e-02 8.185224049422458806e-03
2.009011859889751547e-02 -2.607853783837639147e-02 2.583635612311751054e-02
-5.572260041492224474e-03 -1.114458314303192962e-02 7.365121363061771266e-03
-5.210169651293998505e-03 -1.598053451067718220e-02 2.257349143968352938e-03
2.175648655533074516e-03 -2.643026735167711486e-02 -4.714178601909290063e-03
1.381815405631003912e-02 -1.489085299474143635e-02 2.251789851337935612e-03
-4.155216740000075570e-02 2.609897452285119338e-02 2.427889728471559552e-02
2.986410901443798619e-03 -1.980358680162691565e-02 -1.154602299239629142e-02
-1.674086073713760767e-02 -1.442556139977624156e-02 1.859552262335971949e-03
-2.690128842333175743e-02 2.544402603943517541e-02 2.507782871705430128e-02
5.428364250940872354e-02 1.245327083172853046e-02 4.337294152706001708e-03
4.389319742557404314e-02 1.926154031380561751e-02 1.057689692793264448e-02
1.398531909780037323e-02 -1.181036153645949847e-02 -2.585330946820484782e-02
-2.258184438081780460e-02 -2.268273457694927261e-02 -9.555639496799644278e-03
8.424007985838121923e-03 -2.175284590895755141e-02 1.341119938379633190e-02
-1.522331427220091453e-02 -5.044658929855495161e-03 4.841339762469050630e-03
-9.138740907638300687e-03 -9.535809748429269206e-03 2.942300138440083306e-03
-3.564138055783805381e-02 1.754170552135003378e-02 1.292896213898415449e-03
-1.954578862059864336e-02 1.127000155620666057e-03 -1.046319151053293553e-02
4.725191977181952135e-02 4.524954845656884578e-02 1.341086229941791490e-02
8.355049127956645089e-04 1.070578231017209336e-02 -9.716114093243556626e-03
3.456496161228969632e-02 1.547421446845062901e-02 7.311522342261889823e-03
1.581336128776211943e-03 -1.050358038648298471e-02 4.799061219226287596e-03
-2.810208273404693133e-02 3.087877829607424754e-02 4.157684528091740161e-02
2.973894111945808022e-02 -3.738868847851767752e-03 -2.682852501717358437e-02
-1.693703015685179766e-02 2.814628256372890200e-02 8.783920101883974096e-03
3.277909266063751964e-02 3.572968501852356697e-03 4.440225093577298589e-03
9.197685843805003883e-03 -1.602913571005394958e-02 -1.785787501854671500e-02
-7.386140531744472262e-04 -2.598877898343986831e-02 2.759787899637422375e-03
-2.953827375822754703e-02 2.828986421997426934e-02 1.755074072348041534e-03
-3.135768388525551897e-02 2.682234789389581139e-02 3.952304226191823838e-02
-1.747306095803978498e-02 2.848544586533428326e-03 -7.638813184265264879e-03
-2.136776993684772960e-02 3.367906097030062829e-02 -8.664662708356935666e-03
-5.522245545983122707e-03 -1.840362220877395788e-02 5.693531006952311929e-03
1.164041195581459395e-02 1.024711859001205781e-02 -1.603000965040193848e-02
4.017652415045313424e-02 1.628466464266242059e-02 -5.407269827977702163e-03
-7.020635317894212586e-04 3.901591427464924655e-02 3.070366496186719037e-03
-4.851318884157752864e-02 7.266683326275812701e-04 -6.385906027195372044e-03
-5.682934554809240812e-03 -2.293154118408826866e-02 -2.154268740973217314e-02
-1.109091866994869544e-02 2.545514877061086020e-02 -1.946973620398527102e-02
-2.168294452099089886e-02 -1.061317355378878571e-02 -4.624722830257613909e-03
-1.912701757360985369e-02 4.713539137234815796e-02 -1.426480286950472217e-03
4.628534397843353868e-03 -2.959219411059716559e-02 2.599842490344022455e-02
2.577080882124615016e-02 3.735454650011370715e-03 -1.846042908123911308e-02
-2.102750654132679031e-02 -1.630886471848226604e-02 -1.718272572503690837e-02
-2.018849440611002188e-02 -3.610971455726768448e-02 7.975120059746855505e-03
-4.022972355939388733e-02 1.612067086972185370e-02 -1.103367957708727490e-02
9.772893466238743304e-03 -3.170266107971376340e-02 2.119005220366914494e-02
4.867932823039999163e-02 1.231510445668773830e-02 -1.289449615188450332e-03
2.160491611585309973e-02 1.841977704548770911e-02 2.625653987566438016e-02
-6.320724002076220926e-02 4.259899850404438859e-02 2.867414665010405497e-02
-1.618922979597058748e-02 -1.496091236044836195e-02 -9.587003252987707363e-03
2.794636129769286631e-02 1.794371307475431734e-02 1.757955999980867490e-02
-1.625805545176374489e-02 -1.345907680506839774e-02 -2.380138428854090479e-02
-6.825875507513728437e-03 -7.031786823024858274e-03 -3.096596645691155020e-04
5.975618400743083931e-03 1.811487360697888044e-02 1.604635835143733077e-02
5.199247348817169316e-03 -1.774664212487346918e-02 -5.967552897212652363e-03
-5.080741685468134761e-02 1.935107129681306812e-02 2.236708256284877100e-02
6.861143633856502111e-03 -8.717951316151597782e-03 1.585066240781278848e-02
5.691350279097081785e-03 -2.461040026450034279e-02 2.447249404178877732e-03
4.042780624900108727e-02 5.516607181868133508e-02 9.807619124818660675e-03
3.551632690347594767e-02 1.650954098896094055e-02 -1.003135669172536444e-02
-8.525112789380711459e-03 -1.202977884441208158e-02 -4.496818909043759404e-04
3.727585230327833815e-02 1.514919692293166358e-02 1.045326257662252019e-02
4.173902152057403642e-02 1.563565168191959412e-02 2.663485788125696807e-03
6.123909516914919152e-03 2.153705462838848006e-02 8.111020092563243564e-03
4.304269780875930734e-02 9.699405378369432493e-03 -1.730729446351716994e-02
-1.948498931775239501e-02 -1.945753733539871619e-02 2.605344497035864959e-02
-7.540921397000562541e-04 -1.159902851762463841e-02 -4.359856298307284751e-03
1.598234294645859213e-02 -1.635819213173159495e-02 1.936983198941386454e-04
2.450438856216341412e-03 -2.471053241520241445e-02 1.254444413850867857e-02
-7.085371830365575808e-03 -2.926579357544733043e-02 -3.480595315303807000e-04
2.847913667151660486e-02 -3.979347881560700573e-03 5.392284405525882632e-03
-7.695283716167311029e-03 -6.782490728013735627e-03 -2.077339671021479969e-02
9.008361220864723531e-03 -1.544260851447523154e-02 1.263967352844200774e-02
6.579224729394167297e-03 -2.163362757045441884e-02 1.732344624883404294e-02
-3.260563174622558343e-03 -5.268713334854308733e-02 1.765000790862839702e-02
4.432241797128354255e-02 7.234570871410544481e-03 -5.072390367259621557e-03
1.156704725020176946e-02 -4.639325985800321281e-03 -1.880486326868788249e-02
-3.041021878601588707e-02 6.692002155963745237e-03 -1.467730702322157799e-02
1.557514905673702300e-02 -1.880152781948304583e-02 1.463725570168984344e-02
3.472081824539873657e-02 3.911283276611253468e-02 1.037849531452759815e-02
-4.362768392103970327e-02 2.450098768218561193e-02 -3.402879145299099288e-03
4.462260365256632243e-03 1.055633174217917615e-02 -4.743313207577248662e-03
-2.628938426790211960e-02 -4.269780728875635124e-03 6.722605272404330416e-03
1.511569020319527938e-02 -9.118830974188807392e-03 2.280765269358544720e-02
8.475755121583711596e-03 -1.003423998077892891e-02 2.331372134564380083e-02
-3.153008472652299356e-03 4.509753794797433102e-02 2.304861763308817604e-02
-1.583064026317475281e-02 -2.228009342659566239e-02 -8.575151178789904363e-03
2.322436862386664021e-03 -2.169554916147756890e-02 5.908054896021083108e-03
1.144981501980730891e-02 -3.099725806047991944e-02 7.408413641620462467e-03
-1.101305242741028485e-02 -2.628602807342824560e-02 -1.423245732867327133e-02
-1.437155253515838386e-02 -3.171040762463275126e-02 4.524892542051852165e-03
2.574013935441092985e-02 1.774941875283648010e-02 -1.065749137244399562e-02
7.633205207402665900e-03 -1.754304430564950293e-02 -2.257749016013863019e-02
2.829150729582137133e-02 3.028803974258968690e-03 6.530687078381921043e-03
-4.296158399456300944e-03 -1.217292229768635915e-02 -1.999391030458828183e-02
-1.503918314472190614e-03 -3.218215687350409193e-02 1.032104272824661481e-02
1.233712327435364763e-02 -2.619393919785186625e-02 -4.125287131378152332e-03
-8.540366700501372810e-03 -2.153688969764276304e-02 1.075283013139796164e-02
-1.694157935064255494e-02 2.083960500312821360e-02 2.682252212781403855e-02
3.946364350355448941e-02 -1.602488864986019099e-02 -3.206434866440881475e-03
5.276451361266226714e-02 5.091503695252749123e-02 1.284072308195517015e-02
-5.665030642343896541e-03 -1.548033041415376732e-02 -6.495282928503777996e-03
-4.269529386982619766e-03 3.628738474255160246e-02 -7.409321633359165424e-03
-2.400856451039076397e-02 -2.183257980559574415e-02 -1.283720508929290897e-02
9.072536416690256053e-03 3.427368546054637352e-03 -2.516777548507890053e-02
3.172747548305544785e-02 6.880802383213870457e-03 -1.353484295150880409e-02
1.108652172457935681e-02 -3.464029148903702976e-02 -2.307040221726179736e-03
2.481050707511770967e-02 -5.477979802094129188e-04 -2.396252548442923819e-02
-1.378016047282716768e-02 -2.831853205012706959e-02 -1.136519302375936860e-02
4.375660014124495290e-02 5.262563493104037426e-02 7.134193503255050958e-03
-1.166971694816693918e-02 -3.210578276141395904e-02 2.555222507043271307e-02
-1.087136965755869725e-02 -2.809291613452938666e-02 3.076609209798604819e-03
1.123931370783483319e-02 -1.526239084077349144e-02 1.931681792351418181e-02
3.710132663790879914e-02 -7.619474188879349005e-03 -5.131858400082609829e-03
7.085870880153492812e-03 -2.790548218670433830e-02 1.246003778709976924e-02
-4.775587669182224798e-02 7.521408683432565141e-03 7.357051297231428574e-03
-1.952842059204347100e-02 2.864550226571832212e-02 -1.850344657053787714e-02
-2.556179168249804803e-02 7.331268165284013198e-03 -1.828625439416481716e-02
-1.442485872080305660e-02 1.509580765425786071e-02 -3.507100233159848868e-02
3.718618473735761654e-02 1.803567343040026263e-02 1.144265774217031323e-02
-1.578406798942814243e-02 -6.477849881555300914e-03 8.702522459691312004e-04
1.505370754690016181e-02 9.404512511712155576e-03 -1.908242754440394803e-02
-3.327182933867658260e-02 1.854981700878316486e-02 2.966553687782585644e-02
-2.478985245595709264e-02 5.316194757927780810e-05 -1.573291047917738800e-02
-1.676352142553271668e-02 -5.334118766160100313e-03 -1.156877824364029028e-02
-1.098623247123487953e-02 -1.337667347627882058e-03 1.103247027225365620e-02
-1.692445931786453958e-02 -4.598095851880266809e-03 -7.599360151916478845e-03
1.972161835585527906e-03 3.198770090699531304e-02 2.818140972107891981e-02
-9.820433391983188903e-03 -9.827564814478013250e-03 -2.008451706389902461e-02
1.046801341847753905e-02 3.040911152100541498e-02 -1.466476600452801954e-02
1.679207095311524567e-02 -3.927763511476286586e-03 -3.519972861676286258e-02
-1.405666579058473253e-02 -1.526198667569537938e-03 -2.528247838740248221e-02
4.386720373460126915e-02 2.779217877512834764e-02 -9.546804456977999592e-03
2.437395264124981448e-02 7.684610086756962430e-03 1.092455061569768023e-02
-1.210784370992586123e-02 -1.232314174086679513e-03 -3.047569998021461626e-02
-1.587704077170694686e-02 -3.293727956346902477e-03 2.950738294553700933e-03
1.001685587265545990e-02 -8.687555584521932175e-03 3.322766044620366344e-02
2.055136185312078992e-02 2.202818593317228124e-02 -1.231357379189114941e-02
6.887860153261984690e-03 -1.977139792434542617e-02 9.959766664272569348e-03
3.683572402293548015e-02 3.756516315596944433e-02 3.194276320222557905e-03
-1.799388365160929995e-03 -3.229377009482450878e-02 7.860576176317751393e-03
1.258758296640807503e-02 -2.682742327362374821e-02 1.909891293797974163e-03
1.146113187848933103e-02 4.131946823406010098e-03 -5.470653958123255015e-03
2.164335255612750281e-02 -1.253948886778209759e-02 1.238991933566015169e-02
-1.128601010091830753e-02 -1.849625129554785183e-02 2.222319965270280057e-02
1.740679527210462862e-05 -1.349881509607590935e-05 -2.635681886746017721e-02
-8.850038053192097603e-03 3.390107688550575774e-03 -1.176919189553066875e-02
-3.215245099222690389e-02 -1.965268836240066392e-03 -2.006476216317638200e-02
-5.432936837696042930e-03 -3.703318690441532307e-02 1.943277316670740176e-02
-6.427078952742619304e-03 -3.116947274458994714e-03 3.442722990394418009e-02
-3.915494788055970399e-02 1.661531268905060144e-02 3.901265790470220818e-02
5.576643710265236781e-02 1.884582894533618630e-02 -8.813544502941632330e-03
5.991079196500610147e-05 -3.587704872072458584e-02 -6.676324100394145662e-04
-2.501010229544186128e-02 -1.152165495509931137e-02 -1.992291892348394683e-02
2.717751741721284933e-02 1.746445350831926646e-02 -2.390000543290137988e-02
3.802791730912674639e-02 1.791054623927301054e-02 -1.454728459424838635e-03
-1.212533763273238377e-02 -1.216045013753708735e-02 -1.023822542601414724e-03
-1.608499761459748420e-02 -4.254710861873495231e-02 3.395972263581858303e-03
-4.394070335038952058e-02 2.393004236036222129e-02 3.255331324053662573e-02
2.066162632265283738e-02 -5.179078411977329304e-05 -1.829268523828291720e-02
2.922005081888389907e-02 2.053319098154093164e-02 2.738158027649263172e-03
-1.172699795879140160e-02 -3.022402350311767863e-02 1.560895299251798983e-03
1.305380401608147861e-02 -1.558846764846219708e-02 -1.424640990388495411e-03
4.077156694044030416e-02 7.308862996881313780e-03 2.710010785588264776e-02
-1.800737036998311877e-02 9.557415597793524412e-03 -4.003271495696963597e-03
-2.728551927497923496e-02 1.693729233702143816e-02 3.791004674159031279e-02
8.611460849129183234e-03 -1.615828567422880526e-03 -3.467301663048534544e-02
-2.209528176441789339e-04 -3.885221682291624401e-02 6.788898474536178389e-03
2.066322742779350477e-02 6.711998378271506402e-03 1.896852345395942619e-03
-2.023680166334354547e-02 -1.324076293739816397e-02 -1.255116766246961238e-02
1.073501573694794417e-02 -2.889583816318699525e-02 8.835135769367740560e-03
2.292909149233282248e-02 8.030663243936805168e-03 7.588705240634412846e-03
4.642201992697831542e-02 5.766212516811892487e-03 5.717815071309750863e-03
-1.822931936650663484e-02 -7.776999997373668615e-03 2.628914248424470482e-02
-1.416457892280564672e-02 2.175577752399480980e-02 3.186961411474304156e-03
3.384891848801665354e-02 4.064932160281327367e-02 -6.255867546498978041e-03
-7.805901373760815339e-03 1.448442547325594048e-05 -1.784139561536858890e-02
1.901441827107555951e-02 -2.306675210026895920e-02 7.602102551041516575e-03
2.129366509610422162e-02 -9.438662769998416163e-03 1.090942617467923923e-03
6.930505434944477568e-04 7.640580509800934221e-03 4.950075350061728698e-03
1.075038020689698427e-02 4.267193445735305291e-02 -1.257729406829164766e-02
7.517311014434419417e-03 -2.141967043424218911e-02 1.396046834692081864e-02
2.297750479887003539e-02 9.450112781679472981e-03 -1.501871031103589257e-02
5.735550098123132906e-02 4.641664302157223754e-02 1.188706118439421082e-02
-3.893676521265958951e-02 2.283192582474840443e-02 1.793515042430636475e-02
-9.145852111784329511e-03 -2.751943695328299203e-02 -1.318917865347049578e-02
-1.423859188246706826e-03 -2.274086771787916378e-02 1.109745712330610125e-02
1.963899998277897005e-02 9.883682998076889770e-03 -6.161869903637071794e-03
3.375038709016654759e-03 -2.986802297661851537e-03 1.248397614843294208e-02
-1.629602702844403081e-03 -3.200530171079410402e-02 1.111667272178617008e-02
1.174677842270919169e-02 -2.334138849963234008e-02 1.565527113341758092e-02
-4.837771557266893480e-02 2.610745362321184940e-02 7.353295718162036927e-03
1.046075790925556082e-02 -2.454307147262923747e-02 3.332672148619218559e-03
8.987176369492212800e-04 9.906056664413720111e-04 -1.152493423632048979e-02
-2.921709921739150048e-03 -7.110808045480900008e-03 1.281579282829783430e-02
-1.611210038007485079e-02 -7.462666322809240020e-03 -2.085198575967971146e-02
1.850029247405874516e-02 4.312161892302373602e-03 -1.106762472190631064e-02
3.729867920327427540e-03 3.398527649613281715e-02 -2.160939478993999241e-02
-2.416850974133794364e-02 7.201469198184881106e-03 8.302464519090418937e-03
-1.509324429112440455e-02 -4.008465774655246838e-02 7.149543731644674056e-03
-1.664816272410282044e-02 -1.312153043835836627e-02 -5.648070727729828482e-03
-2.277340425564766332e-02 3.869605129400557203e-02 -1.074931853417224366e-03
-4.702642649417902200e-03 1.860570946697624739e-02 -2.191539552482181172e-02
1.793349084328260332e-02 2.116570275466701876e-03 -8.865248443631673983e-03
-3.763818296595317905e-04 -3.023795184049655332e-02 1.183544946858795625e-02
4.301561722422416606e-02 1.567609656429014287e-02 5.453336486176669703e-03
4.641832439284952413e-03 -2.401438411666680789e-02 1.922911506416512956e-02
1.636298425069692558e-02 -1.421180515563617852e-02 1.178067037855224861e-02
3.670434300018074469e-02 1.692718542695617959e-02 5.645362623005243004e-03
-1.062976692713498567e-02 2.973080313336298741e-02 3.283366777912179180e-02
2.511673565881508002e-02 -1.825625214691882145e-02 1.779444255296147538e-03
-2.204901751386983272e-02 -1.083720136972291317e-02 -9.112585605266128319e-03
3.697439112922611820e-02 -4.550002822006791667e-03 -1.716809263341034786e-02
-4.988953206826796799e-02 2.626920608508421379e-02 -3.645880520685845783e-03
2.763258192513373679e-02 1.305216962620992308e-02 -1.977856542339124016e-02
4.286165371981047467e-02 1.492004037320558349e-02 -1.528171882996568701e-04
-3.837765626863718412e-03 9.951777046000422414e-03 -3.443409072584693170e-02
-4.836780215292122397e-03 7.843295949099977557e-03 -9.156298458036579366e-03
-2.047542603250369908e-02 -1.689683156599195574e-02 -3.628768007734080401e-03
2.867621762263741075e-02 1.248595871233427156e-02 1.064708161078441098e-03
1.592571733340443496e-02 1.514520515908097421e-02 2.231281566303581695e-02
-2.938591535216895576e-02 -6.395090803522060496e-03 -8.623485395289358715e-03
-5.266807505262737638e-02 9.819429612781946023e-04 -1.733102523249602320e-03
-4.277707862767952951e-03 4.226125400786227837e-03 -2.719180054310859490e-02
-3.824477080952856656e-02 3.215714463466284173e-02 1.856790827877207589e-02
-3.173006501271942448e-02 1.887431880939271014e-02 3.030282038871347922e-02
-8.292264918870625133e-04 -1.515800342355126326e-02 1.520523177167140520e-03
-2.330051320108596918e-02 -1.419713070184256028e-02 -1.093809645146521028e-02
3.285334895862798699e-02 1.223465250708073541e-02 2.573798109250065302e-02
-3.022476826729519547e-02 3.555142718214344966e-02 3.005631194176864446e-02
1.408398081495177518e-03 -2.615248570682233639e-02 1.789293121811598311e-03
-2.290404061125204602e-02 -9.749985765561412082e-03 -5.975728326104041803e-03
-1.578214158424647018e-02 -1.105946367093356593e-02 -1.955078023380157036e-03
-3.482864970576055735e-02 -3.681585902958570133e-03 -3.568657122406098531e-03
-2.231953341791114136e-03 -2.180650346583025770e-02 1.525349929459250947e-03
-7.434379532186257376e-03 -2.051988574569498652e-02 -5.012004297664481196e-03
1.385532233456466741e-02 -2.848835812898036727e-03 -1.043574030949657311e-02
2.857747617872310672e-02 2.345745274050636472e-02 -9.448387033982858993e-03
-2.201609870130987606e-02 1.353709680303964887e-02 -2.272067627819710639e-02
-2.488433324237943403e-02 -2.832840045818899033e-02 -3.291655833545403809e-03
9.788640490162692914e-03 -1.828771335226190425e-03 -6.358283850147611327e-03
2.061784156898531159e-02 -4.789295422144547454e-03 7.735407836216279948e-03
3.640675463778983434e-02 1.967265436205715805e-03 -1.082025469624097944e-02
6.812058280999101767e-03 -2.985530565915392454e-02 1.064683978568927358e-03
-3.183000486224196041e-02 3.478413964138549891e-02 -1.104718070442498382e-03
2.744297839733499805e-02 -2.183200386914053472e-03 1.524156347759182684e-02
-7.222113137893611950e-03 3.011927255291122971e-02 1.045661844200725110e-02
-2.049017437235459496e-02 -5.363989226928633433e-03 -6.995255710510070619e-03
-3.118928184373121609e-02 1.769943051829514849e-02 6.818191562734011654e-03
1.610954031653882845e-02 1.512911179468202222e-02 2.346111078978570241e-02
1.314438234604641854e-02 1.154835778251717127e-02 -2.016401609490146157e-02
3.030306915424516370e-02 -2.197421967836651934e-04 1.797610713538880939e-02
3.681936115079433719e-02 2.213961431704018074e-02 5.743290455789187496e-03
-2.139182418799230948e-02 2.205913044884899588e-02 -1.648276398457839201e-02
-2.692046890479223020e-02 1.110667487315142310e-02 1.548665349706911804e-02
-2.442301202715311051e-02 1.171689434872186936e-02 -1.577925240290587935e-02
-4.280148203234784149e-03 1.128019385073143060e-02 -2.308649882135303030e-03
-4.615443438203901266e-02 -4.554425502121019209e-03 -5.488140010172662918e-03
2.387251539398611844e-02 -2.140351326730861869e-02 1.682453622996998160e-02
-1.917566622862004050e-02 -5.831985362634774239e-03 -2.102033475293333883e-02
9.658434278028199451e-04 -1.728359331065429383e-02 8.873438892460200345e-03
-3.428785485243832781e-02 1.395642888985150487e-02 2.885567301182679137e-02
-2.100164062360425701e-02 -7.323712974698852463e-03 1.630444687373867538e-02
5.844176898315230767e-03 -3.788927924893284774e-04 -1.334373984846511617e-02
-3.469874175401196914e-02 1.101225670179542364e-02 -4.294711076255984701e-03
3.355979526583261190e-03 -2.458323541708429608e-02 7.927396406507128054e-03
-3.091005300054697636e-03 -1.017670160059063258e-02 8.479779972889569042e-03
-3.821097488444662182e-02 2.329713277824897386e-02 2.842749531038399682e-02
-1.535022799845136947e-02 -2.029375540875526587e-02 -9.702072650931630599e-03
4.214184982216672738e-03 1.019263786938994117e-02 7.647809365028014963e-03
4.845447477082480414e-03 -2.183607793129017580e-02 2.065106572994392445e-02
4.030158766504935569e-02 2.216409213882498258e-02 -1.255646381087580608e-02
-8.182555667046833778e-03 -1.868469314350416563e-02 -7.164946362533899764e-03
3.937736951432518201e-02 -6.227436718028707928e-03 -5.229289100300741483e-03
1.042072832956624255e-03 -1.860408797996744926e-02 1.951811217013579760e-03
-1.896367530346207766e-02 -8.068756563002781393e-03 -1.538447579106745448e-02
-7.398556853433970772e-03 -2.033348317022956597e-02 1.624363080306653450e-03
5.635722579315070868e-03 -3.219431302600403531e-03 -7.471551338269063688e-03
4.235222557200452737e-02 8.082627480384428631e-03 -1.545258404148368118e-02
2.064322353054543965e-02 -1.782991751885014062e-02 1.806751539242727397e-02
-1.941242109994388218e-02 2.844099571427870579e-02 -1.461002105722022590e-02
9.206615546742151143e-03 4.592422587657508243e-03 1.979631207095286852e-02
1.118916470169347972e-04 -1.816083846702934781e-02 -1.281779590013983018e-03
-1.732028738863728573e-02 -1.304391145571715330e-02 -1.348038953020721555e-02
1.473505118195071219e-02 -2.815543071949851497e-02 2.662157768869469893e-03
-2.847739526155601900e-02 2.848870783731578815e-02 -4.919475835353147308e-03
-1.860887886384025164e-02 -2.132227174085018703e-02 -3.455356384419246574e-03
2.697148941838447764e-02 2.137389309680154045e-02 1.000534606056275970e-02
-3.215678055196508761e-02 -1.161321142827341675e-02 9.425524497221254849e-03
5.427340261281277112e-02 1.953416946781948160e-02 -1.679254532884122061e-02
1.498375983180822400e-02 -3.767890339106646364e-02 7.351140921626355892e-03
-4.819909394826851767e-02 2.080132884741360197e-02 1.834542096159193225e-02
1.941468785781808384e-02 -1.256293967834337666e-02 1.264841238876135594e-02
-1.992372361539907454e-03 -2.636667096636801516e-03 -4.793755749154867719e-03
4.668497067920824965e-03 -1.764665309157098863e-02 2.906956760929100408e-02
3.994819489488242448e-02 -9.471373468260853648e-03 2.583304781338140264e-03
1.847217656644046038e-02 -2.493064568313069478e-03 9.685722576414637283e-03
-2.323502997137397511e-02 2.507795673785096456e-03 -2.908722082379112256e-02
-2.316685476380150530e-02 3.299107741123646909e-02 1.340676671868891272e-02
-2.691539903110895179e-02 2.881849455670331892e-02 1.998861471231316508e-02
-3.346443419332625901e-02 1.358547002323404369e-02 -3.988544879030613173e-03
-3.133756264490666216e-02 2.258875921073159616e-03 -1.080518546891323997e-02
-5.467656154822785226e-03 -1.628002545067261039e-02 5.072912984533819655e-03
-8.471309014260774636e-03 -9.402947802187056406e-03 -2.502929968651367021e-02
7.647337380519076896e-03 2.233165941723147530e-02 8.440820445736411243e-03
-1.975760154708245796e-03 1.586830081873152540e-02 -1.417703272863215288e-03
-6.000326105859546226e-03 -2.035045647351141004e-02 -5.693215877657273848e-03
-6.259208406266509629e-03 -1.134915366002864530e-02 -8.564016283438884158e-03
-2.375309517949944493e-02 3.272949169075629189e-02 -8.540674603964562225e-03
-3.834477673937569664e-02 6.648857976103169851e-03 -1.180630051908391348e-02
-3.990671399856016155e-02 -1.195752871457702281e-02 -1.209833953994546643e-02
-2.767547100390878659e-02 1.399334145923408941e-02 -1.505407171904106847e-02
-5.395838988852273699e-02 1.479110315045911207e-02 1.199091944082153601e-03
-8.426611003071229553e-03 -5.382078055264982036e-03 -1.909563146173404863e-02
6.640250974942544767e-04 1.586933452407291931e-02 2.275783449832496225e-02
2.447063069048852763e-02 1.820735081211116713e-02 -2.010157313664662215e-02
5.259396945472526175e-02 2.283489004835547592e-02 3.309148179707584875e-02
2.585189502959497551e-02 -2.170651956981436807e-03 -1.515417347753859716e-02
2.079146745442078670e-02 -2.098554111365397157e-02 8.376626147663711959e-05
1.378090466180677612e-02 -7.264128372200731078e-03 3.898764482324007432e-03
9.988539778897853605e-03 -1.550751181736594216e-02 3.535977525363157015e-02
1.347200858558105646e-02 -2.434553403681318645e-02 7.825300285225285542e-04
-3.013517150129510491e-02 -8.615231332181469068e-03 -1.091178708345801572e-02
8.830374157575260341e-03 -8.866042336095610737e-03 1.772337446729906757e-02
2.670323259433431823e-03 -1.250939099831799295e-02 -5.629709441818969316e-04
6.706680083853172256e-03 -1.497456702924644147e-02 1.561369168430116680e-02
2.400931191625693857e-03 -1.164872137405993484e-02 -1.039636437663383692e-02
4.589950027065994170e-02 1.557205175704978913e-02 -1.102999867457347440e-02
9.503136351847565107e-04 1.258676348501899279e-02 8.060230772864348733e-03
-1.112151306770756305e-02 -2.187286269267488172e-03 -1.271166048333655010e-03
1.311565719405237071e-02 -6.904484942582409489e-03 2.177002472762514657e-02
-2.253035461100752826e-02 -2.969446341349049959e-02 -8.856077324942404974e-03
2.072242142710420051e-02 1.185877228008780891e-02 -1.772241852054412883e-02
1.318607569955429840e-02 3.005935708290541700e-02 1.811575165003282036e-03
2.342445684322049405e-03 -1.594502449493696156e-02 -1.254098223252086454e-02
1.270383512912676149e-02 -1.552723378052504877e-02 -1.006997497203414109e-04
-1.324129891655285475e-02 -2.569191806168653197e-02 5.297973934184157206e-03
7.823622436981370054e-03 -2.705559398613768471e-02 1.128668705169190087e-02
7.797018950000324678e-04 -2.064645727669228714e-02 -2.390055624929817400e-03
1.301898082209850677e-02 -2.704846878183803094e-02 5.680428081986264519e-03
2.259128534250309447e-02 -2.020048976240033933e-02 1.270705538839377903e-02
-1.311994312789557457e-02 -1.346483731360962298e-02 -4.781341473582564373e-03
9.534218150785851373e-03 -1.298086508082537706e-02 1.533677089569099490e-02
3.180219143160923495e-02 4.621547726358816131e-03 -2.310903390774088004e-02
9.322142426082558400e-03 1.477184370518821663e-02 -1.210348631364955609e-02
2.007242444819563182e-02 -2.007268843575242198e-02 8.744109256508470623e-03
-2.630554163072820750e-02 -4.099248168488651631e-03 -1.560684671941794423e-02
1.376388937434105085e-02 -1.738251257993832233e-02 -9.835467130981033826e-03
-1.772297661353223683e-02 2.844030462256303543e-02 3.776863891852650854e-04
1.125363528400467016e-02 4.505155052166413820e-03 1.747539155637756539e-02
1.182673111016436379e-02 -2.531616306652562792e-02 8.742995582740622183e-04
4.059539527494757799e-02 9.052960720824863861e-03 3.085495693551537980e-03
-2.287680265179335704e-02 -9.409535876791556147e-03 -2.308750289533017738e-02
-1.737479580505668988e-02 -1.593987770860514144e-02 -1.243900179251966089e-02
4.316039009843938151e-02 1.592362172484822896e-02 -5.607077726461330569e-03
2.021734637346390973e-02 -1.954758303969490393e-02 -1.478976041775563639e-02
-3.700143341211577577e-03 -2.963458619402883215e-02 -2.762149946647133713e-03
-4.075224895101757505e-02 6.486448696921414368e-03 -4.871325746218393635e-03
2.566260207469390348e-02 1.798833051842266967e-02 -8.610073363790732986e-03
-1.881835311013284676e-02 8.911719032690832917e-03 -1.221350359092711335e-02
-2.749055719667771111e-02 2.536095441852629501e-03 5.029305634659098252e-03
-4.410192359335418145e-04 -2.350743500268727415e-02 1.233254029076306241e-02
-9.339586818053791139e-04 -1.951343185220934945e-02 -1.177091719420731396e-02
-4.828092604976051000e-03 2.846878115386747288e-02 1.197523183580556823e-02
-2.716776303830714234e-03 -2.464262463768257527e-02 1.229975588174831054e-02
-1.729370307348507274e-02 -1.195082940281873979e-02 -9.881135294025853453e-05
-4.269663338054990182e-03 2.061125143653892017e-02 -2.257249283074494114e-02
-5.411995847835211933e-03 -1.569129087147225904e-02 -7.880726908496689343e-04
-1.602199472128487678e-02 2.284761269074901679e-02 -3.771405366689034849e-03
4.680470478270902512e-02 2.873894048517544944e-02 2.255682566396149599e-02
2.359269351139762008e-02 3.159101373870394809e-03 2.904350749824230471e-02
5.040528696193467134e-02 1.619567259955011218e-02 -1.853138056881843340e-02
2.850749520503128437e-02 -6.325689054680895887e-03 9.609793898749706756e-03
-2.289764721109421516e-02 9.013255950496746813e-03 -1.642477256510417594e-02
-3.209345988962130237e-03 -9.580881692917210882e-03 -3.044233085427286694e-03
4.374448110291951491e-02 7.952653132920269041e-03 -3.109839984054744034e-03
1.184535276511406235e-02 7.379630758467300988e-03 2.248155159170042716e-02
-9.341415410672812211e-03 -2.948607879248986430e-02 1.285145846651206299e-02
1.470239062386338204e-02 3.437878623737768147e-02 2.731677971014472711e-02
2.753773200554290174e-02 8.706020420759498502e-03 4.781617719264824942e-03
7.966596508602805105e-03 -2.499709725052685558e-02 6.599729829881181495e-03
8.712500674173596915e-03 -1.921650380016214771e-02 -1.940299541653974641e-02
-1.886773268722363381e-03 5.064467522701759927e-02 -1.199018078642897535e-02
1.488465668141152748e-02 1.725737424632934854e-04 2.292291544624932079e-02
-2.314652673610994183e-03 -1.800821213571981300e-02 -3.019277831084995860e-03
-5.339791839387204170e-02 3.294482015026398147e-02 -1.868242482120956865e-03
2.953594094601210904e-02 3.122807987561431603e-02 -1.160478531978966117e-02
2.887804441308356243e-02 7.816774199107440896e-03 -2.174420395081029869e-02
4.593039120834713045e-03 -1.742466755563264191e-02 -1.571429939838998868e-02
6.317461371444484455e-03 -2.692403339766780493e-02 6.731369220608513513e-04
3.053859920502905584e-02 1.294965229362701579e-02 1.132865849215701146e-02
-4.318845593640949741e-03 -1.005263395622408781e-02 -7.827720335333950745e-05
2.169886297686250687e-02 1.432955290014282200e-02 -3.365466017624936784e-03
2.966543580443265632e-02 1.069050670030935977e-02 5.947806234512611513e-03
4.029582403578418209e-02 1.607290685007357195e-02 -1.128254488469217914e-02
-2.097671244864387358e-02 3.011057732673306717e-02 -9.141528193470003366e-03
-1.855190115027035040e-04 -1.165752882050087764e-02 1.331217860324871924e-02
-1.428255928559458120e-02 -9.963822501695645747e-03 5.237787844724445599e-03
-9.803469112912174821e-03 -2.130065246356639339e-02 -4.153417664646200450e-03
-3.571572669636927100e-02 1.422201937040802264e-03 -1.524497576290895912e-02
-4.922264811535914837e-03 -1.366070827113772049e-02 -5.853146011566130692e-04
1.568939763279863023e-02 -5.067617110254097473e-03 -3.007405637963465189e-02
1.322998979763322092e-02 -2.378476203836324410e-02 -1.454128504700494089e-02
-3.968554196494675917e-02 9.615370456409396208e-03 -8.550952332567387376e-03
-9.039144339259248123e-03 -2.439952372472415851e-02 4.820303083124659674e-03
8.251468775391854540e-03 -2.258589288514735102e-02 -9.137488581104417223e-03
-1.940566024881213922e-02 1.958720348068639788e-02 -1.869807500534942032e-02
-1.162739675275161443e-02 -3.494135061468139208e-02 -7.540228001725500333e-03
2.649189808237063098e-02 -4.295525567385125552e-03 -3.142802456296109326e-02
1.437016380505451961e-02 -2.385861743234849938e-02 1.016202354545634508e-03
-3.297749524536944254e-02 1.710609333052104386e-02 -9.180403629745221422e-03
-2.957837941193195916e-03 -1.915349508570486636e-02 1.493396622948931982e-02
-1.867803876529609136e-02 2.438382813499297835e-02 -3.467286943044343983e-03
1.417413649468487850e-02 7.399902166480633835e-03 -1.234756113279470748e-02
-7.876572228521141333e-03 -2.705535914499443417e-02 6.756883186902293975e-03
1.709734376866894195e-02 -2.133536823539838520e-02 1.072336277472718882e-02
-8.628071635548616516e-03 -1.896563014927716770e-02 1.381294529484415655e-03
-3.152092838919198087e-02 -1.145853366560314933e-03 -1.244196399058958465e-02
-1.419881553772263556e-02 -8.184710932161417055e-03 -1.996329693879214315e-02
-4.055465596816709012e-02 1.835494491376516921e-02 -5.621651439381267559e-03
4.212299593490956978e-02 5.088137544704170179e-03 2.054217406209718488e-02
-2.656232823388275221e-03 -2.905091017169543488e-02 7.620973519717969685e-03
3.542330612908892173e-02 2.219209462713346570e-02 1.086383029061003223e-02
6.617748235839483045e-03 -3.002408459605827515e-02 6.052303058871521570e-03
-4.947916971278592396e-03 1.296126468323641895e-02 -2.889991367633472710e-02
-6.439944836436575781e-03 -8.618244792132625717e-03 8.082181521683344440e-04
-1.411194172000680876e-02 -1.992030926355870674e-02 1.606456715736127080e-03
1.694855141700027032e-02 -1.542670480158056870e-02 1.808500637791722251e-02
7.551793655535029258e-03 3.623101226307107181e-02 7.448454358583591825e-03
2.324123768208516752e-02 -1.328562517163577907e-02 2.259013707650592284e-02
4.166947784869940580e-02 1.666585554313379514e-02 -8.912782226413321421e-03
-1.950442150352083709e-02 1.466376878785779310e-03 -2.348211772235367714e-02
-3.401033884207436270e-02 3.033590475415151935e-02 6.471314512549142597e-03
-7.930855755140226934e-03 -1.238643609244640190e-02 -6.945984302590714303e-03
-3.517419858778632336e-02 8.046218293877360761e-03 -1.147874163994063931e-02
-2.456838008770216575e-02 -1.787794282540094287e-02 -1.404563003085830021e-02
-4.700676371579975434e-04 -2.309874378642834750e-02 1.795685999134419069e-03
-2.099152611446206997e-03 -8.246908374672056244e-03 -1.104423580479200855e-02
1.699197875743902603e-02 3.109595934724462482e-03 -2.008075398188888597e-02
-4.294283247325072182e-03 -1.280722039570709320e-02 2.309721632916556661e-03
1.905998438506932915e-02 -1.062511864747438944e-02 -6.335511294466562512e-03
4.305093771043025375e-02 1.304706470620686093e-02 5.898069675052282877e-03
-3.123757434546118802e-02 -1.069334844341981484e-02 -1.225691373634114727e-02
-7.856656677773431185e-03 5.394114094216311169e-03 1.546453317632518615e-02
-1.472542306559463526e-02 -2.934332220502949840e-02 2.971657767435027797e-03
2.596813606312644088e-02 6.731274530840690613e-03 -2.758562230435410156e-02
-1.763964705948246892e-02 9.060495621892946869e-03 6.119697391546254951e-03
1.568221337722475921e-03 -1.669779036923691590e-02 1.577577763035901970e-02
-1.423723880709728065e-02 -2.631481389129940261e-03 -1.243364520398364216e-03
2.322255828223522903e-02 1.704714541322930113e-02 1.609556303919981723e-02
6.257742625802052705e-03 -4.179358255653637354e-03 1.125684466898601785e-02
-1.747832604474948426e-02 4.823109462926675889e-02 1.078099850413359248e-02
3.365554687577489937e-03 -7.922432844150900308e-03 1.687971306967586335e-02
4.131188256410746849e-03 -1.046976915305177815e-02 1.019375988487359122e-02
2.153765901559894294e-02 -1.492010811825678768e-02 1.307428368423232783e-02
-9.347725183891241948e-03 8.847878120363132648e-03 -9.166160448221967808e-03
3.495393943773793255e-02 2.485723497569177626e-02 -6.831127200770983378e-03
1.273808779782415433e-02 1.521356299244510518e-02 -1.975065638160593967e-02
-1.802891547402366533e-03 3.807163635209440122e-02 -1.247315092550907792e-02
2.314853283304710990e-02 8.554370143075914340e-03 1.298474432280812517e-02
3.398989761095043416e-02 1.858176896548832668e-02 5.395356786621928642e-03
1.959978741285166651e-02 -2.359487523786286869e-03 1.590545322113395485e-02
-2.239231777184367764e-02 4.889254562513196609e-03 -1.389338882450255608e-02
-3.110732694951300406e-02 1.253798440167775037e-02 3.003874068155922700e-02
-2.159348978613504638e-02 1.344704922217160314e-02 2.479462105185076953e-02
1.837672994040863428e-02 -1.497593305858914772e-02 1.171192589663720349e-02
1.386290162207432300e-02 3.870643894022738653e-03 1.067988643416135398e-02
-2.478330973708084417e-02 -8.969014321286312638e-03 -1.448836052545109110e-02
4.045656306495930277e-02 3.311206990964437463e-02 -8.149509700639073762e-03
1.304816669926772005e-02 -1.612739003113447880e-02 1.838433001046816534e-02
-2.155791596309888231e-02 3.738701123941640114e-02 8.321268731935636820e-03
-3.371032970751464825e-02 2.389451962679469202e-02 1.877952084188198520e-02
-2.644976314645454407e-02 3.332049421507152654e-03 -1.887894874192553099e-02
1.540281231202519051e-02 1.109202768838438678e-02 -3.426193283533635059e-02
-3.199027848498361276e-02 2.588774145381358277e-02 1.550874411588706956e-03
-3.614699639430559146e-03 -7.448196425199130055e-03 -2.128893669995688548e-02
3.646208300021558987e-03 2.837572442313042800e-02 -2.809865042803984681e-03
-7.110826980164095500e-03 3.173359871910569341e-02 7.215656501270188532e-03
-1.529218563044143671e-02 -3.713136519329131042e-03 -2.285167643300811680e-02
6.847717783410641607e-03 -1.805481901020299096e-02 1.924210139221475824e-02
-1.801985149301054551e-02 -1.475883858064637975e-02 -1.398006051964735368e-02
-2.084487851357866295e-02 3.720896660779045989e-02 -9.277319845744940244e-03
3.914042463306274117e-02 4.128377658298642422e-02 6.061327985502785315e-04
-5.469946068161027873e-03 3.771407064236302099e-03 -2.830748691382273946e-02
8.113168881268853494e-03 5.269272071070957471e-03 -1.449837627120067508e-02
1.956258512895405269e-02 2.529045814616925902e-02 3.229414951747913883e-03
7.430482403753959492e-03 -1.999781442810792675e-02 -1.363821550615679223e-02
-7.649953029779505385e-03 -5.881089630874534839e-03 -2.554256729569727435e-02
4.572048790813970295e-03 -1.692192393094901423e-02 -1.166517826880760292e-02
-2.595371542885207411e-02 6.276451953228772557e-04 -1.626335324633614715e-02
-4.475025339340082259e-02 2.997936119388239923e-02 3.943505788468124051e-02
-1.871777765427760573e-02 3.719630951715085891e-04 -1.561696653090761250e-02
-4.117289921153954001e-03 1.838723320191746474e-02 4.548879216219522785e-03
-5.686924331572455575e-03 -1.120488877399725483e-02 -1.499015122362630514e-02
1.202270051292713554e-02 4.529663900840200791e-03 -5.532890991051545894e-03
-9.352235603043549967e-04 -3.169339413484024287e-02 -1.349082575040141084e-02
6.883425823392612213e-03 2.265377051613596052e-02 2.248562612047859746e-02
-1.581411822733966299e-02 2.852096237399597001e-02 -1.001121279104525384e-02
-6.597903812546227799e-03 -1.129245791755751835e-02 2.617664855988047819e-03
-1.352779076628496391e-02 -2.158715868714509642e-02 7.723618904274758175e-03
7.555586218578149924e-03 -3.024854958329856527e-02 1.056621064384171901e-02
-3.753008692892948698e-03 5.839722128283918526e-03 -1.578719288078406918e-02
-1.589814718718894973e-02 3.286708656933048228e-02 5.672855143301886068e-03
-2.717581565630020762e-02 -7.233693599066390485e-03 -1.486562899172225172e-02
-2.401923429203958391e-02 -8.581893482800426534e-03 -2.302875963751730912e-02
1.167379130984254332e-02 -2.412301085327282768e-02 3.357274994165315111e-03
-5.577200660081959444e-02 5.936813194527008203e-03 -6.811636713186449386e-03
-2.992619359256164235e-02 -2.513063314880306133e-03 -1.007801465774792703e-02
-2.473463309569533947e-02 -8.474662202361999547e-03 7.186397710646800704e-03
1.064909431656604379e-02 -3.151717947507088474e-02 -1.071462721058692898e-02
-1.618231365359195165e-02 3.083418699941845031e-02 -2.830228906152801836e-03
-1.985012688531843580e-02 2.861853873353794112e-02 -1.148721365152951222e-02
2.961504018944309015e-03 1.006800291483560782e-02 2.027987982336182209e-03
-3.184352094364486380e-02 7.245613048694656520e-03 -9.703804757808499881e-03
-1.494652727876165550e-02 -7.637681647938392507e-03 -1.590330341523233174e-02
1.774612349698644412e-02 -1.850010416477020081e-02 1.404599421115046952e-02
-3.426769268411455210e-02 -2.181139765545710846e-02 -1.534776603651962813e-02
-4.077780784570774614e-02 3.534238936224996797e-02 4.420262360980566074e-02
1.516407937881388002e-02 -2.495770036386838267e-02 2.768752625453754952e-03
-3.783629710986788353e-02 1.566346969782270518e-02 4.120825466663930597e-02
1.608758517655392573e-02 1.057246566022720762e-02 -3.150754872906900809e-03
2.393395870419469992e-03 -1.596169155126138037e-02 -1.830473839468702880e-03
2.970839757762026162e-02 -2.760443208731974685e-02 1.186110757643711947e-02
-2.287335813399777804e-02 4.143251934531835823e-02 7.840368918789723460e-03
1.598992099950145504e-02 1.839120486537538417e-03 1.887918887310682803e-02
1.086060673498201977e-02 -3.610209271226207106e-02 1.253846305331694604e-02
2.616820512849725444e-02 -3.885858451183811079e-03 1.913169989527168172e-02
3.313630983772178351e-02 3.118753588045226205e-02 -1.477786610010714541e-02
3.020210917981570181e-02 6.198763365333036755e-03 -7.197922633754160089e-03
2.405493919418959931e-02 1.682906060859536840e-02 8.017662945258793167e-03
-5.254633907530221332e-02 6.416354138002532993e-03 -3.041028058289940890e-03
-4.760309846286821245e-02 2.981618689506579725e-02 2.451950354456475592e-02
-8.288462260741006823e-03 4.777703275008483006e-04 -1.923974116536996196e-02
-1.036326511103711177e-02 -1.715015371471569766e-02 3.220139999848431814e-03
2.659381019718370584e-02 -3.645090209576203749e-02 1.242597795228794592e-02
1.100422106364793047e-02 5.844185523390750016e-03 1.302461933690026970e-03
2.483516976695059400e-02 1.538799599972011205e-02 4.391228732963141194e-03
1.551568257977491323e-02 2.099104481997737370e-03 7.728464606913540251e-03
-6.196445427573927731e-03 -2.247786616588042310e-02 -7.960664549611748582e-04
1.624212131925350079e-03 -2.274128935420090605e-02 -1.568977454231203217e-02
1.529555596600880134e-02 7.151727791201142881e-03 -2.159661891259887639e-02
-7.622431951220766042e-03 2.095777308652336732e-02 1.646832459233238746e-02
3.478418745273163869e-04 -1.609866972421302236e-02 1.102620193746568431e-02
-2.384670801213790645e-02 -1.253834280165968922e-02 1.401366158603469664e-02
5.151527312905199163e-02 1.060925847968139171e-02 -1.754424365372948130e-02
2.517457504478888899e-02 -1.661371689230598664e-02 -1.343181179328793370e-02
4.282096260445483055e-02 2.578828162862543613e-02 2.000736930703736483e-02
4.532741833582591001e-02 5.431668709423740499e-02 4.444458709345572821e-03
-3.437667316720818822e-02 2.899602142126318782e-02 3.590345111188086163e-02
-1.501066554246718344e-02 3.232703086089561140e-02 -1.343724653018526019e-02
-3.158981850473550901e-02 -1.632400017465706135e-02 -1.523393977978925243e-02
-1.998455378761466658e-02 3.785503755486765987e-02 2.186563385756221459e-02
4.832033692144367676e-02 1.376251901688383197e-02 -6.818838586827039895e-03
3.241092046428886708e-02 1.924758245861661610e-02 1.439582787884400965e-02
-6.947126406096815199e-02 2.047036282183548397e-02 1.894869444545688869e-02
1.716532442145203910e-02 3.047669273054460712e-02 -2.111824661597438285e-02
3.456581533576107146e-02 4.141128937878937183e-02 -7.533929086825472566e-04
4.813804146416199130e-03 -4.053795094206606719e-02 3.950123219948946038e-03
5.286748276980935551e-02 2.266184842640762281e-02 -1.285117562561796309e-02
-1.128099217943034221e-02 3.589666287900523250e-02 -3.671482963755266782e-03
1.894189812377193582e-02 -1.679543274374197762e-03 2.889479805819038152e-03
-8.897777159171652364e-03 -1.803310121425497070e-02 1.049097694331350625e-02
1.418243166475532252e-02 -3.406488919292782053e-02 1.263563659352294000e-03
1.964128194902129906e-02 -1.761437554480861645e-02 1.410185202116940109e-02
3.029585787179255724e-02 3.159148180394543565e-02 -5.687923127715280303e-03
-2.417514507203645871e-02 -1.071676608140039767e-02 -9.264060121565912895e-03
-1.022652789134482869e-02 -4.504357466037851171e-03 1.179656829965462957e-02
-7.436359704447329487e-03 -2.574483096008173613e-02 3.689776415830144270e-03
-2.097135750216339717e-02 -5.726265852815692545e-03 -2.739845979972330148e-02
-3.598112603006080323e-02 3.588752331373164933e-02 -7.503692634558906463e-03
8.215354323477237417e-03 2.201987928113547169e-02 7.858900505743521975e-03
1.355538784077717739e-02 8.952368239677096357e-03 1.588608939155857977e-02
-5.476283078632901598e-03 -6.254786222775609618e-03 -1.577434231267289128e-02
2.911221378713360272e-02 1.235678134833037393e-02 9.091608153133789658e-03
1.843632186630667427e-02 -2.357186067385255365e-02 1.233434799583362461e-02
-1.047799904303115155e-02 5.969563757884535291e-03 -8.881970628264880541e-03
-2.997542157050632136e-02 -2.923086595423100235e-03 -2.228645223546942694e-02
2.590531519824457868e-03 4.063938570951999146e-02 2.397863729642852118e-02
-1.227060582307967947e-02 1.574965076426932536e-02 -3.511223048483781695e-02
-1.704077850350728049e-02 -8.218788704802989717e-03 -2.171665427741279256e-02
2.165262533836710777e-03 -3.246512503150106310e-02 7.603909250713350096e-03
3.276498261063353484e-02 -5.995568611244076786e-04 -9.947464690502247874e-04
4.643561757816762336e-02 1.473979411544446699e-02 -1.228471370613230633e-02
2.030518691193096761e-02 -1.185609506668185327e-02 2.316425693970499550e-02
-2.253944440172215083e-02 2.376720348710327849e-02 2.226333425394279308e-02
4.774715992915807422e-03 -1.695974382959130125e-02 1.722728542489145379e-03
1.750804894201479084e-02 -3.569892245726054292e-02 1.951341272315408604e-02
-2.898007796936487301e-02 -1.696225300497055831e-03 -9.896932698722956875e-03
-2.177968874367652158e-02 -9.898937500911359280e-03 -1.807440544304312474e-02
-1.229840469141529197e-02 -1.345231148474279083e-02 -1.719988730775425618e-03
1.892947837887490672e-02 1.808411603000518661e-02 -1.639168208134934163e-02
-3.370918225770717230e-02 1.504339038998340865e-02 5.821331781812278880e-03
-1.414910787189269971e-02 2.633710631499318333e-02 5.025440770662556282e-03
3.418883949946485701e-02 -5.304343554199696109e-03 1.373760767181237286e-03
-5.096376793839269004e-02 1.641712117639688648e-02 3.172325870667016493e-03
-6.578634381372161499e-02 2.925107346986297735e-02 3.338404855946504324e-02
4.802987286711982856e-02 4.508329493683856971e-03 -1.273362625957317334e-02
1.365300017855496616e-02 6.093200475368208344e-03 -2.464735439824721625e-02
2.255852283891906715e-02 8.973106661455001673e-03 -2.779432286358253512e-02
-1.726832327031142117e-02 -2.448617802765028217e-02 -3.762023564560340507e-03
7.277019224850279910e-03 -4.176281715353844415e-04 1.667300410165747926e-02
-1.867531533654258336e-02 -5.686838480077076666e-03 -2.539254516509350038e-02
4.545174733234686598e-02 1.753468331584385684e-02 -4.572067801259660155e-03
9.873463103381323325e-03 -2.588275356823003040e-02 1.833089763142120923e-02
1.270046690492488035e-02 -2.269665314599974074e-02 1.500254037319660033e-02
-2.074751696409365964e-02 -3.111926713047968862e-02 -1.101267491037253611e-02
-1.851409934156337742e-02 -6.097893716472927057e-03 -1.435893315140802408e-02
7.085415057714836455e-04 -1.850621940917328637e-02 1.509510683103948425e-02
2.376281720422426108e-02 1.061508777128836872e-02 1.843411814614535557e-02
3.178697487586912285e-02 -7.483659951784664031e-04 -8.100172618993281212e-03
1.455207272877080855e-02 -6.240552540199415486e-03 -1.627347505117201013e-02
3.314976960701482636e-03 2.887923537228297144e-03 -2.245880627747232072e-02
1.587205836716901186e-02 2.091039412682619246e-03 2.668557937175808706e-02
9.964249276551380430e-03 -1.520721522403568372e-02 1.464086954706353590e-02
-3.143741255434791618e-03 1.546239899016509101e-02 7.276119563982638531e-03
-3.036930756216850826e-04 -1.388187373433048648e-02 2.321742107131775229e-02
4.928288134134800776e-03 -9.343198684344808727e-03 2.983152128846022766e-02
1.225540007961411181e-02 -2.760996299321989353e-02 1.183329944615122385e-02
2.662496759084560446e-02 4.925861552692092742e-03 -5.726031063846867379e-03
1.086000253293676644e-02 -2.588429614191021383e-02 1.217579205253514936e-02
1.401275369867950940e-02 -3.240832918209300695e-02 -1.171142211496553550e-04
3.326721049598518887e-02 4.242396320390256700e-03 5.186664211817142503e-03
-9.155851992564308095e-03 -6.200795441908414640e-03 -1.227814395397861490e-02
-2.188706786001951704e-02 2.534316332530806709e-02 6.357385882499544047e-03
7.276167892178690569e-04 -9.549966257915658676e-04 -4.328990674330996866e-03
1.811059537525903582e-02 -1.519535748205597548e-03 -1.808578230364089878e-02
8.944495116553262057e-03 -1.428780867610068492e-02 -6.320502227004939563e-03
9.617347028150537505e-03 -1.730879156042618508e-02 7.409362508749907719e-03
-2.579778409746417284e-02 -9.932945171930572959e-04 -1.955435990663709211e-02
2.197627427321578383e-02 -2.976897296561486703e-02 -7.076815399810149586e-03
9.432766090968035602e-03 2.537309364543084700e-02 -1.619721186308919689e-02
1.782445419671424558e-02 -3.633818283740398308e-02 2.259286421547391718e-03
-2.670525198722102558e-03 2.098122346453787368e-02 -2.261807460427825087e-02
-5.893227140787006546e-02 3.419357981566032573e-02 2.430364959819876144e-02
-2.737297464678225406e-02 2.574735040130010297e-02 -1.135309629683183517e-02
1.263338632247979799e-02 2.190726406884488039e-02 9.777961694705917736e-03
-2.052904486449935034e-02 -3.964410488112342888e-03 -1.278183506636359178e-02
3.703198319303110941e-02 1.174519291574988196e-02 4.370305480093776042e-03
-3.352081909082330752e-02 2.283291890954115486e-02 -8.551385746808677288e-03
-3.034367025535529561e-02 2.979886235992729171e-02 -1.253035770396400753e-02
1.034588126111746047e-02 2.045451994865390977e-02 -1.480333895430289981e-02
-2.793748499212420945e-03 1.155624330896839157e-02 1.340415077448984561e-02
3.470711710192023874e-02 -2.004376805155884400e-02 1.580416289527742518e-02
7.124433936730208486e-03 -2.799785646875010622e-02 -1.096446213046642533e-02
6.480373333410776302e-05 7.857918472049054553e-03 -2.734993580891226586e-02
-4.739923370697352034e-02 1.411756698845760896e-02 4.371278120635368157e-03
1.353845672759662958e-02 -1.146493466917695297e-02 9.496461121955341103e-03
-2.006127767280171253e-02 -2.497544083011079413e-02 2.940499121759330634e-02
1.107744902548839228e-02 -1.450496759422300122e-02 -1.176976214788928894e-02
1.961627216555415082e-02 2.601466166856741292e-03 1.752919813749113931e-02
2.584860058978180608e-02 2.285391270653621895e-02 -7.289196712688098163e-03
3.570833800329330232e-02 4.918504562778681227e-02 1.955282782217925008e-02
1.329695438242380241e-02 2.547269338751298462e-02 -8.503128899663666904e-03
1.141336405411737774e-02 -2.523444212440725462e-02 7.913296940643988267e-03
-9.183147621811934419e-03 -3.726060001329945665e-02 -6.486034779206563752e-03
1.500408882095981278e-02 4.706961824611266380e-03 -2.443573793215614298e-02
2.283776789456383113e-02 -3.087564540240353775e-02 1.470480859392391502e-02
-1.668322391968465532e-02 -2.545752991782902069e-02 -1.445403483010477413e-02
-1.234513480004803890e-02 -1.665101127349668392e-02 -7.598684446626941674e-03
1.708058623248687180e-02 6.809661028220991138e-04 4.828043263593884311e-03
-1.047813113364273567e-02 -2.554946630885015883e-03 -2.249267032298696289e-02
4.458222959317400223e-03 -3.068497763599341982e-02 1.728028829694647781e-03
-1.626101950589278408e-02 -1.490027512263112502e-02 -3.595147653386472891e-03
-1.394511551440052316e-02 -3.392583809772815439e-03 -2.818826966374173362e-02
3.446233312977189933e-02 4.103802709874769354e-03 1.519167347666108663e-02
-4.502930764124459494e-03 -1.846506755190622726e-02 3.135225040955017667e-02
-1.065857618396949189e-02 -1.532963476664765332e-02 -1.146463548137470305e-02
-4.068935008847828633e-02 9.705810839661283690e-03 7.599820344984532447e-03
4.379265160930233963e-02 1.367737128493822646e-02 -1.061947102657324199e-02
1.999676078759604625e-02 -1.122197865443230400e-02 2.000780235377140961e-02
-1.876081090604502302e-02 -1.892049322852606226e-03 1.081199870876007121e-02
-2.970125038136107662e-02 1.838932506124806021e-02 -2.413311346092661749e-02
1.180505656125693630e-02 -4.077291413801409359e-02 -1.791012152048826250e-03
1.556717579270112603e-02 -2.125027780617832693e-02 2.351394216618732380e-02
2.435525233672889908e-02 -5.915169899976168745e-03 4.114955911631437875e-03
7.625246735706870879e-03 9.156034207270763014e-04 -8.417995955382291673e-03
2.158342025255430979e-02 -8.074184030230862827e-03 -1.394768009826170135e-02
6.192845907133494830e-03 -1.439012155103588583e-02 3.364912591300745631e-02
1.885027466503376090e-02 -5.821736104847414649e-05 -2.877317561549169733e-02
-8.959130491636029675e-03 -6.170700954307462363e-03 -9.204402823789951602e-03
-5.411752103996064073e-03 6.324681548093664604e-04 1.290632839302370896e-02
-3.550879292123368391e-02 -1.273117601330701898e-02 1.117560581583756582e-02
3.877088468501822122e-02 7.662727064986712446e-03 7.887831887946387954e-03
2.214338615815132638e-02 2.861943310703767007e-02 -9.505333983438637308e-03
1.349548693359757696e-02 2.912663448776863992e-02 -7.153501718226528208e-03
-2.593795111080924448e-02 -8.230819000376780534e-03 1.156097698542819102e-02
1.723692263120562423e-02 1.987643699341052131e-02 -7.023813413429128748e-06
1.770132891621278501e-02 9.744521673556140462e-03 -1.095817573585773988e-02
-1.481361436602493574e-03 -1.795708681841672386e-02 3.244538427530641034e-02
5.917621602615091153e-03 -1.952897360175298482e-04 -1.723058801904853513e-02
-8.817670225907230097e-03 8.148084893294500752e-03 1.922958687677048337e-03
-4.379920884022154431e-02 3.041664507863274872e-02 8.773736509808268379e-04
1.545032303320482275e-02 2.220041201804664327e-02 2.579088108035727453e-02
-2.958625826395057737e-02 -1.517805554007444629e-02 -2.249464274814592241e-02
-7.990724789306419967e-03 -1.012689962600765888e-02 -2.826255161578012515e-02
-1.976485485165846434e-02 2.646989687777154612e-02 -1.839842828276157943e-02
4.805815978765104468e-02 1.119679947808483421e-02 5.783257430261295323e-03
-1.949285386510930069e-03 4.780110803196249702e-02 1.418865508525147742e-02
-1.515944182580177338e-02 -1.673766166781970668e-02 -1.709037351884014691e-02
-1.405296435630850292e-03 -3.037621938697518398e-02 -5.903425600751002235e-03
-5.095383368746870265e-04 1.677923795266496321e-02 -2.523919944643962174e-02
-7.420255829183364064e-03 -2.164926831747387287e-02 -4.007411936354932612e-03
1.974674768872729594e-02 1.534239104075739261e-02 -4.966330891838093529e-03
-8.575511372579169844e-03 -8.800555083159843431e-03 2.849877485662955651e-02
-3.368568679445123337e-02 1.087824941631609227e-02 2.973122970152820496e-02
1.678563350986520680e-02 -4.998835787333754700e-03 2.307073980653302769e-02
-7.017231856147130263e-03 -2.549528268346950080e-02 -1.008738423261231268e-02
-3.666383642554984536e-03 7.361070616735737940e-03 -2.810666483894455614e-02
2.093457971385480343e-02 8.842361978042879295e-03 2.473020438477872146e-02
1.897239983165276492e-02 4.221477216404306843e-02 2.570929664577919702e-02
-1.650767276132341504e-02 -4.319140441087158944e-03 -6.020344952409464184e-03
4.326468107600925372e-02 1.721180288878315298e-02 -1.212571831213179324e-02
1.174263889494121457e-02 7.251609545519628608e-03 -2.635427905579534186e-02
2.183284865836640845e-02 -1.459205508974983044e-02 5.547803941811898891e-03
1.791702347875561221e-02 -8.171410465670967543e-03 -1.129461878284903666e-02
-2.384742894239328878e-02 1.600336128582398364e-03 -2.167193407102629282e-02
-1.623591137900616890e-02 -8.836613476654797336e-03 -1.824042151868477193e-02
-9.072190662808801709e-03 -2.934105492615097024e-02 2.013345254928448208e-02
2.539602888199590791e-02 4.230763266079615864e-02 1.757928515296454776e-03
-2.819328150823615167e-02 2.499958895250554633e-02 -5.639957764344116775e-03
3.578412064693289180e-02 1.723083945910905759e-02 1.020081975647502137e-02
7.226819321151376971e-03 -4.157810488784410147e-03 2.515996433447888897e-02
9.293668289212847836e-03 -2.902338380634647552e-02 1.157508749012994831e-02
1.999083389747034062e-02 -1.646990891884545644e-02 6.147470013702222014e-04
6.042065690377857595e-02 5.158834264105206791e-02 1.609293760697082590e-02
-6.295892824200802207e-02 1.383132165273348591e-02 1.809667089960778977e-02
-5.708271849164149592e-03 -1.942448158341662096e-02 -1.646884848557835998e-02
-2.629211926815052530e-02 -3.666887757709522827e-02 -5.780949388004035655e-03
-1.844362869356951790e-02 -1.639013962683256390e-03 -9.307342063540925692e-03
-3.190904047719667069e-02 -1.449047788477403863e-02 4.441467470414835498e-04
1.313609377013125190e-02 -3.010623060761773856e-02 1.536846571720844150e-02
-3.406397313280717237e-02 4.148741235831270718e-02 2.231251530187113724e-02
-1.555180864502704423e-02 -8.341235674243989429e-03 -8.757679547030293443e-03
1.661334113096774381e-02 -2.434510293690337820e-02 3.449642759657751360e-03
1.363187744976399659e-03 -1.141861735600876483e-02 -1.426592984093995146e-02
-3.471733712159243840e-02 8.691498450464704359e-03 -2.896999322140862091e-03
8.782409482531420772e-03 -3.032339052360654222e-02 8.598209681135038016e-03
1.863778815614323958e-02 7.695369253468938193e-03 -6.969958148929416598e-03
-2.280668704536045754e-02 -2.433333938162170109e-03 -1.702084088570303411e-02
-2.535595910220793739e-02 1.795244778518207546e-02 -1.043936048645940917e-02
1.561047931624034643e-02 -1.232706802244661753e-02 1.519162047987125848e-02
1.708921040242479192e-02 1.964109256331167137e-03 4.219494451227727774e-03
9.821791760387509757e-03 -2.507342646558452515e-02 1.602119311954937342e-02
-4.304756423818106165e-02 8.750124663085180263e-03 -1.229367576394035889e-03
-1.078032329966866973e-02 -3.661709992701444455e-02 7.062713647125853748e-03
-7.167271302895588184e-03 1.260104486490278182e-02 1.578606217645562356e-03
-9.901362958369448394e-03 3.350698354639651544e-02 -9.755024382512992795e-03
5.254388707454694246e-02 2.824739345074346250e-02 5.089161093580582551e-03
-4.202638517120946618e-03 -2.013740254250480019e-02 9.136598463041495019e-03
4.586563323509512680e-02 2.282547658166307614e-02 -1.697148472741896036e-02
1.464307737072302086e-02 1.806050976957597823e-02 -6.475398144906797764e-03
-8.280649035540941019e-03 -1.884187004999660769e-02 4.091549160008795157e-03
-1.521916588634068118e-02 -1.529855770591822747e-02 -9.384799701428811827e-03
-1.859966951130568452e-02 3.332685618870689231e-02 -1.234111414338415896e-02
-6.049516792481827131e-04 -1.820812965913878520e-02 -5.360992711689674395e-03
-1.933896237300952725e-02 -9.742639145116473512e-03 4.495349704168321789e-03
1.996991413075127619e-02 3.362623505132254081e-02 -1.037572715877545237e-03
-2.892951185602902694e-02 1.134741207244857955e-02 -3.398071669155881651e-03
-4.037800364606265735e-02 2.832765254050286299e-02 1.875274162096499803e-02
-3.786664063297835638e-03 -1.700166618610407868e-02 1.311206520964502270e-02
3.607527908497038666e-02 6.649055629447312918e-03 -4.995777514606608051e-03
1.753256747076867988e-02 -9.577438047802248888e-03 2.015507069616174693e-02
4.274141752717878356e-02 5.980127486713478560e-03 -1.573580356643209874e-02
9.985830675847764265e-03 1.974142581124563312e-02 -1.565292548937941008e-02
-1.285510106640397852e-02 -1.774675342584836057e-02 3.480778926810120660e-02
4.763338140223883493e-03 -2.250072079382919171e-03 -2.069244037471482459e-02
1.179316117507047627e-03 -1.515736985439863384e-02 -1.675932255010467806e-03
2.561161313963582209e-02 7.830799688626330704e-03 -5.588579164560026832e-03
-4.635406463215727829e-02 -2.184291216996642974e-03 -1.107491563568864176e-02
2.475690527944288469e-02 8.494345374520166983e-03 -2.925359689883741399e-02
-2.883666223069143025e-02 8.705526404407085833e-03 -1.007211745588590737e-02
-2.504089456794499416e-02 2.506270840168180886e-02 -1.890317441089323786e-02
-1.294921742127103960e-02 -1.801153003977798428e-02 -7.442392104156421266e-03
1.754899957982810135e-02 2.303447791476444630e-04 -1.316949754101211234e-02
-3.445591850376877874e-02 -7.662058756765067515e-03 -1.555225209857478627e-02
1.057266208230361187e-02 1.609855583286546807e-02 -1.005233003253063785e-02
-4.768261430985717801e-03 -1.213303960327262801e-02 4.959397852563158030e-03
1.135494625580426090e-02 -2.116918881496032689e-02 2.525746752662526295e-02
-2.682455822735575410e-02 1.228319784576681339e-02 3.458562369902115630e-02
2.827165079568421530e-02 9.673401880072186876e-03 -2.546641794763949626e-03
8.412030327898645764e-04 -1.649043782366731159e-02 -1.236271470576227882e-02
4.361120801482597925e-02 2.912940518986424404e-04 -2.412384928638150374e-03
2.216263959083505236e-02 2.251019745623237568e-03 -1.624241908140299298e-02
-2.850128792189123364e-02 -9.120826172527490838e-03 -7.524047786642707857e-04
6.399134199630886373e-03 5.553522771013529903e-03 -4.561987688147013317e-03
-2.380192532429932159e-02 4.530597170726980219e-03 -1.848483956461104485e-02
-2.755934551467422930e-02 -8.332393934072555852e-03 -1.291867210579617647e-02
-3.457221841502638310e-02 -1.512342703229816766e-02 -7.121463365155823733e-03
-4.684876876760255687e-03 -1.842719636356953197e-02 7.382387366525496389e-03
2.480478873535763365e-02 4.549052893595892377e-02 1.522699872720480359e-02
1.524356142609904416e-02 6.964858729590767128e-03 1.047431078119508661e-02
3.477544232585094361e-03 2.030697444640008117e-03 1.017964940033584675e-02
1.111704956790279634e-02 -1.962388774609547665e-02 2.017322729481116003e-02
4.369107245137489846e-03 -1.719940850682676048e-02 7.631619855828413422e-03
3.382880218039503034e-02 2.084273552722981995e-02 2.446636705208352427e-02
2.957678423479365767e-03 8.739217917105596839e-03 1.430029551089277186e-02
-2.757654258634029479e-02 3.881803144690888253e-03 -1.417774562637698181e-02
1.573239363083485734e-02 -2.373172172494148954e-02 -1.918245800046550556e-03
-4.719804819402259599e-02 2.497239661041238817e-02 8.633853842997600905e-03
4.125218800184843326e-02 2.189262692060861288e-03 -9.490964159559115224e-03
-2.421084957514306815e-02 -1.751673676998507720e-02 -1.807059133594541428e-02
3.307294449524685043e-02 8.239260813986756457e-03 3.874644401293712783e-04
4.904915114491211793e-03 -2.267970813514587000e-02 5.965674247926172017e-04
1.936782192685216133e-02 2.658572803124304926e-02 -1.446325834034110393e-02
1.120416809473882835e-02 -2.307066822290533906e-02 2.951778264844445807e-03
7.366205578299105453e-03 -8.726091362730797820e-05 -2.990782511765547463e-02
-1.512476183339770200e-02 -6.503912003811282601e-03 -2.698583496516236170e-04
8.594645760674078996e-03 -8.733895216076220267e-04 -1.211651584530337722e-02
-1.409014691878297809e-02 -1.571681577332421356e-03 -2.511104526207506393e-04
1.077688514675618353e-03 -2.159663683697086653e-02 1.804538342514579521e-02
-4.256251593243198447e-03 -9.802726180002904396e-03 1.279643246346890209e-02
2.136834916216223332e-02 -2.699026197371899929e-02 8.008289968155871477e-03
-9.369059791123649991e-03 1.808662717713964592e-03 -1.128488146129633107e-02
-7.382616885239210759e-03 -2.073839674448166651e-02 4.941873305844953423e-05
4.254108168636450832e-02 -3.251661462598046115e-03 -6.764312178445148170e-03
8.966215282825739860e-03 -3.661954750891523256e-03 -2.337866298596155690e-02
-1.504508426684595529e-02 -1.648132125251250413e-02 -5.311784481223538398e-03
-1.209416892281067746e-02 2.039525669307915012e-02 3.076304078498589070e-02
1.630339027626765552e-02 1.880165096038876812e-02 1.185289235115610795e-02
-1.301603954800036565e-02 -1.124361109251850732e-02 1.054541574684195702e-02
-7.672459630491392131e-03 -4.362582881746708899e-03 1.632349870274362727e-03
1.984960430843975623e-02 4.159782708084182323e-03 -3.480654355731375906e-03
2.550433083197647249e-02 6.075148642326859937e-03 -2.481553906962643413e-02
1.925985190063454755e-02 1.747417769284041441e-03 -3.024301510085261602e-02
1.262773656123065101e-02 1.509793214156429988e-02 -1.066191041924480394e-02
7.017581207777566152e-03 -3.201256705280489112e-02 9.354097075027226205e-03
7.446465494538475477e-03 -2.216915838621457205e-02 8.010203659326848788e-03
6.593121799587581440e-03 3.812420892717874321e-02 -2.680584284918088520e-02
3.215381279267029435e-02 -5.949122517988398098e-03 -1.326204722063257721e-02
1.676473301374615393e-02 1.748892809848319116e-02 -1.257513785363799201e-02
1.492553329873633206e-02 2.878750058164305028e-02 6.478427217092813488e-03
-1.597748510524031260e-02 -1.454357982180166237e-02 -6.852739566778773272e-03
-2.482250673346722905e-02 1.235305730133679641e-02 -1.451874243300530637e-02
-1.409911906430982333e-02 1.222394908694536195e-02 -2.309101623427562908e-02
-5.240453040009462708e-03 4.513575106751755578e-03 1.980569052959239504e-02
-4.854064053863517414e-02 1.967603230906309411e-02 3.105713988207262424e-02
1.241991782226800796e-02 -1.881206435385559400e-02 7.096185457197653514e-03
2.906672627313615018e-03 2.291212092209443142e-03 -3.779470122560039946e-02
-4.153880177263351986e-02 2.807362071746007104e-02 3.250371187517676203e-02
-2.044757390765132576e-02 7.414682989293344857e-03 -2.573528132044155051e-02
2.849547502608913273e-03 -3.234852825231679385e-02 1.905904500713416494e-02
1.824096369423870365e-02 2.945679063720734511e-03 -2.171221724089159727e-02
1.304892052682482019e-02 -1.777127007948277326e-02 1.062241493767507143e-02
-1.308189118598942482e-03 7.110144326780927504e-03 -4.588966309686142928e-03
1.270700394416175542e-02 -2.281352067326338461e-03 6.113918609768869382e-03
-3.329420233955171504e-02 3.279617607653189520e-02 2.123928812306480340e-02
3.621798846604655508e-02 1.216669909529025789e-02 2.055651668064601562e-02
-2.162474314510881221e-02 2.277819515111498619e-02 1.364856271694691627e-02
8.878582016180783590e-03 -2.158055879395237575e-02 -3.495246719703483471e-03
-5.411897567723808651e-03 -2.075176874078622086e-02 2.892806727236376524e-02
-3.256943025534477648e-02 2.636304535118800738e-02 2.392042082508336401e-02
2.096572435321072958e-02 3.073720644392431006e-02 -1.658480222344126467e-02
-2.710229452466110175e-02 3.022193231299929138e-03 -3.504113785622640226e-02
2.647814233091521849e-02 -1.187217752772199786e-03 -5.607990303745336372e-03
-3.929396820629212084e-02 2.241978464311701613e-02 -7.511001716756195851e-03
-2.153199762213494836e-02 1.897055306059958202e-02 -1.516602442469672934e-02
2.188583021258084724e-02 1.316456824350323296e-02 -1.006668309860075765e-02
-7.182078363119805652e-03 -1.777719488256131533e-02 -3.132964462508663547e-03
-4.204973805802249449e-03 -5.183145472452528818e-04 1.046998154013902178e-02
-9.062049454084212044e-03 1.049224547632504091e-02 2.831425337632078806e-03
9.760396859385858659e-03 -2.050877898941454863e-02 2.000191357192565231e-02
-2.216463038454070250e-02 -8.646851636647920683e-03 -8.320765049749880363e-03
1.281766489412874098e-02 -1.413712889888088693e-02 7.272095192252219474e-03
3.094884231726899998e-02 3.478188456890628916e-02 9.932263367079838950e-03
-5.595857952222752126e-03 1.948738956078451641e-03 -1.749240427756324281e-02
1.133954917110120350e-02 -2.713901123399908508e-02 1.795221211017182170e-02
-8.325753433558763517e-03 5.274335769922223853e-03 -2.159549206190562037e-02
-3.346125505602222557e-03 6.357649778699981172e-03 1.543568711605329200e-02
-2.652545158032275363e-02 1.916973781818129968e-02 -7.029426111537108619e-03
-1.419667425917761627e-02 -3.067977568524196674e-02 -1.181671128057480008e-03
1.388051462275009633e-02 -3.150790926699463534e-02 -1.082805468622253034e-03
5.041675585466467643e-03 -2.756792787664072084e-02 2.347530436047174512e-02
-3.632768927844785140e-02 3.765961094745522153e-02 2.030901790336291091e-02
-3.609409394720624470e-02 1.268008176047076899e-02 2.457333365895984778e-02
-1.583998705641605784e-03 -2.449880997940006785e-02 -2.457487138445829840e-03
-2.696982410175644343e-02 1.736858349370383123e-02 -2.405187881720884102e-02
-5.573303519186747351e-03 2.257057298540820784e-03 -3.053366008955600217e-02
-5.029884176926909846e-04 8.023084677674751156e-03 -2.829027654657126269e-03
1.596459609840586436e-02 2.690206639209630560e-02 -1.260221933533074538e-02
-4.016817879591324386e-02 5.928634938878944542e-03 -1.410845881047329518e-02
-1.318438967072227755e-02 -1.600278568935448176e-02 -5.928596757375766967e-06
2.427094401414959038e-02 2.387568141148882581e-03 1.695112088361246799e-02
2.092482475198676264e-02 9.387822100138559431e-03 -8.680829919275158749e-03
-2.127821503870245406e-02 -2.047532095573387223e-03 -2.169558774335473769e-02
1.655760947664743771e-02 -1.600804836907756754e-02 -1.195685404077508063e-02
-8.930361647075646045e-03 -4.677774568426737965e-03 -9.747470397691172794e-03
3.451596809150767574e-03 -2.164275054294624578e-02 4.448843163268044985e-03
-4.072371633821976478e-02 1.992028256637582220e-02 4.008716736955127841e-02
-3.898461956957900709e-03 -1.942142000917233824e-02 -1.009177713520280828e-03
-2.229469940051371363e-03 -2.707727601736606426e-02 -2.683460874509645180e-03
-2.001794927121866921e-02 1.941554513626632741e-02 -7.351417552561545846e-03
3.279795639344632030e-02 3.075813014576617849e-02 -1.111941333830246056e-02
-2.050026363644688945e-02 -3.130487265004443936e-02 -3.258411619030576051e-03
-2.065483108340625609e-02 -2.005266453025139964e-02 -7.734360576586125436e-04
7.725721715780496136e-03 -3.828617521858198886e-03 -1.729100587170799910e-02
-1.594736909639029102e-02 7.856284265108797599e-03 -3.155404308340371573e-03
5.400636955291646113e-02 1.602444905829891741e-02 1.017981904848845078e-02
-1.869074756737520993e-02 -5.324052467315677599e-03 1.057104225317089669e-02
3.016580934900516963e-04 -1.690513323837829554e-02 1.192704781207590617e-02
2.403998220638609018e-03 -3.284254955396623266e-02 1.252449002356032133e-02
-5.711477439330594867e-03 1.052586119534788117e-02 3.369910432523414053e-03
-2.159438116366868207e-02 5.300836544650729641e-03 5.883592542930541659e-03
1.537511717478661465e-02 9.017342455503778165e-03 -1.768178863383040866e-02
1.998960165711394232e-02 3.167875486643340066e-02 -8.899718774356565887e-03
1.297959416530246324e-02 -2.739982026678376356e-02 4.534931828325219037e-03
-5.438248556421260843e-02 -9.378587635958378702e-03 -5.750806369428814596e-03
3.069778363530660872e-03 -2.132288807750408119e-02 -7.023033174387446030e-03
-3.193735013131798056e-02 -3.185489339046008832e-03 -8.427906871798167276e-03
-1.845581036950433990e-02 -1.737057893498021935e-02 -1.585809247159547313e-04
-3.748897322471500537e-02 2.015097913360275675e-02 1.376987752615609073e-02
-5.008584575579322871e-03 -2.791635459059329041e-02 -2.768412223353103850e-03
5.235325199448907785e-03 -8.198746487638238628e-03 1.934260258126144910e-02
1.863078001352381011e-02 -1.757167863066614807e-02 1.513704033243002019e-02
-1.276999480777690245e-02 -3.112952257487932445e-03 -2.278598562461069815e-02
-2.982480184416683514e-02 4.774305777148357688e-02 1.929747136472936830e-02
-5.149538028415679043e-03 -1.865278849605870107e-02 1.070018745082382088e-02
-3.386868322555309369e-02 1.672140426413517428e-02 9.459692951059252633e-03
-3.229922386143153912e-02 2.473283520057691781e-02 3.592347875566404697e-02
1.499154167648377237e-02 -1.835455224694965137e-02 1.653939447147409134e-02
3.061797993301880114e-02 1.022289327688892697e-02 -4.591512287426934968e-04
1.231087876652690871e-02 -1.424442510183196973e-02 -1.592469487280906383e-03
-4.983883012360720149e-02 1.297208126518400659e-02 -2.933097488823240093e-03
1.118268467860999028e-03 -2.040786506753941576e-02 -3.445169731311779676e-04
-6.493646079113071790e-02 1.264385787520651457e-02 1.325400385622094862e-02
-9.427644233926650184e-04 -2.483137470240954700e-02 -1.330546289989635589e-02
1.483045649930785082e-02 3.100019235441553705e-03 -1.316533674692777628e-02
-5.961724404802253843e-04 -8.735453731776478617e-03 -1.550510520320989329e-02
-2.893055375580873972e-02 7.465703556381868278e-03 -1.999499998103550572e-02
-4.178869631284408415e-03 3.731595896681232094e-02 -2.032885627607429902e-03
-1.580107538163873573e-02 -5.511245071836457258e-04 2.284934115416309419e-02
1.154740044159313812e-02 2.193768798732046929e-02 -1.558109585085605542e-02
-4.212130895298799027e-02 -6.368799188395883604e-03 -1.296598773179884895e-02
2.860708210307313579e-02 6.030271766829999047e-03 -3.988776869815941796e-03
7.408043161159050087e-03 -2.379845856020084208e-02 5.585187385017191877e-03
1.067750411336258233e-02 -2.040398652608711380e-02 1.488557408480375988e-02
8.575110523860627124e-03 -1.210452042353573482e-02 6.236704855718535126e-03
4.124106028098500215e-02 4.786109759430308766e-03 -1.106258549386218183e-02
1.266463963859631656e-02 -2.569012909841307188e-02 1.995445223874426147e-02
-3.379153270597636503e-03 -2.709305952501296286e-02 1.612888913307774369e-02
-2.150887695268177691e-02 2.502786346281710497e-02 -1.471308833832045762e-02
-9.259547585343839288e-03 -2.317224246953877506e-02 -4.807418260700517532e-03
-3.721986536346551938e-02 4.248268454352440576e-03 -1.076372965813131993e-02
7.265792526001708419e-03 9.677887275026204536e-03 -3.579760579744237226e-02
2.119697042504698967e-02 -2.242281002042180449e-02 9.713677292742049774e-03
2.952324491749798441e-02 -7.010909437699681251e-03 1.956819433743619066e-02
-3.811583386195908224e-02 2.045263197651186332e-02 -6.771601915978887713e-03
4.004317376881711896e-03 -1.027576539146362981e-02 5.330383412073974071e-03
4.396057781336749209e-02 -2.691822679149536920e-03 -5.539507400025988834e-03
-8.994043843796067916e-03 -3.261473596987851664e-02 1.307528703957739832e-02
1.555940643086035392e-02 -1.817397567088260835e-02 -3.437774324027672093e-03
-4.705268151717983266e-02 1.366454635747640228e-02 3.602828382111389338e-02
2.744832030540798537e-02 1.350335313364435129e-03 7.234339547158887863e-03
