-4.802175334940613329e-04 -2.276429780597043900e-02
2.162874038246424477e-02 -5.950787475318263832e-03
2.362893645268486238e-03 1.342614800335139615e-02
-2.025783699927385245e-02 3.388186046729911235e-03
-5.003525368782229567e-03 2.071480796060075000e-02
8.722089121036634418e-03 -5.098031662573495465e-03
-7.543535147744862869e-03 5.339738789973644782e-03
-1.637527375738417543e-02 2.159296273347937820e-02
-2.136143131146349058e-02 3.317016874424828787e-02
1.889629099183969679e-02 -7.022169151653595912e-03
6.413613735271457734e-03 -3.558399421946447511e-02
-1.563964485093612480e-02 -9.388813295251712812e-04
1.928501459270502011e-02 -1.645018598658639503e-02
-2.039347452253526677e-02 3.742440273186886830e-03
-7.471735759634540782e-04 1.551885464565958168e-02
-4.772973079506128043e-03 5.416279186975951621e-03
-2.351734770460931281e-02 -8.796476035260354653e-03
3.118699644299922566e-02 -9.834528515345880920e-03
5.051646532331824369e-03 -1.009492258178804058e-02
2.612715133239566431e-02 -7.564670206917047633e-03
-7.171782834688154341e-03 4.374806262259539787e-03
2.511123755040889707e-02 -3.518954217400569687e-03
-1.466260042742651261e-03 1.674273637739167805e-02
-4.984847121083447324e-02 -2.035241538718967486e-02
3.187562940953062723e-02 2.194244714309275673e-02
-1.547323621883115417e-02 -6.690153841255072446e-03
2.344797154409884038e-02 -1.397256241407161294e-02
3.289576314863125461e-02 -2.382053456873719165e-04
1.570118378357404296e-02 -2.307176572880917376e-02
2.353007343325255046e-02 -7.456061050714272564e-04
-5.629380844015666879e-02 -2.116405983322194873e-02
3.580845492971950622e-02 4.459515398499190944e-03
-2.606859472044042308e-02 -6.236962075304236346e-03
-6.517799761456258625e-03 9.048735838794572453e-03
3.300991244761212334e-02 2.493179890970118745e-03
1.052621716302138896e-02 2.592434051995212013e-02
-8.022767825134948308e-03 2.519272839240803766e-02
1.151466279104807269e-02 -1.001809885341036280e-02
-2.560182301021364862e-02 -3.346519892504438033e-03
1.457221719444137982e-02 3.313211772205731931e-02
6.299425830566127149e-03 -4.136173644802172006e-02
2.578411664548008880e-02 -9.286533399028440092e-03
-1.571157191932724337e-02 -5.706664256225697091e-03
3.007673169612580175e-02 1.166664813450615226e-03
3.765487431816661595e-02 1.939410615929465119e-03
2.762523183908750443e-02 -2.083653806490714036e-03
-1.988437478348890897e-03 3.404938135036967434e-02
6.299575601139186139e-03 -5.720187737355202778e-03
-2.362575295144108203e-02 1.961731398712582460e-03
-9.999698454380150266e-04 2.668095531727215919e-02
-2.353741787804363231e-02 -2.996493371787707638e-02
2.706665384459345722e-02 -4.889907461608044952e-03
2.548064604460853477e-02 9.863902134786706882e-03
-1.982632468138268399e-03 1.221924663603305740e-02
-5.293817034172777075e-02 -9.736728231427864769e-03
-3.212586333714195774e-02 -3.363803966427610787e-02
2.482038577257776948e-02 7.604559216280075765e-03
1.466065625681693685e-02 -3.037082608475406495e-02
2.497979813360495793e-02 -5.121837886369271994e-03
2.792682225209939390e-02 2.496606209185854575e-02
-1.463441684240568592e-02 3.776798059143566394e-03
-5.438669210389261710e-02 -3.212774663745180531e-02
1.519806898680446834e-02 -2.881590607071067740e-03
1.236433318114442924e-02 2.685942419756907700e-04
2.467373003757597841e-02 -1.249715826089152840e-02
1.555581626453877812e-02 -1.704284497464375256e-02
-3.082730260190840940e-02 -1.127909551092574902e-02
-2.197317671915249848e-02 -2.554072640439113747e-03
2.058846860433289142e-02 -1.211095144705201347e-02
-1.051555642740119138e-02 -6.222614323919721351e-03
-6.459660309005152944e-03 5.616795821963706248e-03
-2.633794403825606353e-02 -1.273977239219365593e-02
-1.961487842626459532e-02 -8.467578602880432336e-04
2.411791080433568595e-03 1.354367521101523288e-02
-5.331713331270615530e-02 -3.037180517906750560e-02
3.023522328716285110e-02 -2.166038062988957444e-02
2.208079724054698781e-02 -1.467839801547013608e-02
-2.410554435204650178e-03 2.656716854481441445e-02
-1.280730447883617236e-02 -6.711715546255140989e-03
-2.073644348540819304e-02 1.817929323260216931e-02
-2.295540772165520493e-02 3.319474733019683356e-03
-1.534243381272513626e-02 1.099895545252090739e-02
4.090749888926539790e-02 -7.264320514987995282e-04
2.662916514413629643e-02 6.294593268313524413e-03
-1.093100959630417118e-02 5.918484927387688025e-04
-7.686962086077027759e-03 3.263088307666673488e-02
5.882564748293292629e-03 -1.004657088949373160e-02
-2.353472134260656528e-03 1.536294353122836381e-02
-5.317204763519017829e-02 -2.585942906684536580e-02
3.063132644408924146e-02 1.500103746027141478e-02
-2.767130582252397622e-02 4.696032806792355303e-03
-7.824809022824121343e-03 2.272043615442940340e-02
-4.686473161702050388e-02 -2.968625467248077118e-02
-1.458644434128904613e-02 -1.224397958332461983e-02
2.114990253452628428e-03 1.043306707456122034e-03
-1.635517429355000732e-02 8.005233512270126112e-03
-1.648692381076729413e-02 1.281174393611845316e-03
2.813090046167558700e-02 3.298114806826962005e-03
-3.565964835975798247e-02 -3.046081519757039627e-02
-2.490656454606711076e-02 -8.559180581134768128e-04
6.252953972653721784e-03 -7.678719226628973916e-03
2.934448461456813997e-02 -1.107080315331599937e-02
-2.421106994527777792e-02 -3.161783819102977761e-02
2.572169158295953620e-02 -1.199494343056398127e-02
4.462945061294869287e-02 1.022740665657839894e-02
6.312392065911629456e-03 2.863729175538307081e-02
2.465463926382447952e-03 -1.536438592366214237e-03
-3.135649071209086619e-02 -1.485159841417605514e-02
-3.227816779048266974e-03 8.325548593533793618e-03
-1.256463904648649245e-02 -3.504680642126800985e-03
3.183544544654777486e-02 -1.332568186911246150e-02
-3.262924494341905290e-02 -8.115138507168039375e-03
-6.023348143975123040e-03 2.324088401684807834e-02
-5.158420905703444553e-02 -2.905823582482486289e-02
-3.821918918533004535e-03 2.682831273197812047e-02
4.034966999569908688e-03 -7.966651652491734195e-03
-2.447866672215225081e-02 -1.671403121705054493e-02
3.722767288212810305e-02 1.683784534746322111e-03
-1.243556449330118427e-02 3.222295294683642786e-02
-1.035409246773089445e-02 -3.045182735031962129e-02
2.596268460155243957e-02 -6.495554353092216661e-03
-2.711344524533620612e-02 -3.967553687628725193e-03
-3.226765569489046387e-02 -2.566803151345316281e-02
-1.376240848155398273e-02 2.625967459457629813e-02
2.885980726112832850e-02 -7.550069416213433041e-03
2.007281266573562178e-02 -5.589359033253941608e-03
3.362702847816900764e-02 6.599817461151606494e-03
3.391720886696650977e-02 -1.337643020974603469e-02
-1.730980642386371199e-02 -6.505791394980706480e-03
-1.836764227264342866e-02 1.551031407932944133e-02
2.861324891794939811e-04 2.320892402001695914e-02
3.078857394579167725e-02 1.351007279671284991e-02
-3.010115733056710832e-02 9.907391021141418244e-03
-2.248113454895300095e-02 1.915289035943257626e-02
-2.187772671993104892e-02 -7.368770458097604302e-03
-2.216697872293368204e-02 9.028489895108111549e-03
1.924205384673631503e-02 -9.905686958492580362e-04
-2.779134906191851190e-02 3.846783447587572360e-03
1.791661404327666088e-02 -5.721068211779930558e-03
-2.712402139467742952e-03 8.187291157177599464e-04
-3.037304902803233606e-02 -2.456127185462006826e-02
-2.115574202555467812e-02 3.304643217820425229e-03
9.407844440458987267e-03 -3.257654630800525808e-02
-6.428190086844189251e-03 4.710097614452016940e-03
-3.080098026807483614e-03 1.356171559672117097e-02
-3.015018078061290629e-02 4.807456208371218166e-04
2.188483275975492207e-02 -2.736916741357954454e-03
4.399339997039854872e-02 7.646118834370516613e-03
-3.132971755829478452e-03 2.769661456959592039e-02
-2.014298440948462596e-02 -9.998413510426287874e-04
3.823621861139368111e-02 2.249645276217877334e-03
3.324927378713571358e-02 -2.836632797726352379e-03
3.648613957003637304e-02 1.985530875556482892e-03
3.579409861697096379e-02 -1.443951073694133697e-02
1.230478844988489246e-03 2.424634845889993284e-02
4.864931066726292316e-03 1.475782998216130376e-02
-3.604678058234682403e-02 -2.264925581286754419e-02
1.100606995648797937e-02 -3.239144069742416060e-02
7.673109536863013252e-03 1.457295094939085704e-02
1.444136177192846017e-02 -1.010674884042296433e-02
-5.143214481623553658e-03 1.212269661663397009e-02
-4.494073996022525754e-04 -1.020090670848888825e-02
-2.380805993418028121e-02 -6.832434769161842801e-03
-1.235952973390499685e-02 -4.242113168082683669e-03
2.238788139705677818e-02 -5.309461442253811392e-03
-1.537446974308360678e-02 1.533263130944628565e-02
-1.853662394453660378e-02 2.943337641333129695e-02
2.663386551966238566e-02 -1.546784913765993953e-02
-3.548144063059776449e-02 -2.544287886462608117e-02
2.022804395671484387e-02 -3.169485495458941593e-02
-1.553367689464113001e-02 2.974843950188394565e-03
2.934050663051567670e-02 -8.841697903034890713e-03
3.340186840210200570e-02 -2.749656394663266539e-03
-2.354066727489781755e-02 -9.217816707711632557e-03
1.575018053446677196e-02 -7.814114543523962425e-03
-2.057244563822127267e-02 1.452584199478946202e-02
2.864566074185042124e-02 -1.421561364346715130e-03
-1.702594511098341756e-02 -3.311689832785156412e-03
1.265537655105126655e-02 -2.957011704015131189e-03
2.518761239516253275e-02 1.349889126108525699e-03
2.061144556232573366e-02 -5.073004911529461168e-03
1.087537777753569933e-02 -1.017162655808291974e-02
-1.750626353140976449e-02 1.067535243322462191e-02
-6.506275097857173255e-06 2.269974977337662833e-02
-1.457213257106902519e-02 -1.045223921054304513e-02
-5.368274520812433420e-02 -2.686977496360409834e-02
2.862066814523765365e-02 -1.268235892933680838e-02
2.892960630366437497e-02 -1.715968604075904106e-03
-1.239382397906099199e-02 2.555145732239628639e-02
3.019939319197654029e-02 -9.360071429153586989e-03
-4.381982839365158866e-02 -2.399274196616436525e-02
8.158430375458146713e-03 -1.707140593477851978e-02
1.088691038166509847e-02 -1.128102975034210240e-02
2.701787044704802646e-02 -1.064546895131019376e-02
-1.917920821059612355e-02 8.737123597769435798e-03
2.619289072789296804e-02 1.005765908084850328e-02
-9.491545548573850077e-03 4.672795973162038353e-03
2.111488021508741916e-02 9.047756880415059547e-04
1.066059310753282585e-02 -2.407383279907141654e-02
1.944995038197741772e-03 -5.891894876392287685e-03
-9.942281943195635172e-03 -1.050372428329548330e-02
2.721646392390454638e-02 4.649209793126102622e-03
2.634315449463911149e-02 1.612624410514323925e-02
-4.954508650382763099e-03 3.096201532742491255e-02
-1.135967198664462885e-02 -1.074469738455693935e-02
8.508977955982963831e-03 1.536912451096642852e-02
-1.831207419124394192e-02 -1.784489270543729560e-03
-9.976011775914436774e-03 1.527183143288471726e-02
-7.894312672146517815e-03 7.473051658181537570e-03
3.393740776618237032e-02 -5.454529488439039276e-04
-1.045545881026285415e-02 -2.191189419136437694e-02
-1.352436708541173696e-03 -2.078546552599618100e-03
-2.421464181202189619e-02 7.517304255925699730e-03
7.008138261659542251e-04 2.426587991237031533e-02
2.370585313466806732e-02 -6.774315927020663729e-03
-1.098458014933434770e-02 -3.278264315289512731e-03
2.416087377575103917e-02 9.351192464378151742e-03
1.645536307923227892e-03 9.341513327948079357e-03
2.117762133159237139e-03 -2.706839823579114054e-02
1.865801121071413229e-02 -1.660057760774438784e-02
2.661461740386769290e-02 -1.376944918596651607e-02
1.243423411082459837e-02 -1.124714606390620798e-02
-2.279168408798395301e-02 -6.079217634004294851e-03
-2.115605401906156882e-02 2.965332952560939886e-02
-2.341452527046007301e-02 2.730236718417778166e-02
-6.165617625470948444e-03 -1.457000616321271324e-03
1.680834724661172189e-02 1.555908866059935516e-02
-5.236105368900109691e-03 2.863418025475960443e-02
-1.453351773408588336e-02 2.643080528885378977e-02
-1.427115576048366966e-05 3.307446940922999234e-02
2.920522564822337561e-02 2.177815926196858751e-02
-6.049864998823175711e-04 2.862639393383906855e-02
-1.145127179514401905e-02 1.357841901994740093e-02
-3.075455620456133896e-02 -3.174493274500572032e-02
1.377736164126820533e-02 2.032141966106307263e-02
3.034402864387056309e-02 -7.852665943706911220e-03
-1.882791095135830442e-02 1.947333750375029524e-02
-7.150476806631007008e-03 -1.425083042606927961e-02
-1.321370173026495919e-02 7.094750771266046183e-03
-8.784562268587330428e-03 -1.657724497849836359e-02
2.041928385339945862e-02 -3.942139146714550985e-03
-4.950887985194280493e-03 8.950136427964062655e-03
-2.534859194219106146e-02 -7.191999433029891593e-03
3.496699087037613476e-03 2.270187889007567808e-02
-4.201743471288103132e-02 -2.528783771729353758e-02
4.991831995929345680e-04 3.026622988713374360e-02
-2.984033141419953003e-02 -6.145881657945810421e-03
-1.829141555914437153e-02 1.090551947855105883e-02
1.640749913770859353e-02 -1.088474936472428461e-02
-8.946794467744094426e-03 4.545569809428757699e-03
1.043999827198512434e-02 2.157041838580522550e-02
4.299063878440172876e-02 -1.228720091646517618e-03
2.324327454891589317e-02 -8.271034888596800333e-03
-1.306423651808174581e-02 6.377168242394808118e-03
2.436759777455030015e-02 2.121545811977809497e-03
-2.686349430522580115e-02 1.102369539880664918e-02
2.996646204518361306e-02 -1.316842705492869995e-03
-1.964966959324618984e-02 3.211974531221200527e-03
-1.216008473356955215e-02 -7.991509378458829319e-03
-7.943802738281297016e-03 2.766011518945909672e-02
-1.310198302691657941e-02 4.647006307995337968e-03
-3.262513424521937266e-02 2.292246626521259739e-02
3.453657030655438859e-02 -3.665067822645659643e-03
2.931953873962542256e-02 -5.140532765943842163e-04
1.641847916209256131e-02 -1.150937792232947614e-02
-6.035856071252048213e-05 2.424994040696366523e-02
3.950341688601656520e-02 3.216161954071330119e-03
-2.830289611435143904e-02 -1.563054558405224670e-02
-9.774747375320497200e-03 2.641522979361678528e-02
4.031549801573106051e-02 -1.602078545305528432e-03
-6.948685055118916827e-03 1.292601863516043385e-02
-3.222535742656785357e-02 -5.596982894751246530e-03
1.884982407709172997e-02 -1.838144239453114517e-02
3.493975159579010281e-02 3.411023056081761637e-03
-8.785084103471108713e-03 6.174843268893458019e-03
-2.447101157934603033e-02 6.372939783188247970e-03
5.428110529372647160e-03 -3.782015142661954155e-02
2.469440056771762468e-02 -7.391955180899491967e-03
1.995692976191795059e-02 -1.131556743191724536e-02
-3.432389611673266824e-03 2.263197632977094823e-02
-2.449995411681882632e-02 -1.513834283078019198e-02
4.579236972428612877e-03 3.361863771182086597e-02
-8.470015369328126251e-03 3.571778397505184083e-02
-1.971237178182717875e-02 1.139015397529172247e-02
-1.433242514487739240e-02 2.027118535958518947e-03
-2.421805611913165415e-02 2.815471771097920184e-02
-5.585109334660343268e-03 7.566814353339257858e-03
-4.841557575804534934e-03 6.869956008352205191e-03
-9.017728749936336149e-03 1.006593101096132058e-02
-1.570861077070188905e-02 -6.361179029710719787e-03
-1.964065870665620064e-02 1.711557755718886090e-02
2.264076269072315753e-02 -6.149046485572110324e-03
-1.935700052423048809e-02 8.233999059010215643e-03
3.827026106203262890e-02 6.698362211022268475e-03
3.535753927408770425e-02 1.410257297800683032e-03
-1.677161318951123428e-02 4.894490216708555219e-03
1.613558059148187049e-02 -1.864564744401340721e-02
4.541530413872995470e-02 -3.069564870116001706e-03
1.723993124590538677e-03 -2.704191174197985784e-02
8.822214897966225130e-04 2.194826477292658243e-02
-1.675262619039114345e-02 -1.452296317858026674e-02
-2.320418280729986960e-02 -1.066144995650747818e-03
-5.723570533805530380e-02 -2.382987389186763325e-02
1.734769319345073890e-02 -8.994497964928266365e-03
-1.423500555380405840e-02 1.700375732847935611e-02
9.985055011069847788e-03 3.854383515586123563e-03
2.827434314014456301e-02 -4.134891258644539727e-03
-1.098908179545584306e-02 -7.540445892611489717e-03
-4.454060728229156108e-02 -2.116038458630081429e-02
-2.281188417947459940e-02 1.039805692639768180e-02
-2.087642777245687746e-03 3.157669501163275910e-02
-2.919604642116236173e-02 -3.083705771751930110e-03
-3.593021873876876826e-02 7.352688549177865095e-03
-1.551151208082412677e-02 -3.623283836379519608e-03
8.141790605943832965e-04 3.535289981311148799e-02
-2.056340972123991973e-02 -3.425497289457403362e-03
1.950048326515491440e-02 -1.139235738700643957e-02
-2.726959661007911234e-02 -2.318068429224645621e-02
-6.097476831106778995e-03 2.244647902460884456e-02
2.832377730484548703e-02 -5.135359928471876570e-03
1.696401621268179422e-02 -4.138623162407648222e-03
-1.984367281857786838e-02 2.707021129519580210e-02
-2.169617274378153864e-03 -6.178097365364610544e-03
-3.235142894397662061e-02 -2.374021325814426250e-02
1.897695918202079585e-02 -3.188891607419929580e-03
1.096623223120730441e-02 -9.060429631180515891e-03
2.982086770400131995e-02 -4.121316228245359981e-03
-3.650538731482486782e-02 -2.301070064998143871e-02
2.674583644396150151e-02 -7.862159677936002983e-03
2.969150864170403900e-02 -1.297414666511474040e-03
-6.799200550018934079e-03 2.628394004762162756e-02
-8.762236877953416200e-03 1.906021378877655048e-02
-1.413957300024448228e-02 -1.800232565081425276e-02
1.426468309592943996e-02 -1.606243537597759272e-02
2.162192514633557230e-02 1.094324596152123838e-02
-4.973129448591202817e-02 -1.516513404224342949e-02
-4.669144196920101825e-02 -3.605973761082477413e-02
-4.308546360674224765e-03 3.153595171196751923e-02
1.685249486156378818e-02 -7.588054014991358308e-03
-5.168746011994584943e-02 -1.859388261652279023e-02
2.646002658957800208e-02 -3.594452315529653337e-03
-8.196010305725847517e-03 3.601726285955923063e-02
-1.871552299242944251e-02 5.093919620888354323e-03
-1.213995603044950092e-02 -6.021377491327399405e-03
-1.235038725124139661e-02 2.832346147796291694e-02
-1.709947318391536256e-02 4.508852454070868404e-03
2.540920692651622848e-02 -1.494436468946502145e-02
5.046149712832042299e-03 2.855192770575897682e-02
3.061459127200400615e-02 -6.299678333167681339e-03
1.420777885197426231e-03 3.811865935520793430e-03
-4.750260440453043902e-03 1.801112330882477519e-02
-5.875200825211577584e-03 3.713805048511691076e-02
1.883331585743218406e-02 2.694738948221921896e-03
-2.160332732747057352e-02 -7.306376189636163386e-03
1.099707272116464025e-02 -1.936304956420112008e-02
3.501224218519887604e-02 -5.277683483885785634e-03
-7.851291128777791086e-06 3.007862374531594662e-02
8.200606606097839493e-03 -3.895243145932365206e-03
3.126117192551972068e-02 1.390904828461637065e-02
1.481023464905437429e-03 -2.473385186827422796e-02
2.854319873948506919e-02 3.197268344975987085e-03
3.703786337362034026e-02 7.014631112088907938e-03
1.806786282679888290e-03 5.037498640159286320e-03
-2.980209459729983579e-02 1.320218194017378291e-02
2.919386960938295805e-02 -6.075440732511516381e-03
-2.386607728614749055e-02 -1.021117661754330878e-02
2.863151588879466955e-02 -1.184833619475641336e-02
8.599144210252115603e-03 -2.487433509078868302e-02
2.825059073280059355e-02 -1.942823245662700718e-02
2.917613512651823920e-02 -5.182248273312840652e-03
-9.748567137492282833e-03 3.402815895314294931e-02
-2.496340860066487491e-02 1.277613594631478618e-02
-2.818406967938636657e-03 1.602490838482426017e-02
-1.903451917649193539e-02 -1.578216550169848388e-03
-3.681274947387801894e-03 3.217684649776787059e-02
3.359721084379692357e-02 1.124637760419024829e-02
5.466360945190440641e-03 1.920189910136993472e-02
2.908339051192800756e-02 1.971465259436727332e-02
-6.401602899029049110e-02 -1.385455900108787178e-02
-5.415871028166810083e-03 2.754007003121252545e-02
1.990900411288556993e-02 -1.432175577087867538e-02
4.075610321214751669e-02 -5.413509434531898687e-03
-4.702975184065807251e-02 -2.695293605175910073e-02
1.672427678735116316e-02 -8.496021501654786590e-03
-1.140637818763050315e-02 1.059597544956579311e-02
8.671924541077426912e-03 -8.418675422018753740e-03
3.070183555484287327e-02 1.278120484543702681e-03
8.991992087349266359e-04 2.883867725351071769e-03
3.541817944982941779e-03 -8.025175002532873927e-03
-2.196372120818261900e-02 -2.411441215415790346e-02
-1.222454377483977485e-02 5.263867942183411350e-03
3.146032220477929658e-02 8.391161605690065223e-03
1.075648027530644660e-03 -2.414166678232247676e-02
3.153674742337370107e-02 -1.480270377722501217e-02
-8.375666902969473859e-03 1.801555552997249595e-03
-2.583544666998747671e-02 -1.142079424489867573e-02
-4.897241630603013478e-04 -1.200616025759779389e-02
2.594703728991287067e-02 -6.328419985026466701e-03
-2.164239638079418215e-02 4.273923670213212837e-03
-6.386474438942745489e-03 4.457054049677981489e-05
1.932896302076338906e-03 -1.091881677636805104e-02
1.461324978988519721e-02 -1.096355377215259101e-02
-7.155342086435850964e-03 -1.350921403881451439e-03
-2.781571170507390195e-02 -2.218094592377834601e-02
-4.512461270296533322e-02 -1.692300433546719760e-02
-4.146847832900643627e-02 -2.218197880942478911e-02
-2.172539115078961358e-02 2.981844902268513797e-03
2.556776353571366123e-02 -8.352152119421031931e-03
3.168699401186101522e-02 -1.328747919334745398e-02
-8.790686926808049390e-03 1.963826066274725751e-02
-1.688558211940752868e-02 -1.289432072553029053e-06
-1.542185505183697042e-02 8.814781354577593681e-03
3.040339711377233745e-02 -8.915240952162419930e-04
-1.485490488708197726e-03 1.312824978137651540e-02
-4.479144566335305916e-03 1.237120831936724431e-02
-4.116786962328821547e-03 2.139617283750765153e-02
1.120175194572963287e-02 -1.773015141848435089e-03
5.101637156694463840e-03 2.631195404424369749e-02
-6.473912684844810271e-03 1.939561836858798988e-02
-2.580998910037724664e-02 -1.068273401531217789e-02
-1.516609819810697465e-02 -1.385672891259453511e-03
-2.856164169051687157e-03 -7.605083975841847761e-03
-1.776122602805427567e-02 -7.554324698541539998e-03
-2.377215090910432885e-02 1.234170965816229482e-02
8.100080202947971750e-03 -2.840075549867668997e-02
3.898703461799766373e-02 -9.040512845033465083e-05
-2.808262753577682111e-02 -3.365806377393863041e-02
-1.849369887208039036e-03 2.433904406542316753e-02
3.034678941940098171e-02 1.402861815911034466e-04
-5.287130413229189363e-02 -3.481986124052499632e-02
2.666134456713956796e-02 3.499194875382737394e-03
3.067567671666691226e-02 1.754728408108944052e-02
-7.106375915131995201e-03 -4.637897282102274900e-03
-1.097922811787654419e-02 5.926422254094076058e-04
1.936045935114561606e-02 -1.327584190288821388e-02
-8.231579028561846617e-03 -1.910724266695045101e-03
-1.025756445746933525e-02 3.975519559900223682e-02
3.756620604916935391e-02 -5.258113382544605391e-03
2.894082392349733857e-02 -5.815871513642565348e-03
2.157431305554908391e-02 -2.394884100795324766e-02
6.453415878741404401e-04 -1.085783408165834872e-02
3.267575452246243572e-02 -6.095302694450089806e-03
-2.018854114273662889e-02 1.043449535943784950e-02
2.732699643748492252e-02 -1.504309991894220737e-03
2.238785520928359557e-02 -5.836773840022851587e-03
-8.859835521820704635e-03 2.145843823519194560e-02
1.111138182417009158e-02 -2.805408033919357114e-02
-2.520160312783727152e-02 3.287223994177663339e-02
2.850465453845257846e-02 -2.526356719546686991e-03
2.801377651463948792e-02 2.586968426541960426e-03
1.286578222520672228e-02 -1.648863082329160568e-02
3.341298885937927371e-02 2.723873807525752674e-04
-4.935019491809456565e-02 -1.483159422967070089e-02
-3.948736495080922698e-02 -1.420824422704130945e-02
-3.263402546666258758e-02 -6.434049780074562949e-03
2.791486227804283737e-02 6.976541717805176575e-03
-1.526220554726274254e-03 2.592679854053603003e-02
-1.999914843930355665e-02 5.389002873221824218e-03
1.797238240731549239e-02 -1.261252084727316689e-02
-2.742116315379787995e-03 2.691460883389586861e-02
1.048612535169079520e-02 -2.846393438957916383e-02
2.148932937783162161e-02 -1.453486747060791021e-02
-1.226257369621656067e-02 2.692995050747889682e-02
-2.091847616025874212e-02 -1.209965532750785456e-03
-2.823324984912807187e-02 5.027841952043237556e-03
-2.698731568215673952e-03 1.711862518993234605e-02
1.128974613748034116e-02 -2.102097273426570614e-02
-1.818320032638880493e-02 1.049434798947930340e-02
9.311104396557884355e-03 4.584641637489596244e-03
-2.770455190264327697e-02 9.960374544992480969e-04
-6.617811856739847821e-03 2.068151007508087225e-02
1.519359023533423635e-02 -1.661546937034806201e-02
-1.735252660271730321e-02 5.430342614454275116e-03
1.787802068964258403e-02 1.097597251156914692e-02
2.554965787910557645e-02 5.510047435340521133e-03
-1.318214398680197727e-02 1.918237982396045482e-02
-2.267039899558637855e-02 -2.424759277016099238e-02
2.234559148828944852e-02 -9.504382634627973891e-03
2.625204072512570333e-02 2.287942297884514638e-03
1.218428702503303318e-02 -6.207982204791730359e-03
7.437200359233647751e-04 2.583186047676947362e-03
3.326997951494504308e-02 -1.825455299469040324e-02
-9.439439952680178658e-03 6.077739299243670179e-03
-2.190634885406169199e-02 3.472749143290410762e-02
-3.484486557776710070e-02 1.872897444483074582e-03
-2.048230326819049790e-02 -7.316210377232190004e-03
-1.491170221859401679e-02 -4.177274928417218890e-03
-2.950499740795570550e-02 1.779819108356154320e-03
2.383927451105587875e-02 -4.482598423878857326e-03
-8.851064567023612592e-03 5.345832511084816843e-03
3.198926032021610216e-02 -2.661550387980969254e-02
-1.266674893618053091e-02 1.029372313374384007e-02
2.697815008531632974e-02 -5.723809141299491914e-03
1.621033806259110019e-02 -7.606326026273371559e-03
-2.726827564298428888e-02 -7.222050583134911710e-03
-3.028423007287390709e-02 -6.293100448388334531e-03
-2.842423549115908818e-02 2.758935748883554681e-02
2.402760156563400057e-02 7.217695705934461595e-03
-6.508502457874685426e-03 3.417264614205281492e-02
-1.290981884263396780e-02 -1.299714367758534467e-02
5.879562548932140698e-03 5.723448223865662023e-03
-5.895257867966617951e-03 2.106615387557160199e-02
-2.824063355525914878e-02 -7.548966108388647719e-03
-1.544189747898605351e-02 8.680534280276906017e-03
-1.743013283354622953e-02 8.487565841696641938e-03
-1.966354089652464637e-02 9.459644664322655605e-03
-1.119263951253328913e-02 -7.698297799911334865e-03
-9.717333780604795954e-03 1.094382993068704520e-02
-1.292613976202408241e-02 5.657270283994391205e-03
8.374014774085898616e-03 1.836889239963834797e-02
-1.644736440930748625e-02 1.455622036588422735e-02
3.874377826822816145e-02 2.219389251018017567e-03
-2.152791722239246267e-02 9.485831971096822871e-03
1.606555570841806252e-02 -7.729887553734835284e-03
-5.272959570399930046e-02 -2.066155963422520656e-02
-2.522452024120555233e-02 1.084374362505482851e-02
-1.207643816834879334e-02 4.835565066485055311e-03
-1.728660489561778535e-02 -1.163939200884705344e-02
3.731380745747097522e-02 2.816861011786005696e-03
-2.249228638262738139e-02 -2.896835640892180333e-02
-5.840691324371480482e-03 -1.496638852382319897e-03
-1.960893358654943949e-02 -4.501186024819745120e-03
1.654050691338427703e-03 2.937039010580172124e-02
2.460229369935270846e-02 -1.013075489300544092e-03
-1.529705226868380546e-03 3.378587263695458781e-02
-1.352816456193421842e-02 9.752690622142111757e-03
-1.156309459722815181e-02 3.049363642095760663e-02
-2.825608160879984621e-02 -1.341934930201366637e-02
-2.173128649998591275e-03 -9.916944834411200310e-03
5.393888828760551833e-03 -1.058014123863527077e-02
-1.675606635324907584e-02 -4.422882119821762263e-03
-2.117717588004093196e-02 1.214738241352987524e-02
6.079031636763440084e-03 -2.575230577105024760e-02
2.274155185015708930e-02 -4.499525039000627259e-03
5.925442119500905864e-04 -2.552447194575129669e-02
-4.088544091171196840e-03 6.246882034109879460e-03
2.573373597537428892e-02 -6.894452390197023696e-03
2.748550405895627130e-02 -1.227657536753631699e-02
-1.634667295318113084e-02 3.090883427611684081e-02
-4.324533840797800677e-02 -1.159656769735575854e-02
-1.828543413094280493e-02 8.123356903050927419e-03
3.285619360561123359e-02 -9.627369985156725499e-03
2.533500071776231474e-02 7.859236408472681590e-04
8.180291908056171180e-03 -4.040843668062774063e-02
3.324615015367383963e-02 -1.096245774062887604e-02
-9.761998139274500816e-03 5.572473354492875688e-03
-1.427469567382676219e-02 -5.206673690029789588e-03
8.967957819679314366e-03 -4.000556106960842691e-03
2.925229938520384348e-02 -1.394592732738292491e-02
-5.337193877162197536e-03 -2.630272476563846884e-03
7.977607452410984384e-04 1.182852717459323064e-02
6.775472627211183213e-04 3.259325725438343840e-02
1.101906218618712435e-02 2.801843190955057711e-02
-1.911267090669093935e-02 -3.903212991816539142e-03
4.119143176354924524e-02 7.536260155465319792e-03
-3.199827498595448922e-03 3.565833065506521671e-03
-1.967268325902161649e-02 2.057152773577817367e-02
8.182490914828868638e-04 8.944690566091203360e-03
-5.907557456143288852e-03 2.864177344280490617e-02
3.386127633449034086e-02 3.845491666635075735e-04
-2.714067814700775114e-02 -4.983181206858691356e-03
-1.223788952281098033e-02 1.159715599968311542e-02
-5.743283576960047515e-03 2.575862169190902551e-02
2.838018544364805801e-02 -8.588406309248088760e-03
-3.746595597374342140e-02 -3.130310946100262753e-02
1.560592526333280140e-02 -1.101528017484555526e-02
2.538569050641740349e-02 -4.016127766971148028e-04
-3.309318836484760606e-02 -2.475153444781864887e-02
9.840671207543942589e-03 -1.772358747201892987e-02
6.689976998805365060e-03 -1.135530997159895326e-02
8.654599967742275871e-03 -1.928416442507203607e-02
-3.095407810735261236e-02 2.230053711037330993e-02
1.885216954665128522e-02 -1.675359165474152659e-02
-4.718140476353844398e-03 -1.437433855179677186e-02
-4.728425801714574578e-02 -2.323892315092312630e-02
2.114890988609216885e-02 -1.790484396896584868e-02
2.817009928371942348e-02 -9.599599679966031723e-03
5.262448876113362713e-03 1.369576474203361774e-02
1.961142120137805700e-02 2.197925145409043626e-03
-3.271474823628071904e-02 -3.034775933667111653e-02
-8.939115878014098140e-03 3.046331334709435901e-02
4.307220815274227961e-03 -1.166655070301045836e-02
1.639564938869269477e-03 1.070343339749177950e-04
-2.350162683987311665e-02 1.379585625156217951e-02
-1.375824130508226939e-02 3.036424110141780486e-02
-1.429020070480763356e-02 -7.106140162548684087e-03
2.344998164176072958e-02 -1.737660329088812003e-02
-7.535867627098545747e-03 1.899012372328686901e-02
-1.226970070562509799e-02 -4.162652822155011798e-03
-1.151676260542497041e-02 1.324464875594875794e-02
1.070458111454843878e-03 3.231192796252801286e-02
2.080216437507515989e-02 -1.574895399246288921e-02
2.726000028792411461e-02 -5.210304646545699594e-03
1.791462550372513798e-02 1.291137025091401713e-02
-1.864410237114369484e-02 4.168853514167227166e-03
1.275359271171285945e-03 2.871617331034223911e-02
2.903119542836983188e-02 -1.649576636737558333e-03
-8.819151063261775059e-03 2.604405670802219588e-02
3.053462875738213039e-02 -8.619706733294728307e-03
2.828829501282362907e-02 -1.982354169385388415e-02
2.997191100041448827e-02 -2.584543303501821848e-02
-3.087100696694212304e-02 -1.280418584457502021e-02
1.821730114854102148e-02 -7.443068626513215172e-03
-2.137154407445698845e-02 1.133929275956078314e-02
1.898825659789363587e-02 -1.014879832049773306e-02
-5.428397511663218822e-02 -2.221089858619521712e-02
1.350119120993872705e-02 3.169663764603376788e-02
3.025875378925091050e-02 3.277984162605323583e-03
2.866236431617553287e-02 -8.504235923406553224e-03
-9.843649940921184172e-03 1.023391158988122161e-03
2.096272882778438956e-02 -1.703698563717815154e-02
3.958195414416644520e-02 -9.504438568303550739e-04
-2.102741659388906309e-02 -3.029712830966599293e-03
-2.584409405488414385e-02 -2.988221728657224768e-02
-9.746435961023121666e-03 2.970102854966544248e-03
-6.713798596512800081e-03 -3.805890520942602998e-03
2.588798236718260065e-02 -1.122496459839115480e-02
-3.159964536368019966e-02 -3.026512551616554816e-02
-1.863682345765790144e-02 -6.043821315093363296e-03
3.682341559628644900e-02 -5.483596067891681296e-03
6.763574778142478032e-03 -2.991234896526921705e-02
2.335561516625705991e-02 -5.561657302848753252e-03
-1.550445091616395495e-02 1.192846381616927999e-02
1.046905028149102204e-02 3.174499125782891812e-02
-1.718642058654250987e-02 1.193480772570242043e-02
-3.690138720572397682e-03 1.536343963677154478e-02
-2.187631784352345177e-02 5.259852918128344809e-03
-1.243381104756393447e-03 5.443536932246781194e-03
-5.351776783392978021e-02 -1.823585970871879902e-02
-1.886008780552343028e-02 3.552885223707968367e-03
-8.793864653921047714e-03 1.487370440551590359e-02
-3.405664563805588935e-02 -2.953514472642205374e-02
3.576813498385765511e-02 2.188254862144098888e-03
-1.087060537488699838e-02 3.855165880937523257e-03
-2.626193940564569562e-03 5.230076048933019264e-03
8.335790548688871288e-03 2.760958701881558938e-02
-9.091058146242857185e-03 9.271943231997505780e-03
2.788048186133230619e-02 -1.573888971170419107e-02
-8.010717182527571714e-03 3.136018303397865390e-03
2.572475198671775320e-02 -4.332193709546784850e-03
8.061554690069749896e-03 -1.541073175191432117e-02
2.448600688540654435e-02 -8.128073379534112020e-03
-3.234709339539050543e-02 5.306470875904050442e-03
-7.209610837367682983e-03 9.493326951923366369e-03
2.144408840534347410e-02 -5.868896731224739361e-04
3.160729819450591727e-02 -7.248494168609678594e-03
1.747701175192057504e-02 -6.360213306785318481e-03
-1.118896689846220205e-02 1.107719195439741192e-02
-9.168430076297919354e-03 1.741737445608138729e-02
-1.601229121698033442e-02 -2.689781591969903247e-03
-1.993708345336013543e-02 9.280484482293866605e-03
4.604430277198602248e-03 1.494868968146098771e-02
-1.195653981219484650e-02 7.499996747734890374e-04
-2.446175261746657767e-02 9.827471489143457459e-03
2.879621086932730376e-02 -3.133980064893665540e-02
-1.227592012738766038e-02 6.918357217332959767e-03
-5.108797624451696939e-02 -2.321004022215620438e-02
-2.120341223037059547e-02 -1.086964940362590212e-02
-7.936716383749884210e-03 1.009110234554015488e-02
-3.181733659422537192e-02 -3.386193020830221417e-02
1.489101047981957783e-02 -5.075486501525319251e-03
-1.141081020036166472e-03 2.265417397303566907e-02
-2.139486806842354205e-02 2.716917310243890243e-02
1.009367906998527575e-02 -1.163804017987693160e-02
-1.673864723267296656e-02 1.318248518016369199e-02
-1.599058796139357988e-02 4.480490076600641795e-03
-2.185990977857302578e-02 -9.876250573505215152e-03
1.609209185792720084e-02 -1.286416555322347083e-02
3.191188048364395485e-02 -4.145985410688757776e-03
2.608336130374579523e-02 -2.191513997930327751e-02
-1.710543522670471620e-02 -7.437339750513210015e-03
3.116921981481975829e-02 -1.179259464333430943e-02
-3.284809733557473438e-02 -1.222490408976523515e-02
-5.604755443459796989e-03 2.354341577218093534e-02
5.888089041404983605e-03 2.794704304588105370e-02
3.906940083717422990e-02 2.399086502630133513e-04
2.324890810988112372e-02 -1.216724768244089802e-02
4.632611092191133220e-03 2.001310383189419673e-02
-1.999548296848842333e-02 -2.384924366941619089e-03
5.894516650034928697e-05 -5.492867618602820245e-03
-9.740373471235455258e-03 2.817792596985575077e-02
-1.669013028518461297e-02 -2.884366875303513884e-03
3.195597869498841698e-02 -1.603398266422418825e-02
-3.031942239932774660e-02 -1.107815465229552467e-02
6.075331546952494367e-03 -4.158429101898264944e-03
3.400076754249589661e-02 -7.345302185306997779e-03
-7.669197251955600474e-03 1.097178447549527168e-02
-2.641436092751966655e-02 -9.049158867102382806e-03
-2.409192113192931695e-02 1.030931263357545528e-02
2.293160201377904966e-02 -2.428114297339633697e-03
1.013443191783740087e-02 2.212417839310085524e-02
-2.039562456775827551e-02 -7.950880341305491261e-03
2.432972118448043647e-02 -1.309044937995991129e-02
1.911452817410959001e-02 -9.608815807630760597e-03
-2.599352422497537562e-02 5.504647513925442883e-04
-3.108311761363759251e-02 3.085736113691106217e-02
-2.307841749066633433e-02 -2.725900381506395076e-02
-6.524857226618382055e-04 8.872405759099302389e-03
6.866017299293084540e-03 -2.978246106283860203e-02
-3.151531293633050117e-03 9.268110763894298054e-03
3.176252275087798616e-02 -8.048651270830502538e-03
-1.695692775197635196e-04 2.807882401666397451e-02
-2.783071672947064548e-02 -3.332717900108719128e-02
1.707284208952946497e-02 -1.689145120794606839e-02
1.511683769656265754e-02 -2.782564366329009012e-02
-1.031621322200860537e-02 -3.158424952095394839e-02
-2.751515899616690380e-02 1.781679471570183498e-02
-1.877656452798878370e-02 1.298364797491659631e-02
-6.478143166679702081e-02 -1.858178340322113459e-02
-3.127287888973438734e-02 1.120394100918770640e-02
-2.028578367326025131e-02 6.490596645647215114e-04
-3.985522166844243305e-03 5.708549960613407658e-03
1.285045058912488714e-02 -1.899103102838009538e-02
3.889672270238950236e-02 -1.128116439304694199e-02
9.548292858411439044e-03 -2.586024847557252468e-02
2.230252523162066722e-02 -8.505012804504129276e-03
-2.060175099966360043e-02 -7.381474910591536050e-03
3.543737356620485501e-02 3.624440491563098426e-03
2.486196780744814178e-02 -1.435363360824896094e-02
-2.545128058009215460e-02 2.213014041275674845e-02
1.577687641729900309e-02 1.575324360494499698e-02
4.189507365769565977e-02 -1.230677825551895060e-02
2.017551717613095749e-02 9.237760956158986431e-03
4.060653549839978588e-02 -1.002847191384538712e-02
-2.167207320054104908e-02 -2.126475777681773385e-02
3.266978628514774496e-02 8.004614440062831834e-03
9.354171233485827561e-03 -3.248764158916564448e-02
-4.371147706959552237e-03 -2.728827485875446116e-02
3.838872422798888899e-03 1.735495457224467755e-02
-2.170016816778655780e-02 -6.003721092854301562e-03
2.891918116582264248e-02 -1.894024300351922381e-03
-2.410016133591418031e-02 -1.316917154816910594e-02
-3.362750471860868895e-02 -1.667640966227549107e-02
1.795506602684292111e-03 1.679398309886017890e-02
9.736613653535116514e-03 -4.995099000923678041e-03
4.430795660970472677e-05 3.455761834090843171e-02
-2.234319943329897071e-02 -2.954851757874896179e-03
2.671109260934850446e-02 -2.417305376174419193e-02
-1.278698909531057575e-02 -2.300619597627595256e-02
3.395490956052502757e-02 2.647069728579425681e-03
3.398400808574186804e-02 -9.849106800214845608e-03
2.677184162852926444e-02 -1.187269092204763961e-02
3.148920064496379956e-02 -1.311402627916916780e-02
-4.298943293787103881e-02 -1.898706822332655100e-02
-2.167566063811405749e-02 -8.939568776943343162e-03
2.789374912030111175e-02 1.535455859030577901e-02
-8.405785037090867523e-03 2.952167364499285601e-02
-4.807992745120336607e-03 -1.474241240497363957e-02
2.220697624448271512e-02 2.936878403937253626e-05
3.112170266960400875e-02 -5.683356692818332737e-03
-1.397427355340850018e-02 5.753038462821546094e-03
2.821896123024262779e-02 1.522615855448917338e-02
-2.403826811212256970e-02 7.034288570146409771e-03
-2.152957602714578381e-02 6.683701358905468071e-03
3.336873111969697325e-02 4.272447711497543137e-04
-1.223721743102596134e-02 2.864505252032922031e-04
-1.370027202859584042e-02 3.492551824843462185e-03
-1.978443203386463442e-02 7.217886368929614903e-03
2.710082446631126990e-02 1.362831906508226408e-02
-2.219073541718748557e-02 -9.849334604438037336e-03
3.053979274659368234e-02 -5.486301308932644942e-03
2.721309303444788621e-02 -1.651403304476795758e-02
2.101785567384692466e-02 5.404234546449920851e-03
-1.852649083576107239e-03 3.587843665509015539e-02
-3.023774404354596587e-02 6.726474205696091752e-03
2.643870998358006583e-02 3.433538711507551746e-04
-4.288845772446753246e-02 -2.737433312200866081e-02
-2.063133285802779687e-02 8.008768075095665240e-03
1.870380442176722627e-02 -3.671791124805034567e-03
-8.159218672553873036e-03 -1.079487826085966107e-02
8.060575653687635650e-03 3.527570656952544459e-02
1.010346284221280916e-03 -6.102535704694477328e-03
1.089348539423060872e-03 -3.155380304602998370e-02
-2.067016554948862897e-02 -1.895001527992987546e-03
7.558842599807172324e-03 1.168078543645712647e-02
-4.266204802015784170e-02 -2.137346458198260621e-02
-2.081389087322832107e-02 1.203268120304337371e-02
3.151183389466759299e-02 -4.546153630648282554e-03
-2.194178630314126341e-02 9.559983567488758872e-04
-3.383589469006683097e-03 -5.412725144794824309e-04
2.782489838532510237e-02 6.868014930498697167e-04
-1.980140787497046764e-03 2.822713597081588296e-03
-6.785933811560406620e-03 2.561766228047404267e-02
-2.321862205718859540e-02 -2.657661289199786045e-02
-2.024600063019015711e-02 7.039615540175206583e-03
1.011885748914500248e-02 -7.235244875132998237e-03
-1.502819337099528009e-02 7.703379910368836412e-05
2.335364614159254198e-02 8.304145270352496222e-03
2.457334449144202640e-02 -1.061950714337767804e-02
2.855644209170468337e-02 2.085514189561926343e-02
2.259189883922081352e-02 3.393483206674126687e-03
3.361766960907670854e-02 2.281073458975653705e-03
-2.191662723748764863e-02 -2.115009248711857855e-04
7.661457429292295278e-03 -3.448371159835681571e-02
-2.518684290037348852e-02 1.949371689527370360e-02
2.171974209140463061e-02 -1.064369315393659228e-03
2.568432220776812117e-02 -2.937369701025148092e-03
3.018859827084968347e-02 -1.996774494658738047e-02
-1.679619091770464048e-02 -4.867890425324115163e-04
-3.220025819723432853e-02 -4.154858508539842343e-02
-5.005487462881046297e-03 -2.199483623905654911e-02
-1.477057811423172773e-02 -1.242572029102885327e-02
2.705451736051324441e-02 2.439216755112651788e-03
3.157841528636935041e-02 4.584836860790780788e-03
3.359202925938186562e-02 1.373076976430695137e-02
3.303794746188013637e-02 -4.740806032678335051e-03
1.631858354079231826e-02 -2.898243464859464116e-02
2.558517274663333133e-02 -1.177105621468557684e-02
5.673940019472698340e-03 -7.259924331672832493e-03
3.270093208329569873e-02 -1.166855779428097734e-02
3.226443255134067711e-02 2.161871759112584529e-02
3.373181018395644132e-02 -1.246181474562301850e-03
1.996668847555559470e-02 -1.302880250753510501e-02
1.373274940617404474e-02 -3.396667838829785929e-02
-3.228052757755653715e-04 -8.878126118155627716e-03
2.813114587253309762e-02 -1.302967179061403739e-02
1.809968685714595169e-02 -1.567239433733976645e-02
-5.997576176178128632e-03 -2.698439537007566932e-02
-1.863988689698913362e-02 5.334734427989881213e-03
9.031431122223876340e-03 1.576173477713912639e-03
-6.198085219001208540e-03 -3.134834354899958785e-03
3.199332433599794828e-02 -6.602456425409027919e-03
-1.189498519936185369e-02 2.317410976273958506e-02
-4.762988529325335417e-03 -5.759549534610576386e-03
-4.479181821703830113e-02 -2.239756244090497506e-02
-4.711082935197852262e-02 -2.463269998963339008e-02
-2.272786763586890843e-02 1.338165422336323913e-02
5.918933510040644622e-03 -6.868359817341507072e-03
1.758432129025729648e-03 -9.863673029949249563e-03
-3.001958579301947224e-04 1.816756197426929245e-02
2.456025475282995821e-02 5.443691725306197549e-03
-2.441420103426920202e-02 1.301418566241153291e-02
-1.968818616553073830e-02 4.046645712033778049e-03
-5.443276849150306641e-04 1.956280701481248954e-02
4.534754356510460258e-03 -2.673233893534099348e-02
-2.084895975539547558e-02 3.096651184507115059e-03
-1.903957885525532634e-02 6.904828440316539313e-03
-1.574531746253499467e-02 -5.508637956107921389e-03
2.106374955823413567e-02 -6.041263356367486143e-04
3.130550789839050413e-02 -1.381964115882869989e-03
2.502665343637774584e-02 -4.425186743064300418e-03
-3.465083798226900689e-03 2.440517868516289476e-02
-2.585910690258211297e-02 2.045285578433701529e-03
-6.558129062008356130e-03 7.514763401193929465e-03
-1.229455529914183672e-02 1.316831952951525407e-02
-2.106879623517982081e-02 2.191108650795924387e-02
-1.315060529973414820e-02 7.196141143454116290e-03
-4.633560057626259776e-02 -2.157984663255747490e-02
-1.992596295330842154e-04 2.589789810945876750e-02
2.799710320976566899e-02 5.348604468624362264e-03
-4.994045459843796803e-02 -2.981238080309205410e-02
2.766317205165232801e-02 -2.927790430265057170e-02
-1.687452905343057863e-02 8.593306606403500539e-03
-2.104940403864685727e-02 1.640197923013528986e-02
-1.672615010915106878e-02 -1.064247139837270865e-02
2.609500718992174145e-02 -5.376773261227194012e-03
-1.724691012070684454e-02 1.173700796810475330e-02
-1.124493700239437288e-02 2.324420534710910750e-03
3.143760675407088895e-02 -8.710883750688427213e-03
-2.711488472146644443e-02 -2.047171115561914265e-02
-7.945115902297744323e-03 8.999509001501504370e-04
-1.336926992407016374e-02 9.660404064668645478e-04
3.608429675411052584e-02 -1.223409495593485476e-02
6.863128693991667108e-04 3.067611761569902923e-02
-1.766582287282296090e-02 -9.805648477352464989e-03
3.026607521790150579e-02 -6.316974304933491158e-03
-8.514086568343268852e-03 1.083949467593406032e-02
3.407264690758014108e-02 -1.246129319999599375e-02
-1.528602190014753713e-03 1.230821389892979879e-02
-1.533832404877175266e-02 3.101687981587061826e-02
-8.485916537412350330e-03 3.614312250442125451e-02
2.972399489204714459e-02 2.174837086934901936e-02
-1.373641231848334726e-02 3.757855256074868477e-02
-1.176106057270335375e-02 6.156706791856540045e-03
-1.115811142220976939e-03 2.783278725081665683e-02
3.143642219381650310e-02 6.706072124753047724e-03
-2.264460567504550381e-02 2.975243943453444867e-02
-2.138991333685699714e-02 -5.518985239831654226e-03
-1.721193735187765556e-02 -2.820492321929898502e-03
-4.757872684167027688e-02 -2.912778631196485252e-02
-4.148990135944825679e-03 -1.443634876207581814e-03
3.025697823846416196e-02 9.022666247229070915e-03
2.017091370859038987e-02 -1.234732253277351669e-03
-8.009911844802429168e-03 -4.184188430709983447e-03
-5.454295246003076914e-03 7.546348356186559012e-03
3.428014110607491543e-03 1.967573102609621732e-02
-4.519529143018227030e-02 -2.628812787032293319e-02
-1.346083164086644968e-02 3.204257655276281092e-02
-3.124172510634436357e-03 1.076272008466026137e-02
1.091122935981277305e-02 3.267265879370754439e-02
-1.224405840079921190e-02 -4.475392573001644309e-03
2.862813345113859181e-02 -3.064977297246128038e-02
-5.086682389399966621e-03 4.567053238269870585e-03
-7.558301638976466265e-03 8.922138140019016811e-03
-8.535858431548623559e-03 3.911097676613834069e-03
-2.810256674689461109e-03 1.955065273166278761e-02
3.287303570686174459e-02 -1.868387707377204207e-02
3.050945246248162532e-02 -2.015004287389579943e-03
-1.107977171658711395e-04 3.461663765226470624e-02
3.184206573904179577e-02 -6.463403721507277044e-03
2.479873924744886021e-02 4.526936916371800991e-03
-1.612137145559018950e-02 2.776792147951752734e-02
2.992229386983763159e-02 -7.223509804656340176e-03
4.002392430818139946e-02 -4.737481200955511763e-03
-3.070459783550739258e-02 -3.394011819546111780e-02
-1.347020059452677145e-03 5.855109724822977514e-03
-4.957877580056284546e-04 3.785671731370018889e-02
1.697835421622335278e-02 -1.021604869215490125e-02
3.816446637782126144e-02 -4.030257009507019934e-03
-6.512483186973189869e-03 3.044221779766600328e-02
-1.372694383651557829e-03 -1.646215900174032368e-02
-2.127345587948342460e-03 1.764280742804552257e-02
2.987759610712235111e-03 1.466774735861169077e-02
-2.512558489302672490e-02 7.085274593607526761e-03
6.408631927038364179e-03 -1.048019788616386463e-02
-2.108548085304730660e-02 1.644435096680322769e-02
-1.222336221858845093e-02 8.703459656767779246e-03
2.582718079368872058e-02 -1.807123605098330532e-02
2.547451653953676162e-02 -2.578746501941686382e-04
2.779981543930875806e-02 5.460302799491454154e-03
1.761439200332498914e-02 -1.347383064493607938e-02
2.578733325234569898e-03 2.939644500118389694e-02
-1.827394454016773376e-02 -1.233090668574395726e-02
-1.616314473480258418e-02 1.791752218736128791e-02
-2.581835930858209990e-02 9.028118034321058055e-03
-2.385173440281445484e-02 2.672322492127876623e-03
-6.659317685209380222e-03 8.474224700119024206e-03
3.348051592849010660e-02 -2.421714893072698591e-02
1.913576747910788675e-02 1.045089184343534101e-02
2.562750061352309441e-02 -2.249804983815479123e-02
3.467314861675137305e-02 2.449125696896815342e-03
1.574685964860614296e-02 -1.250096863476676291e-02
1.899716424734884321e-02 -1.421187678461767294e-02
3.171592360032971653e-02 -2.057472043409327295e-02
1.330418067834567182e-02 -1.630904207810503909e-02
3.716343813530966628e-02 -6.819251372942939900e-04
3.238557524285253647e-02 -3.923780831215196475e-03
4.100294293193482847e-02 1.327952468067163452e-02
-4.648159311378794595e-02 -1.888313810565115866e-02
2.392270343600260210e-02 -1.456076105209415774e-03
-9.299956372498833709e-03 7.744100398238188375e-03
2.076767205317424370e-02 -1.036076576794045176e-02
-1.284405434632745341e-02 2.184925474008126214e-02
-2.173881383359904662e-02 1.320501632195606595e-02
-6.806488423398183128e-03 3.159996439786964210e-03
-2.869565662995928260e-02 4.441325060387702091e-03
-4.728405899091502745e-02 -1.374375341307063070e-02
-3.472335551460599412e-02 -2.994599957227694897e-02
-1.630615269629482472e-02 1.303036693432692468e-02
-4.500651243567808761e-03 3.603525256416869466e-02
3.144877270928077978e-02 -5.485743897060430668e-04
-1.345956438932163594e-02 -9.429766823221443287e-03
-2.053005179604280861e-02 -4.862771931758086592e-03
-6.472008485749487956e-03 1.144118410858692252e-02
-4.565455793987497658e-03 3.013632924663415744e-03
-3.119450435121754947e-02 1.431373980518353337e-02
-1.618624376567401324e-03 1.036501454424577050e-02
8.640200757647758124e-04 -1.757077167972671480e-02
-4.031414457860905270e-02 -1.686823144651612358e-02
7.438604135267073286e-03 -3.774168169342229963e-03
6.982304986308319247e-04 2.282770242323838364e-02
1.464245828157948945e-02 -4.652214848888376261e-03
-1.248113956445742224e-02 -1.170817674287819585e-03
-1.011392750109115076e-03 1.037284082918294922e-02
-9.881279241084131582e-03 2.242770609615382660e-02
-3.575592083306161281e-03 -1.797288891316415477e-02
-1.789212092557209907e-02 1.076895278692975924e-02
-2.161641309411706929e-02 -1.178077710280567118e-02
-2.057155957817777530e-03 1.641100482145183351e-02
2.048131841074772239e-02 -1.431678147904549836e-02
-2.052925551439845411e-02 1.835390492479957794e-02
2.159072945060590970e-02 -2.732285780609581410e-02
-1.726938565594562935e-02 -7.580172605182519154e-03
-1.132333142844075234e-02 1.780796010258649947e-02
-9.507856323710914270e-03 3.876603681195585349e-03
2.679431127272055568e-02 -4.758658087982663501e-03
-1.628526902357452927e-02 -6.575563964074138644e-03
-8.925652629493329923e-03 8.246542524762982135e-03
-2.064869506115701511e-02 6.591440974549733073e-03
2.390344133908348795e-02 -1.594889443690717138e-04
3.313513499152129227e-02 1.007975057775533333e-02
2.857222514209213984e-02 -1.431110258788630130e-02
2.685123717777069055e-02 -3.410535080451893974e-03
-6.169914973010596874e-03 1.177264463006245411e-02
2.733377504804443761e-02 -5.972084362791237272e-04
-8.854941616801222798e-03 2.617782999039370770e-02
-5.148041958578512822e-02 -1.691309679490378415e-02
2.543318837863928206e-02 -1.380238402923482377e-02
3.715653920083481637e-02 -2.563389512935362272e-03
3.515704843000735935e-02 5.489027802267349831e-04
-1.163375604964857202e-02 1.993524623740279902e-03
-1.953216964252033755e-02 1.701873776562885798e-02
-1.873647647616727419e-02 1.076599755648174374e-02
-8.759968076829100295e-03 2.016585710308851226e-02
2.237160259645829333e-02 -1.431511588359222348e-02
-2.430036808674789287e-02 -3.065838342826350885e-02
3.393911777978911304e-02 -4.691277722955671664e-03
-5.944736380770869640e-03 2.313933151941885424e-02
-3.208841665480288013e-02 6.251026113292227834e-03
-8.926024963123458875e-03 5.443439536058048648e-04
