-3.973106461381379489e-02 4.357853177633106757e-04 -3.506895167941583707e-03 1.161686581378611801e-03 -8.358608676555542502e-03 5.446767901134942635e-03
-3.331476557140481548e-02 4.211166056455592499e-03 -5.804062685975303060e-03 1.725842445732412352e-03 -7.138102433954754411e-03 3.047917469761100492e-03
-2.430514726593046432e-02 4.106843303847181569e-03 -5.763416868429372189e-03 2.335847137915135312e-03 -8.811840413111915807e-03 -9.661181289231043651e-04
-1.534047690869071688e-02 2.044248350308203697e-03 -3.840365690269307956e-03 4.351557746154776675e-03 -1.318103485150572650e-02 -5.163345415634381687e-03
-6.727712050942237683e-03 1.986054362804784597e-03 -8.183550378709571237e-04 6.952517974062049841e-03 -1.539791816176373958e-02 -7.399484319276950807e-03
8.519179056102436920e-04 2.031499882270127594e-03 1.380058171943638777e-03 7.980277407650690144e-03 -1.508257300043151783e-02 -8.696955235507982176e-03
6.064656502047925668e-03 2.264951955976031266e-03 2.034609140932992864e-03 8.187106905967097767e-03 -1.533517167203152926e-02 -1.013865455648737222e-02
1.054660873815529282e-02 4.194989862577918477e-03 1.675619799710510857e-03 7.777345957820240401e-03 -1.458903426906665510e-02 -1.061676601238113228e-02
1.448089526119759538e-02 4.202661984413985120e-03 4.234486830912727708e-04 7.202695111682492525e-03 -1.205248031932925484e-02 -8.076696426447659699e-03
1.839338569744321944e-02 -4.255902049735351030e-04 1.273478785402163641e-03 7.064384124092447197e-03 -9.851827560556861846e-03 -3.977983521899582618e-03
2.026280114483464123e-02 -5.865711864948061106e-03 4.447634111408109089e-03 7.025393707591592526e-03 -7.334409671656183863e-03 -6.422000056336027397e-04
1.649212574048533608e-02 -7.383081620808720942e-03 5.651471823508912896e-03 4.512454027552282448e-03 -2.360881136935286465e-03 9.867743362277079430e-04
8.651920694557576827e-03 -5.921027668879735167e-03 3.326992481352469139e-03 -9.677050627099585559e-04 2.367609462947259640e-03 2.482022660645034299e-03
7.055440209161234402e-04 -3.430345385529400947e-03 3.276094987170543021e-03 -3.968737719268489346e-03 3.922124472604817183e-03 3.993422829318257240e-03
-3.392447002880125215e-03 2.122265095369384180e-03 4.054802218707832806e-03 -2.214794102092429960e-03 5.364955591241711216e-03 6.780618010704550502e-03
-6.069500791054214129e-04 9.026918584438419629e-03 -4.306367943982661100e-04 1.505863580292218003e-03 5.539024763562098129e-03 7.477877591819782378e-03
7.261470788683324282e-03 1.481140249660909541e-02 -7.252239116785740534e-03 5.315123342988192258e-03 2.931521898017542139e-03 3.653460610889363268e-03
1.551526896364058966e-02 1.784555406315804435e-02 -8.479095934721927325e-03 6.897719672387828647e-03 2.370819422080747661e-03 -2.188630349883253449e-03
2.329590319968622217e-02 1.694424135908025042e-02 -5.825449865211050279e-03 7.697455737885668982e-03 4.409157847429476772e-03 -4.904905462055667367e-03
3.010061349749766288e-02 1.242552781553283095e-02 -2.418325138731099340e-03 9.997441282832831080e-03 4.127807273540990904e-03 -4.228585507079309080e-03
3.406759746455167298e-02 7.411931568450358908e-03 1.892809729221131684e-03 1.275277768999690670e-02 6.897394983386424643e-04 -1.416686914106588500e-03
3.558061053848515093e-02 4.918703508123528460e-03 6.341913005816345907e-03 1.468517869510724445e-02 -2.365172556312466166e-03 1.026780124763487225e-03
3.577841413459677267e-02 6.585968329652085347e-03 8.986897764526026455e-03 1.535136814552178278e-02 -2.756659177113752329e-03 1.127094089505687510e-03
3.485622391389534697e-02 1.001361835920764644e-02 9.820480032970565001e-03 1.501256525014227350e-02 -9.977950510642488550e-04 1.720239881374791870e-03
3.262056636840571233e-02 1.326602647632513059e-02 9.096925043930429236e-03 1.302198250387697973e-02 3.152792104369756508e-03 4.655726298990771166e-03
3.336068985827296551e-02 1.686473437980854848e-02 7.904293672363834483e-03 9.686706423269988292e-03 5.082355510539227419e-03 7.456750549539037376e-03
3.875803996103976273e-02 1.784588685263754221e-02 6.759139809611523601e-03 4.771900974796029413e-03 2.266719109138004996e-03 6.981948206253646080e-03
4.471070817182643681e-02 1.307840294207064484e-02 6.887241350264844582e-03 -6.350277789129857905e-04 3.551121402771908889e-04 4.865845766576440933e-03
4.753498868873563127e-02 6.124204106076475140e-03 8.043098853960810313e-03 -5.329532919065301834e-03 3.825882970392334263e-03 3.852016833867604080e-03
4.689403332535402313e-02 -1.312814256327534106e-03 7.484757439165942196e-03 -9.891411095765960393e-03 9.025490326454119541e-03 3.257924730253465052e-03
4.113386816282871977e-02 -1.206385128889760940e-02 6.315808076786551088e-03 -1.350274321233445318e-02 1.265701186549079635e-02 2.516910215296909881e-03
2.793747955138468908e-02 -2.223797082899629102e-02 8.237388049327911549e-03 -1.257528100568869843e-02 1.297335979258444974e-02 3.105867017686698029e-03
9.063337069777752456e-03 -2.717621337683841579e-02 1.125330759826025095e-02 -8.739015856357841561e-03 9.550500942932457771e-03 4.064892146420105712e-03
-1.081240646578919898e-02 -2.595868792787008050e-02 1.107240650356804655e-02 -7.131001917508443012e-03 3.868202595887309820e-03 3.607278524617989462e-03
-2.626019014855269715e-02 -1.837932277071620962e-02 6.343801406537764864e-03 -7.639808891349696846e-03 -9.029567354318818488e-04 3.236073497299117585e-03
-3.254772867365227779e-02 -8.056668814774440093e-03 6.609446134991719349e-04 -6.782352086161580647e-03 -3.113638328005105885e-03 4.953785000419748917e-03
-3.227616981553073361e-02 -3.066114748257166289e-03 -2.748164801872936963e-03 -5.373834936201713451e-03 -5.158276808623143105e-03 8.170586335479866624e-03
-3.193883527897259378e-02 -4.246905936679567714e-03 -5.760743828970363301e-03 -7.045519219952868506e-03 -6.175772860207270377e-03 1.077333818258492670e-02
-3.246269015282101517e-02 -7.684212403452860690e-03 -7.332814090701657989e-03 -1.130992709458695025e-02 -4.789644204123326768e-03 8.412252049712933694e-03
-3.212696029150778620e-02 -9.983803894058722317e-03 -6.612954976368550127e-03 -1.386314949105761814e-02 -5.166548940799835579e-03 1.298768514928510046e-03
-3.000858169607194953e-02 -9.898312719886906419e-03 -7.035957196380938222e-03 -1.250471337710070026e-02 -6.323996614837152676e-03 -3.169776030753772809e-03
-2.611632207871424430e-02 -6.853270478180576580e-03 -1.105213355331405300e-02 -1.056927230357169317e-02 -3.899604423059893632e-03 -3.573030273464608206e-03
-2.075139995222129857e-02 -2.127167085422351171e-03 -1.589362987977485306e-02 -9.676956023296144974e-03 -8.838512502367962959e-04 -3.820513240153014002e-03
-1.428070774071628010e-02 3.523919950587072955e-03 -2.032537383382327159e-02 -5.996274113068130601e-03 3.543916502859657163e-04 -4.319703169045164409e-03
-5.880191292934266144e-03 8.302497757079162211e-03 -2.405963460761871911e-02 -3.112634141710510162e-04 3.929829148849844911e-03 -3.493884274069294221e-03
1.909249656864731894e-03 8.515175336244372450e-03 -2.453932574142438441e-02 3.298744624923432168e-03 1.108291143833163572e-02 -2.114438235002135107e-03
4.723221669541773256e-03 5.508588653203279686e-03 -2.034293463957915354e-02 5.335113169580803227e-03 1.894554416073263026e-02 3.819934911927940803e-04
-1.454319072679640225e-03 1.684308292770103979e-03 -1.413276892847326223e-02 6.050813966781712350e-03 2.280994709474296056e-02 3.744918844456708844e-03
-1.493984930839658241e-02 -3.019460098877219199e-03 -7.490532931978183262e-03 2.150812436809591312e-03 2.175449172846436949e-02 5.251235202323298670e-03
-3.064995031437374451e-02 -6.698028540552719741e-03 -1.253980555495427460e-03 -6.105802550903916687e-03 1.994343889037358125e-02 3.637322578531847553e-03
-4.283534120632088993e-02 -5.754906542289090973e-03 1.974684243962271813e-03 -1.141916209520669849e-02 1.637509361651673379e-02 7.821796583140799321e-04
-4.789161249376030355e-02 -2.373679650882381479e-03 1.187927448124075037e-03 -1.015600729687938034e-02 1.006229020420273609e-02 -1.806628735733517739e-03
-4.663518218685336336e-02 3.946937961992052503e-04 -2.080951947216309449e-03 -5.909266772581986057e-03 2.552439832249750983e-03 -3.926309591634587898e-03
-4.246572029624615802e-02 3.564825753450441125e-03 -5.302828014885895350e-03 -2.341613445794516954e-03 -1.257086657755704211e-03 -6.486182740649186138e-03
-3.652641056741085662e-02 6.506529959178443748e-03 -8.151853804778874321e-03 3.403980775829139999e-04 -4.489696781147268774e-04 -9.713530844752394505e-03
-2.861690416349940702e-02 7.127032669339815503e-03 -8.662079808534783876e-03 3.246422001062580255e-03 1.947656558833426883e-03 -1.143482750276968857e-02
-2.149279845034127168e-02 6.221587776943377467e-03 -7.111620851968343884e-03 4.781449795180894337e-03 2.410249369777859967e-03 -9.271220940644874647e-03
-1.749112143878371606e-02 5.370740718550111488e-03 -4.907326928822837268e-03 4.583178324919788375e-03 1.363692598554941621e-03 -5.853207211042954841e-03
-1.409091756828407226e-02 7.049621890944816026e-03 -3.040379704952407818e-03 4.712155244082328991e-03 8.600205421661647961e-04 -4.685647921965472966e-03
-8.792067435357311597e-03 1.076604701929531095e-02 -3.279070221149851284e-03 5.389093032872364734e-03 9.561984495944785174e-04 -4.020575781069765479e-03
-3.205895888298100713e-03 1.305021550106435363e-02 -4.748755648287774495e-03 5.187634256647206087e-03 2.578951719615852917e-03 -2.070576948293630440e-03
1.267897601443953920e-03 1.216551157567197401e-02 -4.565760607854463249e-03 4.190619027797679551e-03 6.809904490082075920e-03 -8.428972175978977121e-05
3.267580693106764220e-03 8.284071985509212921e-03 -2.012207066120077961e-03 3.005110788909058812e-03 1.118540085346261120e-02 2.902703608267947913e-04
2.589153815088654845e-03 3.876942094219164563e-03 1.176419136772469164e-03 1.196622376359811205e-03 1.257316100595973728e-02 -1.227653985579391527e-03
1.714197815270116377e-03 4.226539711404031681e-04 4.391221080741442018e-03 -1.844517490474852301e-03 9.159498731924684348e-03 -3.759224535421028073e-03
1.492389573620886683e-03 -2.389967699727290652e-03 7.933541759324038226e-03 -3.990465956484896826e-03 2.882627246763441297e-03 -5.168420937537922255e-03
-6.275860839313038200e-04 -3.942689030469890589e-03 1.064266904254895785e-02 -2.988899948676649980e-03 -2.660498597746236479e-03 -4.177537871251039460e-03
-3.070446576390863103e-03 -2.646820127784444733e-03 1.057245199138296191e-02 -1.672603983875690491e-04 -4.803366221782616463e-03 -2.190068192567732903e-03
-1.956074176889109617e-03 1.225319156966318520e-03 8.863029735977275350e-03 1.456409543845695129e-03 -5.586342216699638485e-03 -6.724347292734075788e-04
1.300986959240175425e-03 5.707442306901691631e-03 6.660276861579029171e-03 1.075275762390055919e-03 -5.441054891365231481e-03 3.872535642151822251e-04
5.513851068956470911e-03 1.006812329873932321e-02 4.305028999591877827e-03 8.003086733616392428e-04 -4.504024207921219873e-03 1.615960125954629808e-03
1.310249527287843559e-02 1.355016576143096285e-02 1.833690124805835387e-03 1.016555084156135769e-03 -4.479370004354588618e-03 2.921615912779028813e-03
2.316882862370299445e-02 1.462287812540521287e-02 -6.115524822284489201e-04 4.301602841278415494e-04 -3.894669448008531657e-03 3.098999983334088052e-03
3.356260461532154654e-02 1.221037031448096721e-02 -2.647632639699300065e-03 1.032742140514718038e-03 -3.801359793664231155e-04 2.062219669924871771e-03
4.189415848461322534e-02 6.567823485202888695e-03 -2.530824649350439399e-03 3.646692923498226664e-03 3.811531672646327040e-03 6.619456504444379405e-04
4.452756749438589040e-02 -1.105364182819792030e-03 1.626020557672002266e-03 5.805735536018794690e-03 5.448778617692815775e-03 -7.805660403665640483e-04
4.009204036608858546e-02 -9.129296517524506174e-03 8.018634376070837844e-03 4.971356471402647512e-03 3.734174552918565794e-03 -1.620189370855757089e-03
3.196650027036868069e-02 -1.319572802829498473e-02 1.354969371028896287e-02 4.141083133295757508e-03 4.272064647502970733e-04 -1.037906589618115298e-04
2.165060687839327064e-02 -1.154772467181736095e-02 1.767927588993986610e-02 4.514701973359840949e-03 -3.108408751725796632e-03 2.840184442590105562e-03
1.066656852945682861e-02 -8.227838915614486479e-03 1.951142484978806227e-02 3.391517620655607780e-03 -6.252942676587922022e-03 4.985107980285844592e-03
2.499460847839128121e-03 -3.848460555122318934e-03 1.743622881529035065e-02 6.136860974461762425e-04 -7.794498781227210925e-03 6.158605308727711954e-03
-1.358912750232527241e-03 2.627363382687329489e-03 1.157733168644965727e-02 -8.132886260282628762e-04 -6.963176417567011958e-03 7.317151558444711518e-03
-1.285980266832451686e-03 9.037651645369943962e-03 4.324226470137917770e-03 -2.614034562766603931e-04 -5.269520636553899628e-03 8.591499825506998533e-03
3.030629486976043653e-03 1.284456792710285400e-02 -2.484935998400739435e-03 1.321464332254366873e-03 -2.604542348854214668e-03 8.741974516479901827e-03
1.127016141928528087e-02 1.311578452037428892e-02 -7.673960029529818330e-03 2.136522837288042792e-03 1.375236567409625528e-03 7.491908995442895028e-03
1.998081543076776767e-02 9.205891219569625403e-03 -1.031702498660529849e-02 1.370883080755031392e-03 5.745262189556305660e-03 5.011106353353646237e-03
2.488076326274550956e-02 2.268539957279282291e-03 -8.679368152136742245e-03 7.337582045487997095e-04 9.724420371999751428e-03 1.172060059770750357e-03
2.471405833303264021e-02 -6.169172211953501302e-03 -3.467273499089235968e-03 7.867595399249861701e-04 1.071374032208277302e-02 -1.546720697845196035e-03
1.987627044968293816e-02 -1.205170601469501487e-02 3.458280755987114697e-03 8.493717433107142185e-04 8.797403210171757248e-03 -1.809663889737366882e-03
9.730431277506399260e-03 -1.339053996513302029e-02 1.025709151201287771e-02 1.031744901331268323e-04 5.695454062694654124e-03 -5.533596210715235409e-04
-2.861369746185554210e-03 -9.888483622105285684e-03 1.379349361469059225e-02 -1.639573935989600351e-03 2.753437952016446651e-03 1.197903471801712878e-03
-1.274204858281523592e-02 -2.362306582067392764e-03 1.302057520208005185e-02 -4.427275176147564030e-03 -1.156440365889631859e-03 2.947697963352006664e-03
-1.605605116332030347e-02 6.595648056875735854e-03 8.673297261425138432e-03 -6.812858824187467167e-03 -5.330853101305280985e-03 5.135701110998265595e-03
-1.158450407046448735e-02 1.532231665412588269e-02 1.916999907420047916e-03 -8.236960465344838819e-03 -6.884113268411804799e-03 7.254933401722872717e-03
-1.703033763496766687e-04 2.180598735444270672e-02 -5.503365553459490557e-03 -8.287547586202318600e-03 -5.181676395055622407e-03 7.828829336837902012e-03
1.535465686815407418e-02 2.316220602609728868e-02 -1.137507570043963523e-02 -8.366977446769056914e-03 -2.378971931046769753e-03 4.991359189997055315e-03
3.142262803222536233e-02 1.802613184044450298e-02 -1.375716101192132022e-02 -9.397856722008060548e-03 2.752271192592343910e-04 -8.908134612083594374e-04
4.442727917716264574e-02 8.620784098994358977e-03 -1.220531737820048333e-02 -8.876930815591365168e-03 2.309632937013872140e-03 -7.048068337122202764e-03
5.193599182477316029e-02 -1.873076653102677402e-03 -8.040954233066169993e-03 -5.629098687099760683e-03 3.515784077951223698e-03 -1.100191553594316238e-02
5.310857258491181315e-02 -1.176613524159066983e-02 -2.111111883839217676e-03 -9.089883322390234074e-04 3.511233359498363259e-03 -1.157700000183654009e-02
4.674608855113385891e-02 -2.185380848793293598e-02 4.280236221186274788e-03 3.141886184864969237e-03 2.348145820446670504e-03 -1.075211458545662947e-02
3.256115524218785445e-02 -2.909579390724081893e-02 1.018076991578814247e-02 6.290113384500885078e-03 1.204784568298388793e-03 -9.953290130371229491e-03
1.494920969600379256e-02 -2.955713748739538863e-02 1.330656463319429550e-02 8.765036931792789116e-03 2.369517863853540262e-04 -6.976017232857458297e-03
-2.263243895505923607e-03 -2.299801199504890661e-02 1.315355703852738242e-02 1.086394764082025503e-02 -2.541487978355547010e-03 -4.676964752070962507e-04
-1.767120194938653216e-02 -1.263813103125446292e-02 1.106005535633064994e-02 1.193761393079541613e-02 -6.954410728391604256e-03 6.333077686490729170e-03
-2.947867018487807661e-02 -1.748959955620417667e-03 6.878331441641483482e-03 1.205082456655238131e-02 -9.643391129054056793e-03 1.023256096318884457e-02
-3.380357360386310184e-02 7.852384392822667203e-03 8.955913236533741186e-04 1.104216647621354686e-02 -9.683190526047259078e-03 1.141093191338925401e-02
-3.099180467946646006e-02 1.412917239430630002e-02 -3.634223297033834822e-03 9.443948232450522992e-03 -8.038371887287155959e-03 1.109673086889843667e-02
-2.542053308208463980e-02 1.544431915033771772e-02 -5.842298151189954762e-03 7.520357827256126532e-03 -5.464305348160308773e-03 1.079334130613348111e-02
-1.991944631977215704e-02 1.329812102110178480e-02 -5.832736036957824645e-03 5.592403339206102574e-03 -2.749640999187231462e-03 1.032381508276277761e-02
-1.475776979199421371e-02 1.058234340319864908e-02 -5.004034679595175360e-03 2.908965996502878380e-03 -2.723564939954839590e-03 7.892126040208977816e-03
-9.021935928941978919e-03 8.235841139869984340e-03 -4.996349416987163304e-03 -2.204557613682495772e-04 -5.498074071495183401e-03 4.087073583271427779e-03
-2.957595990660478059e-03 5.485775516440112923e-03 -5.856379342671061763e-03 -1.379663774711399572e-03 -7.489676290922770915e-03 1.505042683814794774e-03
2.207786895123233124e-03 1.587976299115993750e-03 -6.956339911098322407e-03 -5.249897502616685582e-04 -6.679541046598376844e-03 2.849736260774443338e-04
6.186164408970143413e-03 -3.775603867102930895e-03 -6.652934411871405142e-03 9.693966855535280898e-04 -5.423125363812759427e-03 -2.228701924043609457e-03
7.499039418844480678e-03 -9.614983624625726699e-03 -4.646233012643679119e-03 7.029632498261351734e-04 -4.451835369985317030e-03 -5.796762001362495628e-03
4.016528115109509710e-03 -1.425573020829218503e-02 -1.194157430550625261e-03 -1.887590260357096096e-03 -4.017867713064166360e-03 -8.243298448295185293e-03
-3.415231352661553949e-03 -1.621650901223962646e-02 2.445674808860465697e-03 -4.935172427919950165e-03 -3.375219268970529492e-03 -8.019043942411128306e-03
-1.167610096330408409e-02 -1.529860783769075583e-02 4.928539754582638571e-03 -7.174068219375307441e-03 -2.707632308655482430e-03 -5.983877532594951074e-03
-1.826232641952902150e-02 -1.281699923034123473e-02 5.197404359894332304e-03 -8.271689633591140095e-03 -1.731843626005631284e-03 -3.785534899888968151e-03
-2.140521295280984823e-02 -1.017287476890300045e-02 1.515409927735592455e-03 -8.522231941932207483e-03 -2.078976354377380913e-04 -2.141779779530533345e-03
-2.163391124166640089e-02 -8.032098595343312511e-03 -3.871705280451412119e-03 -7.737544186834918909e-03 1.523923695754066067e-03 -9.452943695738652780e-04
-2.240683341004837820e-02 -6.745601506484266360e-03 -6.902143384622718564e-03 -7.353311083773727067e-03 4.008887123232491960e-03 -5.188449126527684306e-04
-2.524342727605364059e-02 -7.414866667773693971e-03 -6.231482847136698457e-03 -8.881135945449718586e-03 6.663214430856131791e-03 -3.620028597047483029e-04
-2.873688739273786569e-02 -8.534906108986727719e-03 -4.611980663156328361e-03 -1.108041456567425073e-02 7.465475159283743375e-03 -4.436182367983553454e-04
-3.165312013229418242e-02 -9.133789588757122713e-03 -3.358910030195855906e-03 -1.219662769321273356e-02 6.398322408408541051e-03 -1.060178200571360897e-03
-3.335652662056929479e-02 -9.162093400332235738e-03 -2.504608415280638618e-03 -1.204676097317508403e-02 4.920237148257015219e-03 -1.629777782968210454e-03
-3.351316250385008577e-02 -8.606408340387745187e-03 -2.221797792073411815e-03 -1.120058292195974699e-02 3.278453465227260544e-03 -2.022258848062243996e-03
-3.261763834061756628e-02 -7.218953730273538864e-03 -2.394244936780672798e-03 -9.919019539130677007e-03 1.788181439272767265e-03 -2.950546254119893602e-03
-3.155786513580291497e-02 -5.240255632101054745e-03 -3.064225123447800007e-03 -8.490068017087147589e-03 3.155869639355366124e-04 -4.206731539478942433e-03
-2.987623777977622963e-02 -2.587297099070792923e-03 -3.608233076947102089e-03 -7.245492754847260297e-03 -1.078524041559034185e-03 -4.771917346017917096e-03
-2.564722360545572746e-02 -2.083743261168197680e-04 -4.872771407149728562e-03 -5.962425293723890192e-03 -2.469088686774912039e-03 -4.208906791079194444e-03
-1.991407682019042530e-02 2.581381688203527799e-03 -7.105745996639814197e-03 -4.805337597167484535e-03 -3.427801400662922396e-03 -3.597374473677356424e-03
-1.333307890076391132e-02 5.258183273374627230e-03 -8.691961849361473300e-03 -3.018357031996665024e-03 -3.230501589764121426e-03 -3.797776052677610641e-03
-6.451326460318180557e-03 5.904661892715319486e-03 -8.420172112655631425e-03 -1.544259988205732605e-03 -1.917268063825995454e-03 -4.403786466661470562e-03
5.338867690539851173e-04 4.114426987653655061e-03 -7.175558679076040475e-03 -6.204363839420436655e-04 -1.920777338668522944e-04 -4.379972761699116313e-03
5.441529256093095152e-03 1.321908781200586535e-03 -6.187691030740844270e-03 2.895849069565190666e-04 1.930021959023196223e-03 -3.413092001386701466e-03
6.585828139430688517e-03 -1.188377527736119788e-03 -4.165736489633640668e-03 1.520555735973803642e-03 4.375100749473525598e-03 -2.907498025892674403e-03
5.211774896280676160e-03 -3.134464780973664644e-03 -3.435419887730104048e-04 2.101571134813333668e-03 5.942723888905609292e-03 -3.367214644174994047e-03
2.824331359323759786e-03 -3.659639747004977527e-03 3.605758629898279510e-03 1.907611746781895899e-03 6.235178984112333365e-03 -3.371832529331493522e-03
-1.054209401396632908e-03 -2.530997606748389053e-03 6.103918113247230881e-03 1.492605742515301127e-03 5.449223951421520995e-03 -2.161015995367883240e-03
-6.445821656544893120e-03 6.714115027803648807e-05 6.936932670308318220e-03 1.205213243851624774e-03 3.973195967255262542e-03 -5.712343198215640884e-04
-1.001012164615712116e-02 4.244571303730335955e-03 6.731344199694716708e-03 1.260624309483562812e-03 1.918990484725288962e-03 5.601390583170953730e-04
-8.656821099545970732e-03 9.988039371982553039e-03 5.334213255719689323e-03 1.418754688197700368e-03 -1.165757054990907565e-03 9.811539166952149785e-04
-2.684361742569301313e-03 1.663514965102452434e-02 2.352882252593010894e-03 1.115782149398044125e-03 -4.091955861064645351e-03 6.279963051074236155e-04
6.500876307363214791e-03 2.330549034127990526e-02 -2.459440545478031037e-03 1.272125321867945255e-04 -5.371030461645973780e-03 2.132925229174420848e-04
1.885934602492008241e-02 2.744792626168704452e-02 -8.474157627787519409e-03 -1.460958377857173225e-04 -4.630251247549322345e-03 7.580362681450045909e-04
3.316281867690635404e-02 2.641563670709542663e-02 -1.317596593840715882e-02 1.258761916061731847e-03 -2.064398572469338701e-03 2.165861043332312826e-03
4.537706872728929086e-02 2.034209155587097043e-02 -1.434191376955645456e-02 3.209336907959986843e-03 2.449728806784869355e-03 2.748207076409184876e-03
5.235470454166551990e-02 1.217823721610722908e-02 -1.246202512278386451e-02 4.560290398852822995e-03 7.027163072033349236e-03 1.969992717447913416e-03
5.413061000454919697e-02 3.890062283892149059e-03 -9.509293907038989316e-03 4.701334181143084628e-03 1.004185712644606668e-02 7.712419122944286784e-04
5.138652338474011122e-02 -4.015418837738441750e-03 -5.274546735645169529e-03 4.284708638494177588e-03 1.212687547052711257e-02 1.811826485332042997e-04
4.362208359557531723e-02 -1.014594523295581432e-02 3.491686197516522482e-04 4.099003550803519483e-03 1.251234772285859595e-02 4.453029296546509629e-04
3.195515184150485299e-02 -1.361865991429201533e-02 5.268175629932953831e-03 4.148904980493943982e-03 1.026098775365937368e-02 1.342603696690900222e-03
1.870514326133670968e-02 -1.449700575730247104e-02 8.950551811028380905e-03 3.008151492398946844e-03 6.162230401231353141e-03 1.660556983167325211e-03
7.196932246575173976e-03 -1.256788939312392800e-02 1.062628399394389273e-02 1.157374808656002046e-03 1.016625458987984289e-03 1.178143594509976173e-03
-1.176491010124722236e-03 -9.235137489285729154e-03 9.370705230701971422e-03 -7.062968934472942854e-05 -3.690763881147434648e-03 6.994668820545296099e-04
-7.189073396073247801e-03 -7.314943796353869099e-03 6.430862167546562425e-03 -2.842962262295685156e-04 -5.141756420323220604e-03 9.385234262633494057e-04
-1.164661515992371915e-02 -8.080978810956800790e-03 4.730268321444641884e-03 3.225836029048328134e-06 -3.043758811704963801e-03 1.799419721667121479e-03
-1.539550909841470687e-02 -9.439841946755006888e-03 4.986742012990266586e-03 -4.392036160512087875e-04 -6.668822862297033938e-04 2.536306369763255061e-03
-1.949293330226778420e-02 -8.848575701857102835e-03 6.028488379346440794e-03 -2.053176114356930482e-03 -1.014848644362846986e-04 2.577262816557847683e-03
-2.274041209154410714e-02 -6.054616741005895177e-03 6.555251133723923214e-03 -4.230117423630046225e-03 -1.552705525182173502e-03 1.780858271224734909e-03
-2.307585831773044382e-02 -2.279391231196376683e-03 5.833945482530384676e-03 -5.598245303571242754e-03 -3.262065988091937888e-03 1.170228953149796006e-03
-2.052443879033523030e-02 1.290646812045336033e-03 3.569062327017403190e-03 -5.390553070651391172e-03 -3.808900010238587368e-03 1.435299144180705909e-03
-1.627366175627716766e-02 3.751999531961656368e-03 9.518639231065483984e-04 -4.014085711431480269e-03 -2.836239639514890644e-03 1.899087988307017862e-03
-1.110128251618774410e-02 5.108296462239954663e-03 -6.111401734801097602e-04 -2.629688132967967183e-03 -1.323922100599602596e-03 1.479808306066945868e-03
-5.439158071460910467e-03 5.955385023189477788e-03 -1.257240053502521170e-03 -2.254934845818342120e-03 -6.027896472524890779e-04 1.934345335779171253e-04
6.397003292928733417e-04 7.145199355065633660e-03 -1.533694073855335202e-03 -2.527780636254709380e-03 -7.092238112735800354e-04 -6.877778589241645250e-04
7.221913850170799155e-03 8.041649216458201729e-03 -2.192298614062974157e-03 -3.069440836674042650e-03 -7.953308997633839333e-04 -7.129806104251603912e-04
1.395484219238403954e-02 8.325753065508688724e-03 -2.739177451868182386e-03 -3.407684175847364681e-03 -9.863660641057426549e-04 3.120253221212646207e-04
2.049914061797788317e-02 7.886642764229137570e-03 -3.357847820054900897e-03 -3.317318800658159653e-03 -1.326787479483851557e-03 1.157560820526379233e-03
2.647427909724150638e-02 6.216628798707725910e-03 -4.445855307002233824e-03 -2.719925794642319167e-03 -1.298840592098295631e-03 1.313726334305334587e-03
3.094975861972955669e-02 2.444286076324131852e-03 -5.684182067158620108e-03 -2.035336645418375431e-03 -3.100187047135194310e-04 7.694752146481516168e-04
3.286640085203706291e-02 -2.956059742692556357e-03 -5.915834549043314308e-03 -1.135802462225119717e-03 1.979655283689835815e-03 -2.237466922805053638e-04
3.118242468346832733e-02 -8.963161367183893405e-03 -4.453802269679133820e-03 1.404005421774166210e-04 5.253223307514050255e-03 -9.834927634277154489e-04
2.456127165308687882e-02 -1.538901345788146711e-02 -1.152997176356994769e-03 8.475555421708629456e-04 8.299036906760875673e-03 -9.883276186195986881e-04
1.332289075391186392e-02 -2.165742313964719515e-02 3.637583565876837365e-03 1.772070121695297875e-04 1.004240892062244206e-02 -6.674970362407923455e-04
-1.337172108484698842e-03 -2.544454583207626797e-02 8.799128723658816709e-03 -1.691056827819324834e-03 8.926274340635271393e-03 -3.861284885042437975e-04
-1.674821290088424411e-02 -2.507378503086586316e-02 1.249835416436261178e-02 -2.695761844667859605e-03 4.743829706323664241e-03 3.550185632014966918e-04
-3.085524348419442162e-02 -2.144968854561508237e-02 1.333872085653923546e-02 -2.948004560570310385e-03 -1.218689553596607588e-03 1.411892463480926910e-03
-4.137083856784314062e-02 -1.662866830530371903e-02 1.156034706857569580e-02 -3.126939194259980952e-03 -6.415026314193630202e-03 1.642842425174133791e-03
-4.781445494489450221e-02 -1.136017693429518596e-02 7.784587920831601872e-03 -3.095384238963615892e-03 -9.376514345254757798e-03 9.644824719812733049e-04
-5.060985727675376689e-02 -5.937510064132025221e-03 2.816142611979429149e-03 -2.362448334635622663e-03 -9.900060144605956139e-03 4.404261366230781947e-04
-5.033071807738964676e-02 -1.278920894687387774e-03 -2.058406556016451668e-03 -1.083117254006878225e-03 -9.171156512280046261e-03 6.449947850374481047e-04
-4.689170360821715705e-02 2.052299794601653623e-03 -5.552084117148235222e-03 -4.615033668461314235e-04 -8.108552576077286342e-03 6.510496636851028675e-04
-4.095741469710599547e-02 4.977976312104974953e-03 -7.465250464286800509e-03 -5.517192010511054456e-04 -6.777812220830866860e-03 -2.935677489749311100e-05
-3.421515415701779222e-02 7.939800734925816714e-03 -8.899948573870199164e-03 -5.523551380458420436e-04 -5.184967825263159420e-03 -1.080274024179270339e-03
-2.734079884862789661e-02 9.312259983217323345e-03 -1.045250705456623845e-02 -2.309091380600511651e-04 -2.825892930846265073e-03 -1.529365326952239782e-03
-2.051897768712795250e-02 7.875369991821477497e-03 -1.084984126831414590e-02 4.718485425658837406e-05 4.476803415066583436e-04 -1.485872986404196882e-03
-1.440286311137707088e-02 4.337475329454485752e-03 -8.654358183552913336e-03 4.935300448867127544e-05 3.705275397558437187e-03 -1.023628862861322491e-03
-1.017818695624180328e-02 9.762723545637810385e-04 -4.635942753788051610e-03 -8.234868263602097621e-04 5.830783600601593605e-03 -8.821101430384038983e-04
-8.539965661032719937e-03 -7.943385131709357685e-04 -7.120633114687532168e-04 -2.490279503478518182e-03 5.974249579209002861e-03 -1.242062481388644815e-03
-8.028831937274034589e-03 -1.208970520264289299e-03 1.961898136439712507e-03 -3.546228176529807492e-03 4.099586272259153272e-03 -2.001392572834046098e-03
-7.089951208469729912e-03 -1.039292500787505902e-03 2.930339471750996027e-03 -3.366224376118249519e-03 1.040330768881675243e-03 -3.367314688711254417e-03
-5.553765335192294497e-03 -4.883824501216066415e-04 2.437409566500857265e-03 -2.278077636950687386e-03 -1.446674431940235973e-03 -4.682458957589595745e-03
-3.861561253456081109e-03 -1.260697669136958538e-04 1.334492753923644057e-03 -9.363569062734263719e-04 -2.413718043461989676e-03 -5.528052933476200297e-03
-1.970988931926759627e-03 -4.624774067270547972e-04 8.709524747277082399e-04 3.037146983326277400e-04 -2.753717771273452367e-03 -5.618257214909394733e-03
2.558364164986080716e-04 -1.581981888584015929e-03 1.817299111773852194e-03 9.932691704972573376e-04 -3.004275961415200317e-03 -5.072576380624683329e-03
2.195956453570440531e-03 -2.130528028753583304e-03 3.382647387629474436e-03 1.197538636169036014e-03 -3.373021104710276392e-03 -4.406539595251619812e-03
3.166123215540963404e-03 -1.599453555475554688e-03 4.579572262755714392e-03 1.363844173785719229e-03 -3.760404979850543328e-03 -3.424915547374102805e-03
2.805376880432212429e-03 -6.452895744402873919e-04 5.298268162020521206e-03 1.170911309036043891e-03 -4.023779684553043488e-03 -1.932478271515188865e-03
1.804487013959452319e-03 -2.004711493203954840e-04 5.634979909632365988e-03 6.628152542048906196e-04 -3.939551686812186454e-03 -4.205537594107615937e-04
1.023400997432926665e-03 -2.164833173961079116e-05 5.733711656394328490e-03 -7.073566663130086694e-05 -3.487839620139879509e-03 8.920203940048634450e-04
1.143295963064903768e-03 8.868383631476413342e-04 5.464374514360083313e-03 -1.362053317084636547e-03 -3.083251116540733187e-03 1.828734678975769534e-03
2.315247129515202694e-03 2.497209917631063817e-03 4.796762008737762671e-03 -3.107310716498471945e-03 -2.726965587418895241e-03 2.389548894363924952e-03
4.762630910786155164e-03 3.962987832914060919e-03 3.677904930421954394e-03 -4.974419223629086492e-03 -1.914144075189177585e-03 2.648525115191517881e-03
8.673507704115323777e-03 4.493326447545709437e-03 2.085014891164404475e-03 -6.330375593955579229e-03 -2.665293896843259815e-04 2.397736674734135022e-03
1.356633887064149883e-02 3.740032019314009498e-03 7.623219195503549636e-04 -7.659481959857173880e-03 1.387537955179653356e-03 1.271130324445587890e-03
1.782385073173188908e-02 1.378377894249457111e-03 5.342938631013250316e-04 -9.370042132924843309e-03 2.606182078562006583e-03 -6.100254713447203492e-04
2.055723372078410022e-02 -2.441502341362652029e-03 1.207977616129248368e-03 -1.020545131768424950e-02 3.127664163470619037e-03 -2.650847783602426448e-03
2.208739368386149551e-02 -6.795907258061313107e-03 2.104600159250880585e-03 -8.979665565214364417e-03 2.195219127360703570e-03 -4.267245615074770869e-03
2.305676101082912779e-02 -1.116544590675439333e-02 3.200656312353591416e-03 -7.034347185968249302e-03 -4.744163076376706743e-04 -5.537899478928548502e-03
2.210914086299576795e-02 -1.484236085175866249e-02 4.657625231119841454e-03 -5.143344291688077552e-03 -4.067238473843972670e-03 -5.879685722415952526e-03
1.813625484776126146e-02 -1.736784242450863450e-02 6.413751293033503366e-03 -2.929235999093319012e-03 -6.957249193785428228e-03 -5.116293699130430687e-03
1.196302784852253109e-02 -1.755162471353325510e-02 7.258391042508760722e-03 3.952635348148753015e-04 -8.861282119513352179e-03 -3.475135154157809204e-03
5.449009340723700440e-03 -1.398472878638724014e-02 6.140332894577995096e-03 4.199259041789459371e-03 -8.891704181265351961e-03 -5.490226141839091648e-04
-4.875508111323079738e-04 -8.931403398574873712e-03 3.707394033761729230e-03 6.620822403320735482e-03 -6.583526881935595869e-03 2.786322226117187405e-03
-7.186009368046590746e-03 -4.780142580309536780e-03 1.337965658216942093e-03 6.890817597976923656e-03 -3.432331197346158783e-03 5.214966435144154783e-03
-1.405681433591866349e-02 -2.199168276268169409e-03 -7.306426323771769791e-04 5.794215454394335656e-03 -1.089331896692075216e-03 6.221249197174859649e-03
-1.902506210238356921e-02 5.807329531475764186e-04 -3.253604724870630318e-03 4.362852896834927899e-03 7.156820604981886354e-04 6.736693679609499948e-03
-2.144085145865292502e-02 4.091587893431117111e-03 -5.716298349793716427e-03 3.956681911679421279e-03 2.308175031249983054e-03 7.041135707006502403e-03
-2.240722921280332777e-02 7.084137461329236864e-03 -6.518412314003383529e-03 5.050978089853854630e-03 3.289193429685694729e-03 6.731754127881585045e-03
-2.183662279230473222e-02 9.159043472116545903e-03 -5.906029853549050156e-03 6.491340168660525607e-03 3.755871971651296784e-03 6.103859544581007567e-03
-1.905462340652621170e-02 1.010042190796408244e-02 -5.650536846574149598e-03 6.884495077682223525e-03 4.205288572475406224e-03 5.881737548864338257e-03
-1.527213983243577190e-02 9.733003284515711825e-03 -6.855436999358378511e-03 5.993396399311600072e-03 4.474739401815162020e-03 5.593104845889590795e-03
-1.305608911906295730e-02 8.607039646989876960e-03 -8.335229578274780046e-03 4.875699957354612084e-03 4.621644590616515169e-03 3.797029391430513379e-03
-1.333529557087148425e-02 7.520663274585067705e-03 -7.781167186362036338e-03 3.696203380249789457e-03 4.707390552621291274e-03 5.037520883855407458e-04
-1.450408666708625713e-02 6.838693737073122877e-03 -4.371632144504581340e-03 2.384648206903993133e-03 5.574790284500670025e-03 -2.239625821059971177e-03
-1.115020982839527199e-02 7.537189417920166050e-03 1.021865448747440522e-03 3.085452344106923324e-03 6.426219291189959673e-03 -1.705005923222550381e-03
-1.229068101112461330e-03 1.020044972884615563e-02 4.862621742128664208e-03 7.684497387538299397e-03 6.236300707662431435e-03 1.321149045316603963e-03
6.596767578923053502e-03 1.222670269729025580e-02 5.138648402901816077e-03 1.188896314192918260e-02 4.996717988871230039e-03 2.021172700167545369e-03
4.792017355553812607e-04 9.033275395241001718e-03 2.934539827221729815e-03 7.966684942650443732e-03 3.839124319824663029e-03 -2.860450005871803970e-03
-1.418352438760810477e-02 2.535429330382304048e-03 3.266797601162682672e-03 -1.215749085038455354e-03 3.290165251234663125e-03 -9.657551711279140083e-03
-1.830940951963025073e-02 4.084161859008719406e-04 6.720222739246212509e-03 -3.885813774387419321e-03 2.273343802230784558e-03 -1.215963809662322197e-02
-9.841892050981534620e-03 3.363816937551002053e-03 9.915184057401838988e-03 1.573385680531527893e-03 8.793731193656580082e-04 -1.076561128075449389e-02
-1.278161512548614976e-03 5.903906479688133396e-03 1.147674411785602061e-02 6.689703969237712627e-03 1.306536124046260583e-04 -8.848665154336946351e-03
1.878594679335406645e-03 6.474788537123878779e-03 1.316518243060016934e-02 8.326817450291009587e-03 1.715385699939534273e-04 -7.805762612141526648e-03
2.321763752851576344e-03 7.272480539892007406e-03 1.488723331715730014e-02 8.155785777025291797e-03 5.811470860047985090e-04 -6.937615574889546832e-03
3.323056369370311694e-03 9.445436520001827818e-03 1.634251195532033379e-02 8.085427808990373888e-03 1.272781261585272713e-03 -5.984142900414842099e-03
4.836116950347844369e-03 1.171426164706732519e-02 1.706818082517580840e-02 7.750573858850672189e-03 2.090845893108853829e-03 -4.735440853038284589e-03
6.535224881426385940e-03 1.333321421970637237e-02 1.721644840463471340e-02 7.153145813847155109e-03 2.854698341485030922e-03 -3.130296744720904595e-03
9.047580990780422494e-03 1.455131359715958368e-02 1.726366728985877577e-02 6.454189936413150946e-03 3.768996360247427527e-03 -1.766071678013608065e-03
1.245658216128105004e-02 1.564007550809196762e-02 1.706909882875231807e-02 4.833677548175751952e-03 4.590883060505036341e-03 -6.028848770898888191e-04
1.665404006271392276e-02 1.693585936477295592e-02 1.702671049589676508e-02 2.240950957420787416e-03 5.006225763946508915e-03 4.214376722137099180e-04
2.147283618264840890e-02 1.786901545516536571e-02 1.747692839542276319e-02 -1.332458561918976967e-03 4.491068369705381730e-03 1.575995085938155420e-03
2.668307575938860116e-02 1.825587342577240577e-02 1.820690472297737533e-02 -5.291319481323138521e-03 2.513026587506352830e-03 3.035606961602328301e-03
3.227565360498323155e-02 1.810946237914975998e-02 1.917369456676663170e-02 -9.029759914200734261e-03 -7.665759746770064477e-04 4.585098804172071073e-03
3.832257441351710758e-02 1.744213132103053510e-02 1.890935930722771954e-02 -1.287125319944336030e-02 -3.913131762655316752e-03 6.117675539084186515e-03
4.606196368501266208e-02 1.612971050186889216e-02 1.694411386223862795e-02 -1.695168981295053570e-02 -6.448410416362860761e-03 7.049351742844762840e-03
5.621057511116303584e-02 1.407160918252104917e-02 1.243465352383381697e-02 -2.128520590658638731e-02 -7.385446886720983470e-03 7.239027161292093705e-03
6.790303218315961453e-02 1.107051749575696867e-02 5.381763258580554883e-03 -2.455970693700008575e-02 -7.141351594396641057e-03 6.887798522230546665e-03
7.915292904947200670e-02 6.489870306242325783e-03 -3.228649045499294972e-03 -2.494417268714033478e-02 -6.309232091937218810e-03 5.631734058507717119e-03
8.797715060373084706e-02 3.713189527479385244e-04 -1.160946893874307759e-02 -2.203833493943741992e-02 -5.447037827117908945e-03 4.160704331999657245e-03
9.354500776379517935e-02 -7.473782080258895878e-03 -1.859668937074164877e-02 -1.686615625011890843e-02 -6.644764403018291535e-03 3.263097346444266897e-03
9.537449299877960585e-02 -1.592905116701644891e-02 -2.312214561806050228e-02 -1.008597990632739694e-02 -9.464513304968915491e-03 3.172056675206946265e-03
9.212606784487699374e-02 -2.355231044747533448e-02 -2.593894394356225860e-02 -3.167854815451599370e-03 -1.156283801949800974e-02 3.249849413524049605e-03
8.344571123815133773e-02 -3.039822544816555075e-02 -2.690405983275158050e-02 3.892262734087443676e-03 -1.296458660570666728e-02 2.823944166723339234e-03
6.985793915009344546e-02 -3.561425050494881200e-02 -2.607000475776393572e-02 1.015877403643706579e-02 -1.187247245696893862e-02 2.276019550512992182e-03
5.284504490804584065e-02 -3.796518521011098268e-02 -2.372042032565958511e-02 1.461154870842006764e-02 -8.780262970740793788e-03 2.272967701108290651e-03
3.325893637656417157e-02 -3.771577115584012763e-02 -2.024897774321886279e-02 1.668284172228650872e-02 -5.241575844079398444e-03 3.361337682421364909e-03
1.140989019327493664e-02 -3.576090983043354182e-02 -1.589124345332634802e-02 1.687465555495779035e-02 -2.281378409066660458e-03 5.771865652954114544e-03
-1.133918258696961501e-02 -3.308185301384578003e-02 -1.100189017662305327e-02 1.573930538178192409e-02 5.809781952733862262e-04 8.891636984577882402e-03
-3.261703213582879679e-02 -2.957792692754989544e-02 -6.481014419420848965e-03 1.330879624164436198e-02 3.358970356928067148e-03 1.176120226182312233e-02
-5.015753663585107575e-02 -2.439841055059483593e-02 -3.358146805240599247e-03 9.825304211398877552e-03 5.416553179742547401e-03 1.372888116315326527e-02
-6.391229469005318964e-02 -1.870775150929521180e-02 -1.778372516218016969e-03 6.124115514096651822e-03 6.520836608069266287e-03 1.411195584870223417e-02
-7.450196584663604238e-02 -1.323588092473924720e-02 -1.304436062992703682e-03 2.644937687456469337e-03 6.316089872836365242e-03 1.276271813478342156e-02
-8.130204272773429441e-02 -8.568757215207327416e-03 -1.166453906773746605e-03 -3.155871124090554652e-04 5.110706651550753904e-03 9.626656578005850576e-03
-8.392974742421918655e-02 -4.421361872602362283e-03 -1.364690742107950612e-03 -2.427912058292231237e-03 3.018503516981237839e-03 5.670260764014265799e-03
-8.291473970030993623e-02 -6.203050055646955460e-04 -1.924151962686667825e-03 -3.266903243405182983e-03 2.966753184783935474e-04 2.130413316972037431e-03
-7.950300087096122403e-02 2.336823737994514916e-03 -2.670128906127808982e-03 -3.040148073296131213e-03 -1.853369167473978806e-03 -2.954241889458031453e-04
-7.418231112929991877e-02 4.221168966491427657e-03 -3.555994276557701908e-03 -2.812694804781394435e-03 -2.941268707665321662e-03 -1.892338185826377426e-03
-6.763995756596427600e-02 5.180583786234139315e-03 -4.492915045760988851e-03 -2.748191048630839461e-03 -3.174438848157179385e-03 -3.390205250003614033e-03
-6.055977422173322577e-02 5.973962353338132386e-03 -5.614673445410464300e-03 -2.179284589369210635e-03 -3.167916606901239121e-03 -4.575759981208440443e-03
-5.374532660019144814e-02 6.683933083489972289e-03 -6.396167220505723401e-03 -1.034234549074168489e-03 -2.969169853712139411e-03 -5.336708151932334672e-03
-4.689488816580065361e-02 6.886137695530794925e-03 -6.069579064262729980e-03 -3.194710385162006366e-05 -2.065439376886409311e-03 -6.662057320698753886e-03
-4.096513510392394558e-02 7.222944798576770055e-03 -5.153764749825502818e-03 7.813431874667789608e-04 -8.241127013393872817e-04 -7.842329679617128513e-03
-3.541588723226680308e-02 7.667003127347363049e-03 -4.483503904656660141e-03 9.840293739600000991e-04 4.660429378225673333e-04 -8.288294185675042919e-03
-3.001879193831738513e-02 8.089384447770849723e-03 -4.313344586099860690e-03 1.300662272488735741e-03 1.276032737564186887e-03 -7.453839573278736412e-03
-2.499996653998832336e-02 8.032917107125253642e-03 -4.410692110894887802e-03 1.782666378380447225e-03 1.410448706131655662e-03 -6.179000640572813140e-03
-2.100049801810358399e-02 7.224284306154639922e-03 -4.238485120559221629e-03 1.699817821580666081e-03 1.167855515272007982e-03 -5.833553873090729924e-03
-1.862654558240577768e-02 6.173718558786516972e-03 -3.643813161662244442e-03 1.101389988778658270e-03 6.967308273998266098e-04 -6.551370458930722354e-03
-1.657734006159829881e-02 5.358452852496046505e-03 -3.036887989742458830e-03 3.583816328586271124e-04 7.749391316069120968e-04 -7.409780352435572405e-03
-1.349790184065811395e-02 5.301888278806416582e-03 -2.999918494270183665e-03 4.940181293040617466e-04 1.265779722701916186e-03 -7.303269896621823916e-03
-9.388762514867476927e-03 5.600367641746784378e-03 -3.273765206428632963e-03 1.415241182485991187e-03 1.973366648063733155e-03 -6.667938382735698159e-03
-5.660513552612739252e-03 5.529818519167783129e-03 -3.314133496879458941e-03 2.331422235324231117e-03 2.317615132974263845e-03 -6.295705345713677702e-03
-3.047382908716137449e-03 4.987780774544277491e-03 -2.925868952019468772e-03 2.775530245791441031e-03 2.294946480760826513e-03 -5.951609876641523328e-03
-8.407906335017687350e-04 4.062591768086151051e-03 -2.393204024205214994e-03 2.830061112322129063e-03 2.314728145401901728e-03 -5.105270285166587686e-03
1.201908678486557098e-03 3.144243603754504849e-03 -1.747767685705976272e-03 2.583394507345494317e-03 2.556308298887242404e-03 -3.985812540457302211e-03
2.710444842083942294e-03 2.374278672934972134e-03 -6.947342361513806968e-04 2.060711619624770122e-03 2.389014575416469315e-03 -3.260097967189058872e-03
3.103984179745506843e-03 2.000670997679248209e-03 5.628944507978028223e-04 1.415581499383247385e-03 1.788650029000342411e-03 -3.076116316242472580e-03
2.720536995150762971e-03 2.073805534158905655e-03 1.461607680492821781e-03 1.012165374129956816e-03 9.064563025681163233e-04 -2.974343248820674954e-03
2.551591262867263735e-03 2.414228521577388518e-03 1.804596129135647162e-03 8.179892036963476356e-04 1.762997670313846022e-04 -2.456753385438894665e-03
3.346771972963030143e-03 2.742575797939580864e-03 1.692631635287714141e-03 7.988250567193968350e-04 -1.947256257387840878e-04 -1.720996653014623089e-03
4.779123878628839528e-03 2.781337264032983890e-03 1.539940182306427608e-03 8.826341382067845378e-04 -3.999412665518367670e-04 -1.054723655681212482e-03
6.136559578179748634e-03 2.647427236644572801e-03 1.507080075577345432e-03 1.159739633107582327e-03 -4.170660920736497649e-04 -6.296676586837479401e-04
7.165569706723239063e-03 2.300965190752350415e-03 1.730610811713691102e-03 1.470584367113605181e-03 -2.813498842754339835e-04 -2.224762693497378150e-04
8.088724129614871181e-03 1.705610425103627628e-03 2.274695801008515782e-03 1.404972177442555216e-03 4.641177780830311669e-05 8.408031184583147379e-05
8.955397864448636294e-03 1.069577548166913061e-03 2.926533759305363636e-03 9.794845363921096323e-04 4.693387995342371277e-04 2.437310750399187653e-04
9.713001918445898081e-03 6.592064329690493565e-04 3.326912349783016365e-03 7.049662923952193776e-04 7.344626014594576131e-04 2.869618964779369345e-04
9.991189380367027084e-03 3.086846757593428390e-04 3.304760644712966509e-03 7.046993976813629209e-04 5.790270109851283591e-04 2.531192414202734753e-04
6.973965471094538751e-03 1.198751282940217766e-03 4.388788196537893077e-04 8.162886322080198506e-04 -1.893651002847711318e-03 5.723363162563643077e-04
7.490572687855432364e-03 1.365020514408400417e-03 4.408426138792260899e-04 1.367731317971242937e-04 -1.607418207318564440e-03 5.298761132131334008e-04
7.795857015118753258e-03 1.104422606277913159e-03 8.020487003859144964e-04 -6.968767844774225026e-04 -1.163846639970942190e-03 5.734744931324328157e-04
7.981708911610718021e-03 7.249611309560961055e-04 1.046883423067556653e-03 -8.588265176686527697e-04 -5.640013320225138217e-04 6.452716287177977629e-04
8.641630974019064160e-03 7.651080404307596724e-04 8.646640648162557839e-04 -1.007271923084950016e-04 -1.160002276851588134e-04 9.378910554747627460e-04
1.021812233270174251e-02 9.384614343407550116e-04 2.701630666514809602e-04 9.394246755457570392e-04 3.112078738118404615e-04 1.359416026024330487e-03
1.208462902018736865e-02 7.842000457274483916e-04 -1.740644799123461969e-04 1.369789489760200440e-03 6.631719444993740536e-04 1.657857561162433355e-03
1.315283296560532805e-02 -6.019227651232504975e-05 -2.122517186922522945e-06 1.226721559916444434e-03 7.694710374680470899e-04 1.547992334513233724e-03
1.246620047088184240e-02 -1.432771153870470186e-03 8.216089634870473455e-04 7.816689747098846475e-04 4.945689086806348859e-04 9.872782568057800537e-04
1.025461247625041386e-02 -2.543791240490540784e-03 1.822336828639514565e-03 3.517843537702405919e-04 -4.382127145713961660e-05 3.240978638149003303e-04
7.899522288062834838e-03 -3.114297643887107506e-03 2.621534406099976146e-03 3.712622471866243023e-05 -5.539808544851967161e-04 1.430174799418638456e-05
6.417661684051147175e-03 -3.158045351794266410e-03 3.152162820065355052e-03 1.365081703261415117e-04 -9.560909372287387797e-04 -1.925546354080644618e-04
5.856174189436432267e-03 -3.136353007007526214e-03 3.446338267630776660e-03 6.233103147751044943e-04 -1.401540659093242387e-03 -4.530116996485793776e-04
5.529135074032206706e-03 -3.003608789478335196e-03 3.476157937165555781e-03 1.514014695805929742e-03 -2.000429113749701681e-03 -4.881400855917914384e-04
4.865341521765220896e-03 -2.408043743894899141e-03 3.159522082976934463e-03 2.337002097479898635e-03 -2.862227637103169874e-03 2.581682341976154283e-04
3.611338714053401004e-03 -1.139330591886579709e-03 2.440553527270495314e-03 2.670575715964644894e-03 -3.467974347842607552e-03 1.285431364277183578e-03
2.510816258246322246e-03 3.708840901981011939e-04 1.382218370344369049e-03 2.666678205698283077e-03 -3.205365714151192993e-03 1.947197576930038369e-03
2.072421575423746918e-03 1.567961259388171843e-03 3.637907508169167890e-04 2.327442588947349969e-03 -2.238328211398362289e-03 1.851957760552442418e-03
2.487678793564170217e-03 2.009573284558461171e-03 -2.355476244568422328e-04 1.989067470738406333e-03 -1.874440806964813334e-03 1.130735703681793290e-03
3.175186073916374738e-03 2.075739444044905069e-03 -3.760387800675648305e-04 1.765316675691607331e-03 -2.046178288815727036e-03 8.268580936461339013e-04
3.620584087782077656e-03 1.832237949873315869e-03 -1.844345772210804525e-04 1.568734584587590589e-03 -2.231940849641957884e-03 1.875184207915273332e-03
3.823674143181047310e-03 1.293908557105648369e-03 -2.717051684155215069e-04 1.328876184390697475e-03 -1.295409535713001057e-03 3.991407964565838427e-03
3.788416442045963381e-03 8.972615932445751011e-04 -6.772192370125472384e-04 9.565913802067788378e-04 8.174742190270910605e-04 5.682245203168623249e-03
3.716799129337957676e-03 8.954774935830111518e-04 -8.114548957886197952e-04 6.410727514744278413e-04 2.759608694557932635e-03 5.252494777057048828e-03
3.990600838814271044e-03 1.235395351561738948e-03 -2.894604228785056604e-04 3.200342224417550849e-04 3.255717067714585661e-03 2.767268832473124100e-03
