-3.770713482974182105e-03 -1.731953502801834507e-03 1.083798762937310430e-02
2.302253397083727990e-02 -1.831876178166276861e-02 -1.408155670489204606e-02
-3.763413872110578373e-02 2.661436128379207101e-03 -6.295020069405851855e-03
-3.942779540083651835e-02 1.289869368217799565e-02 -1.116486631308838233e-02
-7.156982765829713114e-03 -4.178121687878217499e-02 1.704179281256765904e-02
2.721886302025553275e-02 1.592875359787853480e-03 -1.580930606068883804e-03
-3.775796609155367828e-02 1.073864449240446127e-02 -6.529379935031187111e-03
4.084020735019160825e-02 -5.977863997531125337e-03 -3.226398306921505338e-02
-1.420833260368667590e-02 -1.997787160378685159e-02 1.736479869985258634e-02
7.632253383077407770e-03 -3.687903203815696279e-02 5.880499830995060059e-03
-7.978431017319004975e-03 -7.703312258674805020e-03 2.858037143325887694e-02
2.530086952242067977e-02 -6.751977770896312216e-03 -1.160237212348396232e-02
2.802159567780616867e-02 3.477662954317160306e-03 -2.146489830019944131e-02
-4.237625533979299391e-02 7.083119889871149558e-03 1.166112023186543709e-02
-4.122431046436646207e-02 1.498062001255783156e-02 1.164633418861769736e-02
-6.327643668849632780e-03 1.140307785380135532e-02 2.285336615039838121e-02
-1.318541534188566629e-02 7.145920992456532587e-04 1.793447735434539753e-02
-4.931184157193648637e-02 1.347016485647148376e-02 2.157488863415620017e-02
4.061551915870043918e-03 -3.050076327853688471e-02 -8.995206781856519146e-03
6.202747712331406309e-03 -3.502284826519817817e-02 -1.926514289827811971e-03
3.398908256020484464e-02 9.384442612058792321e-03 -5.891709657957737304e-04
1.557439350137153301e-03 -2.840503077151212974e-02 -5.427414123895264904e-03
-3.617607517930209599e-02 1.092855792927591337e-02 3.742667464742591068e-03
1.701082134981949170e-02 1.665521036245840372e-02 8.265293012720198104e-03
-1.467003419955007805e-02 -4.804284082330691555e-03 -3.086295111145490391e-02
-4.133595936286125344e-02 -6.372296804188082829e-03 -2.010731163645916933e-02
2.813118045296450140e-02 1.125009797824945250e-02 5.070554299733640025e-02
1.476658457650042305e-02 9.239382149683571938e-03 4.231585907515764827e-02
1.239744454017422358e-02 -3.284473478910127087e-02 -4.181906544695834435e-03
-1.075869718172092239e-03 -2.821083141778415321e-02 1.649273585347747068e-02
2.624057714137751143e-02 -4.272265296035465156e-03 -1.465723291646844027e-02
7.931460412524779513e-03 -2.304267640323387489e-02 1.125310281982215728e-02
9.844349906002167888e-03 -2.107873112492691936e-02 -7.827195112295308801e-03
-4.402075369468664082e-03 1.085086426784188929e-02 -3.773545169814803563e-02
1.624017327721731865e-02 4.002548612950657808e-02 1.306747323739281680e-02
1.629944888928394620e-02 1.071410694312237982e-02 1.071940781226139033e-02
-4.011755292125082639e-02 3.829640157722633172e-03 3.784761876065971704e-03
-8.407382512857816681e-03 -2.491234502678624924e-02 1.517948552568283357e-02
3.127927941648173116e-02 -1.506332926020908201e-02 -2.704603257402074523e-02
4.401682777218133419e-02 4.784114436594277819e-02 -1.123964452517741243e-03
9.967504043975158878e-03 -2.388730624249370965e-02 7.264334496483808822e-03
3.632858622069447957e-02 -1.233431098305452431e-03 -1.023031373369107967e-02
8.077295260610108107e-03 -2.163523585619418071e-02 3.359931305934455315e-03
-3.592789133644188476e-02 3.809470698997990262e-03 -1.137234399668121676e-02
1.994278571206067191e-02 2.901202910278872366e-02 2.201458753662227305e-02
2.606462159535088974e-02 1.151121770502140998e-02 -1.700181791208723106e-02
-4.924883583987293978e-02 -8.391310294714959817e-03 -1.557110903323008499e-02
-5.142316950964651023e-02 1.429736097659049928e-03 -1.472868620751681228e-02
-5.391332048045094361e-03 7.676743398968502094e-03 -9.398851169237068537e-03
-3.290940922398875867e-02 1.888089749381930901e-02 -8.936117502336375987e-03
2.668162320436094637e-02 -1.179480082484934793e-02 -8.357224273675670570e-03
1.666586970486118313e-02 2.756177017045532366e-03 -1.054247980013016742e-02
-4.767387196279340711e-02 -6.895922661640521093e-04 -1.956919989677189872e-02
-6.769396049847273451e-03 -1.480008110385825325e-02 1.864465768418482189e-02
-5.919983040739151825e-03 -1.353990136584507474e-02 2.843740679050197132e-03
-6.298738994034489176e-03 -2.543076033868613833e-02 1.771549363991526890e-02
-6.473994073981798394e-03 -2.264336604244994097e-02 1.212882679005081871e-02
-4.209114021008634327e-02 1.680575822893606852e-02 -4.333981190474256798e-03
-6.259966954620163788e-03 -2.394669766608916242e-02 1.829984204943235770e-02
-1.119363570482906703e-02 -2.592882382240975156e-02 1.462299378693914312e-02
-3.834036932782935309e-02 2.080258290726707746e-02 -7.410621618605547911e-03
1.006774839109784297e-02 4.103631814244285830e-02 2.764523855870247571e-03
2.322938815009828462e-02 1.014891426697324926e-02 -5.785504054778668921e-03
-3.338287691300387272e-02 2.395945105990660018e-02 -1.428063855934779379e-02
7.668548604878807490e-03 -1.429796447865472157e-02 5.886723315756784390e-03
1.586042615331813288e-02 -3.294313628335096295e-03 -1.858363517477438706e-02
-5.620438175848339185e-02 9.013826768523663935e-03 7.240965659108401082e-05
1.690029007266444575e-02 3.631534322553291432e-03 -2.448271342565358846e-02
-2.611691113630446384e-02 1.461635572480949816e-02 -1.968549790149577011e-02
2.614677352646484557e-02 -5.727969056800305200e-03 -2.529715600597739686e-02
-3.051322538408593812e-02 5.622071946881504814e-03 1.147655804985057981e-02
-4.543896295541081237e-02 9.279787890657963459e-03 -1.787860904552973987e-02
3.763618830322023462e-02 3.237610289426648262e-04 -1.559499425611184792e-02
8.379274276325633306e-03 3.179493603344215463e-02 4.060946277217807152e-04
2.268100592559174275e-02 -3.546751487778572465e-02 -8.635059968643301036e-05
2.240754274612014735e-03 -1.721351984299717905e-02 1.107489188987573686e-04
2.643052221638939742e-02 8.969325853974209270e-03 -4.858736105755485750e-03
-1.314027550485457989e-02 -2.563639627541564048e-02 2.246718278538103672e-02
2.382237788643462584e-02 -5.659846051223808676e-03 -2.045357554247899737e-02
9.074801465286799068e-03 -1.729306601260335516e-02 6.414818168944138276e-03
2.153706520204918401e-02 2.293886256131937376e-02 1.134271220469208058e-03
7.409761199763073222e-03 3.060763754315807758e-02 -3.722631346990678929e-03
2.561624233431610345e-02 -1.936574481609441845e-02 -1.719728157707997931e-02
-8.892152466336173192e-03 2.947231869920611917e-03 2.221249499654148404e-02
5.333396981702651259e-03 -2.850498594989572115e-02 1.355496526934755683e-02
-3.166430497165172164e-02 7.202758099566821878e-03 -1.374790486852434102e-03
2.908908199224093452e-02 1.271254635168519477e-02 -7.582371057048282841e-03
7.263080553411323595e-03 -3.160898156733561032e-02 2.585927291646755049e-04
4.344052998016215833e-02 3.972986827470080529e-02 -1.788034673500716763e-03
4.919474011160686160e-03 -1.782435777819371681e-02 -1.184684546092171919e-04
-4.972972036554628578e-02 1.584279976808245990e-02 -1.026428989277653782e-02
-2.884736310606204196e-02 6.344825646558540982e-04 1.662127261420293101e-02
2.373592949030298160e-02 -5.781928057944177649e-03 -2.553270581374852619e-02
4.757543363261253211e-02 4.260211930321803481e-02 -2.336279195951264463e-03
-4.222715592359347486e-02 1.110490826578563670e-02 -1.515468982314399117e-02
3.327355289591101689e-02 3.939956191363722798e-02 4.584679580463647125e-03
1.465212219103952281e-02 -3.724933222993456056e-02 8.635448310391100838e-04
1.222374293520629360e-02 -1.347218140561037662e-02 3.811532923433719536e-03
3.984635709713975349e-02 3.697695536110355563e-02 2.498025518561202297e-03
2.844019831716369795e-02 1.554654186112615182e-02 -8.892852693761939958e-03
1.484701002225461081e-03 1.471249984848307067e-02 2.175141929395653980e-03
-5.181623792946223744e-02 9.578646862118782301e-03 9.733435174552867303e-03
-3.582571591646277476e-02 2.653122034384061689e-02 -3.971362099663938543e-03
-2.285443560968207846e-02 3.041726601604003918e-02 -1.667325789685526402e-02
-4.045229069943642036e-02 -1.538197305351008846e-03 -2.125277007859014897e-02
-4.795162688985585980e-03 3.641572189917757080e-02 -1.522265367309619949e-02
9.163698236049859849e-03 -1.107551627051004198e-02 1.993625381654805587e-03
-2.734157537147874004e-02 2.597255912766564291e-03 2.958393605010739558e-03
7.160104242132455180e-03 -2.042115867498906986e-02 1.469702366755036745e-02
-2.524733019808313855e-02 7.286136114080557849e-03 -1.168840152359759861e-02
1.225758426274126817e-02 -2.279344116573310888e-02 -5.526061422162316904e-03
-8.944378994252146983e-03 1.843618779994454435e-02 -2.171005470318461070e-02
2.319893480156419788e-02 4.229060304626789529e-02 9.190467177898892573e-03
2.250405189446762211e-02 3.226782821875180673e-02 1.051695257752332559e-02
-5.362293866863933334e-02 6.186104907284602043e-03 -2.050295886826627653e-02
1.181079444031535655e-02 -1.179595005970805223e-02 -1.105452531167999165e-02
-2.828467291143976076e-02 1.278148118538679351e-02 -9.569352744835217528e-03
2.367374002249961890e-02 2.269762398998316499e-02 2.201484678178501977e-02
-6.311679074338395756e-02 2.322941493527847651e-02 4.982492390768453877e-03
-1.212663167858073557e-02 -2.426958494141398179e-02 1.653588202113474154e-02
-3.704588771026512406e-02 1.332308538978049621e-02 -1.419275939463489518e-02
1.562444415217278254e-02 2.257400994261902528e-03 9.329380028628870072e-03
3.692916892037703680e-02 -2.340921124138381493e-02 -2.698048381856017058e-02
2.436600130543429416e-02 4.072621241502073774e-02 1.855347682023119477e-02
3.672451754657610895e-02 -1.168798398125275168e-02 -2.096455285363440016e-02
1.796391459715511799e-02 -1.472887463739458620e-02 -8.507987103956067554e-03
1.779466769996694217e-02 -7.768763586395810092e-03 5.372502284442364114e-03
7.864659848200677636e-03 -1.166921541156367781e-03 8.614838463551603015e-03
2.548832185136991682e-02 -5.271065783397835443e-03 2.481915800713109001e-03
-4.278078572820312453e-02 -9.055630920622771002e-03 -1.864649444357786151e-02
-3.980886664468274994e-02 9.760966431806607224e-03 -4.673682058179961032e-03
6.276553215345713303e-03 -1.051513417628618247e-02 9.423048920357736044e-03
-4.135281779088093024e-02 -6.306295380331954255e-04 -5.792025455999364261e-03
-3.681221995566269761e-03 -2.223441025875123878e-02 5.334599785425536006e-03
-3.606040282389475632e-02 2.476941537110680883e-03 -1.938166549433657446e-02
4.799616401871800091e-04 -1.205708912660813023e-02 5.388371394411534988e-03
2.802889356859644340e-02 3.386801789211513203e-02 1.342791388230165674e-02
3.844064955409116913e-02 3.930109872280931199e-02 2.778735051427595314e-03
1.630711549542991287e-02 7.254873198108701543e-03 -4.113765039495459117e-03
1.340139037363321899e-02 2.157714520500824892e-02 8.283590595751298517e-04
-7.595998958256352379e-03 -2.531292305078936683e-02 1.467803988755997900e-02
-4.670408434309438264e-03 -3.505364769687334403e-02 8.358242658741844161e-03
5.191109418139093837e-03 1.231935500111073709e-02 1.726565136373684611e-02
7.219338068211898427e-03 -9.507493595584819851e-03 -4.294397881771620795e-02
-8.897484803512436050e-03 1.704798120979762743e-02 9.928998193972919835e-04
4.158142184292294187e-03 -3.330126257911000115e-02 9.023507024835765444e-03
3.129361642419872802e-02 4.757174565216695100e-02 1.022347162319567175e-02
3.713819170983736345e-02 1.658757346509750000e-02 -1.216791025593610270e-02
-4.218472376617345143e-02 5.118589161579922830e-03 -9.353298906891835407e-03
1.104811481954397559e-02 -1.073811859082976668e-02 -9.258720228130951427e-03
-3.075821477190910855e-02 1.493422815428764767e-02 3.537567854255939132e-03
3.171293648034501783e-02 -6.992509103038941146e-03 -2.922215669954057043e-02
-6.358819512413575042e-03 -2.886114056011664791e-02 1.357394840631517482e-02
1.717843453674650729e-03 1.627159661374361424e-02 8.471652931572619047e-03
4.021370962239786788e-03 1.812972708994658663e-02 6.918080926630904015e-03
-4.885951690397269224e-03 2.226512593287717848e-02 1.889316384615919928e-02
3.186932911840707067e-02 -7.778477387410703131e-03 -1.625722664161981246e-02
5.011029590313633569e-02 4.747956744012726132e-02 1.060974029210539488e-03
-4.933854383826868917e-02 4.928189438579218436e-03 -8.038869942735404200e-03
2.674822156908631537e-02 -6.967628911137902989e-03 -2.780178432637755298e-02
2.415328157070438866e-02 1.222560618474361795e-02 4.774942860436226511e-02
1.478791652938086197e-02 1.255367545233460058e-02 -1.031475204973140254e-03
-4.428976142445396891e-02 8.082929611528842304e-03 -1.129555035828081269e-02
1.542723510910339393e-02 1.030619184607658653e-02 -4.304595579939370325e-04
-6.312298665548428389e-02 8.283400841771496048e-03 5.250733457973950913e-04
-4.100790870317918418e-02 6.763324786945623494e-03 -1.993598827300696943e-02
-1.241135128878638125e-02 -2.687374328966726442e-02 1.849285933998732340e-02
-3.698945656049514724e-02 5.136870697493845644e-03 -2.336186115599825364e-02
8.511407006507263825e-03 1.506755140363797742e-02 4.970531508473654062e-03
-4.239888317956083674e-02 8.440752325023198610e-03 -7.081462840894359526e-03
2.771785090394420642e-02 5.714928000852113714e-03 -9.932330587978184869e-03
6.856842005147220469e-03 -1.564945535752493636e-02 1.731025453498260397e-02
2.398220465700645274e-02 -2.341298384182926434e-02 -2.250307834253573863e-02
6.724131805212060602e-03 2.685622258072819721e-02 -1.597927391213767312e-02
2.166684310991225104e-02 -1.552669860216729716e-02 -2.057118174598841429e-02
-3.500246132330666476e-02 1.768671754006506322e-02 1.078875915420264044e-02
-4.832600971996536474e-03 -4.330502589887089832e-02 1.039791808812587023e-02
4.431057207076562025e-03 -2.321344813624637293e-02 2.367210746919845218e-03
2.668585227255036371e-02 -1.616193624334136833e-03 -1.882635531913100235e-02
-2.505952696122986170e-02 1.332742060461049663e-02 -1.037613710600064111e-02
1.651037839528261483e-02 1.792363575970086498e-02 2.108771330315820872e-03
1.405644170005988618e-02 8.275883434360250396e-03 3.251028068309875108e-03
-4.337774278419966045e-02 1.222963985389910122e-02 -1.153287807502708338e-02
3.347499178273517090e-02 -6.706354594257507226e-03 -3.922123690643068011e-02
-1.071235642945272092e-02 -3.042330712941070103e-03 2.520545272438566575e-02
1.807252020775706666e-02 3.679016164798241256e-02 9.448837955713161249e-03
1.638317093845566286e-02 1.026845478906647860e-02 -9.280479588819130071e-03
-2.082703124072205186e-03 2.634018596292590775e-02 -1.659291038042032262e-02
-1.186076193757023070e-02 2.764511081898418307e-02 2.980243836875975678e-03
5.185546702114362388e-03 -1.222219181529010830e-02 -2.176708974340992378e-02
1.449736180490520873e-02 2.659813385051443962e-02 -5.192447355921006417e-03
3.163135104589480384e-02 3.222246401589076020e-02 1.051774162107961021e-02
-6.519175239136185129e-02 1.812439674729792935e-02 7.708398648142009667e-03
-2.744239210465001209e-03 -2.230455641003626505e-02 1.126457427685830653e-02
3.735378720419254422e-02 4.407318980043017920e-02 9.719753013084817331e-03
-1.022657342889618862e-02 2.063883172963311072e-02 2.380198574825688387e-03
-2.801531316942677471e-02 -4.302348533329984452e-03 -2.652016604576271086e-02
1.014855143972489930e-02 -4.092454466453668976e-02 6.390413859826956332e-03
1.933989237413753478e-03 -2.965208854647673892e-02 1.965942017964533370e-02
1.231990208225273477e-02 -7.285516610059040304e-03 -6.152675671492757910e-03
2.594264588320792375e-02 1.261911572160530522e-02 -3.595888559002063814e-05
6.316857347700816430e-03 2.345496443242368195e-02 1.130032277595935039e-02
-1.168442331478923395e-02 -3.404092918206286233e-02 2.340012855557897786e-02
-2.651980998057571447e-03 -1.797361828516220311e-02 1.494315168419849300e-02
3.143103467735790940e-02 1.014128040666292981e-02 -1.100316158329631144e-02
-1.975180681096294286e-02 2.607200603309872688e-02 -1.965901007369848241e-02
-1.211754901160379955e-02 1.208396126288338764e-02 -4.305525935702218115e-03
2.761523121325576771e-02 4.626070147028821765e-03 9.727459585354168714e-03
9.764264597058829390e-03 -2.118979893516894850e-02 -1.976345547675209828e-04
3.802893815378487891e-02 -2.665797936266252159e-03 -1.799945202081046705e-02
-1.515977975762790309e-02 5.348066311176620340e-03 -2.036619288408112859e-03
3.463782086954902972e-02 -1.295050195112248687e-03 -1.054755652642274354e-02
1.693471486634665762e-02 -3.658988404576077325e-02 -1.826239213050370389e-02
-5.503062101351999941e-02 1.502929838146329104e-03 9.054731512849680962e-05
3.035091196004338632e-02 1.765595429349772413e-02 -1.236945642011905676e-02
3.374700832517656124e-02 3.660801852517880928e-02 2.154378773328824090e-02
1.868795406348705557e-02 9.604084069638252341e-03 -1.674755886595604912e-02
2.057583352024948669e-03 -1.524215034182812949e-02 -1.272473254581052296e-03
1.864819593877216700e-03 1.440426343666520448e-02 -3.955592831343011928e-02
3.434656337277153249e-02 8.295487347158122388e-03 -1.257424364400859008e-02
2.069756130755850271e-02 1.185055539906627008e-02 5.819708565090469903e-03
-4.487016959501904934e-02 6.885176608575530911e-03 -8.323818388321265957e-03
-4.481975301646531212e-02 8.226312929863924088e-04 -1.051945354069711361e-02
1.387871639762928815e-02 4.834666666479490137e-03 5.237364368367800060e-02
3.346381346263018093e-03 -4.946452133296896925e-02 -5.881231737420345058e-03
-1.564339148970748938e-02 2.431748160187153368e-02 1.087080634008362121e-03
3.026439589442488087e-02 -8.980251414549101502e-03 -2.287461586162807189e-02
-3.374695131011290483e-02 7.454730085473041529e-03 3.800472312067676439e-03
3.913563031927089209e-02 4.958974883308463893e-02 2.513419141895382840e-03
-1.521179446836973780e-02 1.606306841317536871e-02 5.972988148652093494e-03
2.215525757107151064e-02 -5.630797070135236480e-04 -7.746081232680742876e-03
-1.259739502011227551e-02 1.421543727907584147e-02 -5.952599061102723833e-03
6.157196767097934849e-03 8.621339319036620472e-03 4.201137769291724694e-03
-4.274921569976860951e-03 -2.395300464464768589e-02 2.291205216955407784e-02
1.876026998881630617e-02 -4.757923908780525499e-03 8.283193292989649362e-03
-1.064564783533128792e-02 -2.743957302253464264e-02 1.116117309052121892e-02
1.588293483894197625e-02 1.488628494206624756e-02 -8.468197628594307039e-03
-6.101359238483158344e-03 -1.916422816021624495e-02 1.069495268546467523e-02
-2.177019990418220530e-02 1.985268833274091496e-02 3.108691011113713914e-03
-2.555416022113468633e-02 1.526767696144605557e-02 7.113033766573313016e-03
1.857024450149966435e-02 1.293567880519817109e-02 4.394058350816391206e-02
1.933432553311457622e-02 3.547620959028483824e-03 8.955207968825034163e-05
8.412528526916440014e-03 -1.933913364010397123e-02 -3.813908119421402423e-03
-8.976742338970101565e-04 -4.197748794458064370e-02 -9.526729004974462955e-03
1.469253060478242084e-02 1.358322289538699441e-02 -4.108925473188772270e-03
2.622118495061573698e-02 -2.586162468728105471e-02 -1.836426065537587887e-02
1.263653886447010759e-02 3.758172300158684094e-03 4.646130766772478028e-03
2.854970983811455990e-02 -1.760847432305717329e-03 -6.326692818745507235e-03
8.376620670562899898e-03 -4.376682393848051189e-02 -1.171104597829770826e-02
-1.692395383080136720e-02 2.066360760114161615e-02 -2.532102068321204907e-02
6.201837459368305522e-03 7.195516122805307481e-03 1.404995603112429645e-02
2.216272866819938344e-03 -4.227116243819661195e-02 1.213968219205653447e-02
5.399779031623782970e-03 1.184838138300273701e-02 9.276318952811144630e-03
-4.130290966292674698e-02 2.637282134906349107e-02 -1.453273731813344190e-02
-4.128249645268740331e-02 1.329227233931990285e-02 -1.660502982998754342e-03
2.946826574055444806e-02 -8.767796045685269379e-03 -9.699470928024716068e-03
1.548625556992642635e-02 6.094993085418705034e-03 4.869571660375003608e-02
2.089720775583291112e-02 1.523037155449870296e-03 -1.773028204838553862e-02
-3.285933249678508333e-02 1.806199192879107129e-02 -8.163681700071524078e-03
-3.714130495608215093e-02 5.670114151539587706e-03 2.179036868135778016e-02
-1.042928347265099920e-02 -4.442447598604571529e-02 1.272119376354510084e-02
1.492056857459774476e-02 1.312358983197410567e-02 -3.814642592800380431e-03
9.466055684397040038e-03 -2.933621396998773237e-02 1.462657508456490472e-02
-1.219598504440166757e-02 -5.759055500565274030e-03 2.324455163571130176e-02
-4.309220593501771751e-02 1.187886042713535810e-02 -1.225013136163894713e-02
3.501013119577330718e-02 9.572575978054968446e-03 -8.249063954989872827e-03
-8.984487997759343231e-03 -5.167272950062000089e-03 -4.078838701277706690e-04
2.108967442826294170e-02 -9.740713823393334220e-03 -2.406366989098216932e-02
-5.408625726270553657e-02 6.615308313912907252e-03 -6.083861278956784191e-03
3.195901957385622466e-02 8.379886296167909226e-03 -1.806080248873807859e-02
-4.609864708504317343e-02 -1.382931241891746004e-03 -1.635107566494268735e-02
-3.833575832297310155e-03 -1.489128003991260253e-02 1.430814755067892283e-02
2.670161125537512045e-02 -1.640480271924590547e-02 -2.481019537179975087e-02
7.408666707518512043e-03 1.261888561810515716e-02 5.434979230931383763e-04
-9.137266657847931952e-04 -8.641608610506255200e-03 2.780991889112026036e-02
-4.362399717061866966e-02 8.456071384421087744e-03 -1.190953024893717099e-02
4.485744290122451079e-03 1.188335017229134351e-02 7.767513220950979062e-03
2.240773886491216962e-02 -1.739642400805387068e-02 -1.416049860426760350e-02
4.109657059274893220e-03 -2.396246931551778564e-02 1.166446612239719835e-02
-7.945237285822165374e-03 -4.084249872629522327e-02 1.771701311942796772e-02
2.971157113593039800e-02 -2.221260699770082406e-02 -1.978928062097487506e-02
1.083205823836298244e-02 -4.430770313766810992e-02 -2.330352432880985342e-02
1.254773310734734644e-02 1.002126566724713397e-02 1.387831089618482084e-03
1.483650340700251591e-02 3.844717406453980468e-02 4.533886743382196938e-03
3.030636625493248956e-02 8.190759954134232274e-03 -1.527739686150207839e-02
2.111502591008010063e-02 4.937398454275198148e-03 -9.087934638370823853e-03
2.379680914776729963e-03 -3.522380910142734745e-02 7.511805420087157639e-03
-4.107789008486731341e-02 1.297924019247065006e-02 -1.640113837947230341e-02
-2.352733259096613516e-02 3.027257971886151283e-02 -1.897944970186702177e-02
-3.618575897188354169e-03 -1.178220675623036472e-02 1.677963470149603994e-02
2.188195000528073662e-03 -1.715734572381683032e-02 5.628088397373568787e-03
4.553966441991174133e-03 -4.564246074396075448e-04 1.032663410851513731e-02
-7.050049367193103600e-02 1.345404657050640676e-02 6.323754858104545760e-03
-3.547355400714635731e-02 1.129297742126912987e-02 -2.226916149524870922e-02
2.185456015714526065e-02 -4.869205955580753996e-03 -7.630875426474856803e-03
5.598181915683268089e-02 4.498311889404429248e-02 -1.697548388812404043e-03
2.282071201148169054e-02 1.319303279516991639e-02 -9.375704167788994833e-03
2.657807789839254295e-02 7.754576945397569261e-03 -2.079171288749603885e-02
1.668068179426473660e-02 1.686620204496980593e-02 -4.287482863252345053e-03
-5.369425732290775133e-02 -3.177070562911223431e-03 -7.244063404537098502e-03
2.038716743558319569e-02 9.613762972406288826e-03 7.627348095637771080e-03
1.663105276966339932e-02 -8.100936712567579148e-03 1.685138805749481286e-02
-2.741306446080136669e-02 -1.006587268828904209e-02 -1.998041361953962688e-02
4.093622343408227088e-02 4.241932287546315572e-02 1.151583309097398795e-03
3.402350215944899281e-02 4.143318268637238844e-02 8.123775358717985617e-03
4.145327500553666611e-02 -1.243471026102006089e-03 -1.583893263581626076e-02
-2.375732660893060955e-03 -2.081284477742812583e-02 1.422284520320888680e-02
2.786073981287663995e-02 2.290069841963686317e-03 6.968151440186446874e-03
1.032502382331611712e-03 -2.216743248180387191e-02 3.265111693634173331e-03
2.898004462415646604e-02 3.656404487410819248e-02 2.044340136903861904e-02
-4.097241893268579321e-02 2.290056197627072642e-03 -1.198682496521193477e-02
1.477551769058321231e-02 2.836734906149494806e-02 3.514512823834367063e-03
-3.331534661394668778e-02 4.318653192019653204e-03 1.919386804180577000e-02
2.366640982222359066e-02 1.918563899709955925e-03 -1.208573310223296643e-02
-3.729879291458485131e-03 -4.206975342831875686e-03 8.312618219262110988e-03
1.866124822049716053e-02 -2.134531350472106473e-02 -6.755872827737870873e-03
3.684897217381220141e-02 1.890887990480770095e-02 -1.751671949959004992e-02
1.862286436673491960e-02 2.250132709188590666e-02 -1.638405607922818752e-02
2.871064461133618004e-02 1.943835683915623447e-02 8.792933580402142318e-03
-2.102368628216830086e-04 -3.609924808622633208e-02 8.460533244036826453e-03
8.048952099513640226e-03 8.241463663258528916e-03 -9.229189829025617742e-03
2.705949724951688465e-02 -7.446426735535731194e-03 -1.586484753030627595e-02
2.270166526587382577e-02 1.290725894967578507e-03 -3.499048756034347585e-04
5.741075419974458853e-03 -8.288509445891206881e-04 1.931997519214887979e-02
-2.541539484466609836e-02 2.965866867792936110e-02 -1.047650408061019840e-02
-7.551090186107232809e-03 2.196479353542473562e-02 -7.520007784313432336e-03
-2.691600696357676105e-03 4.125210176429385672e-03 2.620131699828275387e-02
1.739047718796626896e-02 -3.319448772081248344e-03 -1.724049819463916930e-02
2.024395865055599736e-02 -2.027725746712072050e-02 -1.653197913181821480e-02
7.849267699329885717e-03 3.163620889808579917e-02 9.425962074473824212e-03
7.941725160925084195e-03 -2.245151731410350779e-02 1.242189052772259793e-02
-4.665461056587964783e-02 9.384554791643543933e-03 -1.788753635765167813e-02
9.160134309911664371e-03 1.369258158085515271e-02 2.813514876457221068e-03
-1.312461044332573039e-02 1.421241803419157112e-03 -3.170250911205721445e-03
2.387333458780872136e-02 1.663124365475672495e-03 1.242523063616365886e-02
-5.135884239825958680e-02 1.684646248573839003e-02 -2.051713746871959218e-02
1.498898650423743407e-02 -1.688162067439125114e-02 -2.094822277615539241e-02
-3.597524174692295906e-02 1.286036603917284707e-02 6.014760347384237767e-03
7.074563773631204313e-04 1.937853512241342543e-02 1.186335271609865842e-02
2.678429613410193266e-03 -3.933869161406510981e-04 -4.800993174752546562e-03
2.692290556702489623e-02 -7.379816769725698090e-03 -1.855337567642147828e-02
3.151860933108779905e-02 -7.768616130130707315e-03 -1.872747915035119157e-02
4.370433734657240381e-03 -2.764269808782296098e-02 9.122371223897723924e-03
4.375961610882376368e-02 4.294498828837612497e-02 2.377343816095502018e-03
-5.941299996766492841e-02 4.492932454744087809e-04 -9.651473051299933742e-03
1.083686100335040994e-02 -2.669173261333222455e-02 8.249040777806852798e-03
2.753758551211009722e-02 -1.654062278457688094e-03 -8.425715853580080170e-03
-2.760393121012759150e-03 -4.018030631595320007e-02 8.797720845092501379e-03
1.043875029733594938e-02 1.845471121725014360e-02 4.829333522220941727e-02
4.095785999782861758e-03 2.469096220402307654e-02 8.552330262652183338e-03
-3.038264902904008746e-02 6.395444165368757011e-03 9.225482576852126089e-04
3.317128472852126642e-02 4.109250895289862787e-02 1.138075981883899732e-02
-6.648621610457591119e-03 -7.150480406675371187e-03 1.947612442536838726e-02
2.160601229521395827e-02 1.148112043421319929e-02 -3.732595610057808534e-03
3.226181930087308660e-03 -1.423057622577775932e-02 1.839164994883335166e-02
-3.339356424261420014e-02 2.014864618220559359e-02 -1.444345171664267527e-02
-3.566601231849388792e-02 3.452831874552902709e-03 9.723920081644755672e-03
8.864829266219315107e-03 -7.039772093197317615e-03 -7.332798233921660651e-04
2.947016490572941169e-02 -1.539302040069196083e-02 -1.134450066901659601e-02
-8.114657546931389881e-03 -5.871395529893514223e-03 -3.861357231756313430e-02
-2.704537613657332848e-02 1.064633240874537402e-02 -1.117566062369976937e-02
-3.742898599652444425e-02 8.432313155520839570e-03 6.207008575772439895e-04
-3.600306301738166737e-02 1.009483853414512924e-02 1.151158819164750657e-02
-2.941264496161747396e-03 9.659045242286853558e-03 2.980430262075960471e-02
-2.478554809689545446e-02 1.816537442933400734e-02 4.899096370302846032e-03
1.892541857985888254e-02 2.088199687865110316e-02 4.067927902101891452e-02
1.761349205372097007e-02 -1.015146342118379390e-02 -1.339829476346914190e-02
1.655083685704056978e-02 -1.323472329641846648e-02 4.401516950828620982e-03
-5.309129683895302820e-02 -1.509138445824117570e-03 -1.270634537000473255e-02
-1.996968853950047140e-02 4.633855089156257122e-03 -7.749990763753936834e-03
2.652447949305664077e-02 -7.682427178894679805e-03 -1.793619602487006581e-02
-1.884664863315521979e-02 -3.910411168507387653e-02 1.939172730255139462e-02
4.957232653814064088e-04 -3.316540119908676504e-02 -2.070249897929691760e-02
-4.340988037548608458e-02 2.606136413289846356e-04 -1.424116192555995725e-02
-3.573331186497367366e-03 -1.806597578278138286e-02 6.772431917194807714e-03
-2.328752695735535408e-02 2.029626532161818431e-02 -8.749617412499756039e-03
-3.143939434530027520e-03 1.870894518250286985e-03 1.970938415757168480e-02
-5.169975005861328181e-03 -2.863979856491391529e-02 1.282531555291864002e-02
-2.940878633630934075e-02 -2.294677364221829954e-03 -1.030615057906436420e-02
-1.061217414178126754e-02 -3.635350811207539723e-02 1.649076430618074893e-02
-3.748056520024274640e-02 5.992760140686105748e-03 3.958483278858432493e-03
-4.466966493741241634e-02 1.158419420443253939e-02 -1.688525479267450821e-02
1.003014235590340454e-02 -2.166534358003453439e-02 7.574489759864559625e-06
2.001382668222176364e-02 1.254866586991410828e-02 6.971772834456114662e-03
-1.790134001727871141e-02 -1.190442833101965428e-02 2.314155186354606430e-02
5.177753019547940740e-03 -2.091526934242303806e-02 1.265304519153746116e-02
1.742811171403471637e-02 9.819076611654072376e-03 -1.766938175825771709e-03
2.424116014011538055e-03 7.799280051938335158e-03 1.785217044670641545e-02
-2.531220866404199077e-02 2.396341558860420537e-02 -1.023281536910840110e-02
-1.023490880051450627e-02 2.549370507129638738e-02 -4.406034800349724074e-04
1.895285625303153726e-02 1.009662624773524642e-02 4.763337396049362182e-02
-4.289556074826939708e-02 1.226206828855684432e-02 -8.098994724056169173e-03
-1.784658508543920594e-02 5.442597882562165250e-03 -3.313151370856341586e-03
-4.197391311374185086e-02 4.222569967409365958e-03 -2.681107021331773869e-03
-2.440747385434316463e-02 5.014496052320785088e-03 3.252732461243233427e-04
1.303538473963167937e-02 5.022766468956281483e-03 7.816344139826481366e-03
-3.018824708710839393e-03 6.715808429223574412e-03 2.780714230685659566e-02
3.478215693458405755e-02 -4.204340867688900751e-03 -5.429284376402957780e-03
9.543724557305259190e-03 6.001427118686225928e-03 -5.522998655941023169e-03
4.832074328980350561e-04 -4.068334536171346744e-02 1.266224979876057199e-02
-4.657193612750794125e-03 2.188969866899250633e-02 7.630141247246468097e-03
6.655442092569567591e-03 -2.767368917685265536e-02 -2.293638117608228031e-03
-1.328426366987042230e-02 8.732191605070036000e-03 2.925623314007301523e-03
1.485628435775682155e-02 -3.898728594101595613e-02 -9.855153254157051484e-03
-1.128067787520969402e-02 -9.035064192861290075e-03 1.889942899296891479e-02
9.867096565080973880e-03 1.680148961884828096e-02 -1.000347422581937019e-02
-5.603236663196412004e-03 -1.568278157832305245e-02 7.979782491209433740e-03
-3.152696967610496559e-02 3.035091650308866396e-03 4.863605956621403631e-03
6.339379657091354439e-03 -3.733713498943128789e-02 -1.511570610023786317e-03
2.670083004026057010e-03 1.849788710744816253e-02 1.653956594817698744e-02
1.794070356635352583e-03 -4.028779218105219689e-02 1.562373816497646334e-03
-9.054390406076995648e-03 -3.945123875528640939e-02 1.276415782916235329e-02
1.858505292680619203e-02 -8.125903267614125597e-03 -9.480462730771337804e-03
-3.827503556065403687e-04 3.349682736325802399e-04 -3.934822078279862773e-02
1.065699257108464193e-02 7.839111310351008083e-03 1.320224183338502590e-02
1.754706838764100857e-02 1.511527235926424934e-02 2.084072576224127134e-04
-4.760292664486165393e-02 2.580984453719792349e-03 1.918144336161820007e-02
3.509149152484827752e-03 -3.670542635837475282e-02 -1.174720620624731052e-03
6.579658522221566719e-03 -1.488743072915285973e-02 2.074690616367508809e-03
-4.117013214668889531e-02 -1.660975468667233142e-03 -5.885965587162869488e-03
1.904285407947247169e-02 -1.709326248634912560e-02 -1.245913310546570112e-02
3.823132416888620766e-02 4.750582622622101514e-02 9.814980244143949040e-03
-4.037018699086260265e-02 -8.075716374722999302e-03 -2.456005301827265605e-02
2.841750228484701823e-02 -3.239803314869524418e-03 -1.075052688826675165e-02
4.232519193835869789e-04 -3.347985605423051125e-02 -7.171296955075513214e-03
1.874485766157045832e-02 2.034004801921117031e-02 -1.179651619753052140e-03
1.550000737323478997e-02 -8.910006636920222989e-03 -2.126762097822718078e-02
-5.371916735580442581e-02 1.390978251265841212e-03 -6.750388361742054241e-03
1.482175306549147250e-03 -3.837956361646072123e-02 1.164475398749146781e-02
-3.569541214376811128e-02 2.219221767367925667e-04 -3.356928633536244294e-02
-7.024210673987804632e-02 8.107836837046468806e-03 1.273650661183982347e-02
-7.148466787643045425e-03 -3.361867085811184874e-02 2.000967441518972795e-02
2.063784371469862614e-02 -1.378564943103047571e-03 1.107686966222776875e-02
4.194857144774766233e-02 6.947572849222360784e-03 -1.705310068100440724e-02
1.850673003056711036e-02 7.359268946086628717e-03 -6.443706094075797933e-03
-5.997646265464996046e-02 -1.237000165488978567e-04 -1.239490224053064159e-02
-5.955309306624256838e-02 1.723611430564539124e-02 -1.558870187062821704e-02
-5.763874773911110277e-02 1.966544715501618648e-02 1.119145751510201674e-02
9.809152637023062574e-03 -2.411435445148968348e-02 5.196431299983983454e-03
-3.325438362417715288e-02 -2.747095418952960177e-03 -1.326949237944648544e-02
8.064382306707890136e-03 -6.387288463348386215e-03 -9.718215470848246993e-04
5.140599605461912414e-03 -1.999554381416969798e-03 1.322317783509173623e-02
3.338137154641805660e-02 -7.144001147802163387e-03 -1.553132252855829107e-02
6.496809057901570782e-03 -4.795566565397951092e-02 -1.208643213015083567e-02
-1.289673276559226076e-02 1.312414103123562235e-02 4.983333776962160788e-03
-1.564553713925670095e-02 -8.462347901527157018e-03 2.146059283350915461e-02
1.742618502323705493e-02 -6.905415819342316033e-03 7.363864902286911332e-03
-4.866362279849908296e-02 9.333223574468977463e-03 8.568520978106281341e-03
2.745778083502961944e-02 6.309023500443471794e-03 1.804182734072171199e-03
2.231896983573044765e-02 1.569727265307810024e-02 -6.759124008658737824e-03
5.696623280561921403e-03 1.482823522056357646e-02 -3.159247731637312810e-03
5.626472879702220341e-03 -4.570808776977660151e-03 1.573269034938681171e-02
1.478222880041554993e-03 -3.175338424939926768e-02 -1.548774137275171249e-02
-3.507384388483450466e-02 1.113978851476098847e-02 1.176710587843134495e-02
-1.334919321668218703e-03 -1.730089853925590934e-02 1.264417670597479774e-02
-3.630608431395106889e-02 -1.319469360028758045e-02 -2.814466195801603246e-02
-2.013461588543416503e-03 2.337195178065759257e-02 -2.944344485722495425e-03
-2.240234696227315012e-02 -2.578186299028239342e-02 2.523498008581391214e-02
2.583790110953268493e-02 -1.046532242576141830e-02 -2.275130877727914516e-02
3.133796092515962663e-03 -1.605390259942820683e-02 4.108864455732939500e-03
2.203035422531943177e-02 -3.026824490652413237e-03 1.779024670353049689e-02
1.228201419782441219e-02 -1.978795006258129985e-02 4.404381258692059709e-03
1.435576632564792947e-02 -4.365075823650897864e-03 4.230864907825314034e-03
-1.782111320891003464e-02 -3.256856979283680176e-02 1.276556481814519924e-02
-3.952350798782131719e-02 1.689862548020978558e-02 -2.392497283635269345e-04
1.679351886782646380e-02 7.129564902494514578e-03 5.121293776864845743e-03
2.767150329167488917e-02 -1.687649770227766730e-02 -9.522978747758401724e-03
3.443730521536987610e-02 8.194533970155089449e-04 -1.456387461532598383e-02
1.828750329234544655e-02 3.081447453076929452e-02 1.139309414900059256e-02
2.863234961894006031e-02 -4.361533781402381939e-04 -1.649726585359751613e-02
4.570876012974815772e-02 4.549117918848140894e-03 -1.839425487863417807e-02
1.246481252740321011e-02 -3.643591555418328187e-02 1.132746457119489410e-02
-3.759064494189194670e-03 -3.942288328342084813e-02 -1.254946555248344711e-02
-4.480587401597051038e-03 -2.685544888357385002e-02 3.815706739095121782e-03
-1.037826957906006452e-02 1.507204153850741498e-04 1.917319475025064043e-02
-6.169224991317462381e-02 4.309817976259949258e-03 2.392833498610408196e-04
-3.876351889726699362e-02 1.944725151867588916e-02 -1.090644872754714320e-02
-4.872697137006456319e-02 1.536248335612500245e-02 -1.536742717658863555e-02
2.701279687609805386e-02 4.102408547978642767e-02 1.165834462293255554e-02
2.549374734172333776e-02 -1.250935039233683210e-02 -1.723073134518197588e-02
3.022945667061226194e-02 4.079371290663548477e-02 1.874836326282467922e-02
-2.420860572771884114e-02 1.345596491803413390e-02 2.825128164818287591e-03
2.194011937279618379e-02 2.645976949060232716e-02 -7.978946080031664237e-03
1.799172102046343175e-02 -2.630651779256105993e-02 7.096438328387682550e-03
2.381283716783705665e-02 -2.241383622698144701e-02 -1.532865432424436805e-02
-1.337728793069085063e-02 -1.360369847841154042e-02 1.902089919142208041e-02
-1.968138828628718077e-03 -3.726870893491242981e-02 -3.319685527921163119e-03
1.433983563054196629e-02 -1.809940185352233721e-02 -1.693197109113391691e-02
-7.972501571173419219e-03 -2.463743435181972585e-02 7.995667313874146864e-03
-2.929629974427265873e-02 2.428707142871971980e-02 -1.327132894385322018e-02
-4.634499060423700328e-02 6.156408718270329648e-04 -1.194872798507853710e-02
-5.796163111993470063e-02 -2.470118448684370353e-03 -1.744608810700075049e-02
-6.629486808390927521e-03 -3.353193777294972977e-02 1.245322289266456370e-02
1.366265716061640552e-02 -9.569082769188549248e-03 1.199843710548477958e-02
-2.042078266304808709e-02 -1.560984141174093752e-02 2.017526625246596900e-02
-1.385184939589942116e-03 -2.237992616505454085e-02 1.777918761110171969e-02
2.551910618072578477e-02 -6.307547916661130835e-03 -1.801399384562896167e-02
-9.810835814081111939e-03 -1.198818524798297286e-02 2.205165619350953413e-02
-3.698644393753405379e-03 -3.701586060015450708e-02 1.305905905469635121e-02
2.830217193397989439e-02 -1.510966588346938097e-03 -1.907469015468907930e-02
-1.761434785221176538e-02 -1.588784316640675038e-03 -2.633472063943446267e-02
-6.381902308840349189e-03 -2.380237897728134169e-02 8.512348341191716683e-03
2.007604341783966219e-03 -3.821690180421023764e-02 -6.675175652964002518e-03
1.617158112458950969e-02 1.187884855989159404e-02 1.161200741430553143e-02
-3.818293167954478484e-02 6.350106689180508128e-03 1.084002394443342107e-02
3.221677589790746671e-02 1.254040459411488208e-02 -2.032982215030132433e-02
3.092536739402811097e-02 -1.101774218036511398e-02 -2.219193295032276594e-02
2.023794152880415906e-02 -6.827644579214942402e-03 -1.227297638384718115e-02
2.343317264560972404e-02 -6.661930315214590476e-03 -9.822486920512293190e-03
1.211617686106567816e-02 -3.610454138556129598e-03 1.721491872251659436e-02
-3.735098983907940429e-02 1.090207915559496948e-02 6.902296023514804292e-04
2.004398517874753441e-02 6.272979841342853167e-04 4.684766196367716289e-03
3.372833736637732838e-02 2.747331026991822397e-03 -1.294627129574754329e-02
-3.729639652734365735e-02 8.246613979586876753e-03 -2.450986817701193807e-04
3.734405294656116536e-02 1.547447393573070720e-02 -9.196077314475109565e-03
-1.853792376322961968e-02 -1.048976242854650527e-02 2.456789762570940269e-02
-4.168055518817132530e-04 -3.797674745508707733e-02 1.220614282727016005e-02
2.713391168091708328e-02 2.426018793811714116e-03 9.697957390829372443e-03
3.725950417618735522e-02 -5.799583988700522143e-04 -3.498839690028261642e-03
-3.774145587284905706e-02 -9.285771707788033000e-03 -3.003867682834444192e-02
-4.535954461647945593e-03 -3.993805493706842347e-02 1.700502808168815813e-02
-8.449707917603070662e-04 -3.916178423731820485e-02 5.686580949492383262e-03
-3.662098687636346911e-02 4.184362563643108379e-03 -9.031203801440665369e-03
1.064052321473836667e-02 -5.735159945974954709e-03 -1.614149977741477851e-02
-1.390438613127907390e-02 1.894485493395931322e-02 8.594198644839838586e-03
1.477153329674044113e-02 2.440722748543414089e-02 -7.396327021532691712e-03
2.237853256488002429e-02 -1.849447310396737376e-02 -2.681610982792667630e-03
-2.883139630917197840e-02 1.560994057993030613e-02 -6.798145605463889324e-03
-4.461839603449675035e-02 1.902096250726774407e-02 -7.387691996234987783e-03
1.377073358945254261e-02 -7.646567698474599287e-03 -6.810010780299393697e-03
-3.298613611545246627e-02 8.092345905535102552e-03 -4.778016770358753731e-03
-1.686864036486694640e-02 -1.881283398553143050e-03 -3.063479240227274386e-02
2.202728866915617569e-03 -2.033114471960127331e-02 2.889885779990920400e-03
3.295251456165430165e-02 3.389164120942511280e-03 -2.723244241035762542e-02
2.590086138211457334e-02 2.905527414684570472e-02 1.182741109986708977e-02
3.648531402912568583e-02 2.663168329793359768e-02 1.134084802491048399e-02
1.952838873181426960e-02 -6.869257082020116534e-03 -2.483326038663534463e-02
-2.278988462881074636e-03 -1.266415389752732247e-02 1.436234787387328724e-02
-6.205145629785267141e-04 -1.430168947709776518e-02 1.899986742912657817e-02
2.243216543362474419e-02 -5.969891475846207662e-03 8.537632967405207234e-04
1.187415142565675583e-02 -5.074966964743506809e-02 -6.330973971329308808e-03
2.141659880502029892e-02 -4.570178440356622630e-04 7.690069088086844140e-03
-5.289598318977607044e-02 1.969100704384603093e-02 -4.391106865148362327e-03
-4.456585215246616077e-02 1.121506945322557278e-02 -2.644630258525354841e-02
1.897004199916754730e-02 2.752512405714029400e-02 1.642534152006517451e-02
2.545190702198829938e-02 2.560801087332248427e-02 1.298922388401006246e-02
-4.417890271150784476e-02 5.613089846128292357e-03 -1.363610918339657092e-02
-4.125732311311710448e-02 2.114678043149284883e-02 1.291892145811192327e-02
8.885981902999690041e-03 1.269241927534028262e-03 1.085184393263215023e-02
3.004644100326870834e-02 -1.750408943066087851e-03 -1.763910579509198398e-02
1.544669072585027475e-02 1.621240289872682983e-02 1.360458278213911437e-02
7.706521952507034215e-03 1.336839115621131502e-02 4.056817616542827964e-03
-5.747723378759592855e-03 -2.152248579440487614e-02 2.281792626226259151e-03
-4.062300952463000422e-03 2.825191488663102157e-02 -7.004351086172770115e-03
-4.883785966351492785e-02 -3.153739647081839955e-03 -4.258168127692424018e-03
2.088192956680209010e-03 -1.045293054895488939e-02 1.246535348925742123e-02
1.773572393703513189e-02 2.920300216908983115e-02 1.236582203175496525e-02
3.628063497320926922e-02 3.567050361542570963e-02 1.337516089257466401e-02
2.657401733888947737e-02 -1.205668322778870490e-03 4.615935068604329512e-03
1.772088468476033796e-02 1.078268178980843883e-03 9.767800524631427804e-04
-1.062972555578761864e-02 -2.087289063959039265e-02 7.952909253360380612e-03
2.523606589555668286e-02 -2.354130706745842169e-02 -1.446272311135416919e-02
-8.220181651479495366e-03 -2.949710639333470372e-02 2.380900939594188942e-02
-6.244025732836646671e-03 1.421084145762245348e-03 2.177055358547380984e-02
-4.775846918386101453e-02 4.673737549158757387e-03 -8.255568740284689039e-03
5.458170984259060575e-03 -6.703694145584488534e-03 1.301980622572143642e-02
-1.170206262992350837e-02 -9.150668418182895253e-03 2.286374038072139583e-02
2.015519347922804794e-02 2.954168517718515699e-03 4.736610028040977999e-03
4.717947170918484340e-03 2.231917722583151662e-03 2.110526029113593549e-02
1.942314466776751819e-02 1.366187880656466631e-02 -1.171719191515843694e-02
-2.620062147811363235e-02 2.429568793837539546e-03 -1.872797857231983318e-02
5.054323978805588986e-03 -3.243434664473623941e-02 4.084350742273951118e-03
-4.990635242661619481e-02 9.119680172332457133e-03 -4.196743075444943002e-03
-5.257838280974113515e-02 -7.919631336412449006e-04 -1.536625839327109347e-02
1.420624830656666560e-02 4.100174592054717237e-02 7.047295933158601901e-03
-3.310605196898565913e-03 -4.687359226594661754e-02 1.770370930993186639e-02
-2.933846566983187507e-02 4.655537250921898233e-03 4.002205669426604426e-03
1.572832011190622437e-02 -1.496309128373152740e-02 -1.507687828540164345e-02
-4.435625084478932861e-03 -2.271636424779448910e-02 2.525080448973249930e-02
1.307530773178025053e-02 3.818556362090575265e-03 4.116284212977790180e-02
2.214645106087884466e-02 -1.851434711738645864e-02 -3.481804038965575360e-02
1.743534073572742399e-02 -1.086786755514912786e-02 4.070328090021732917e-03
-3.974706912153550681e-02 1.256696480062940990e-02 5.580644118443569245e-03
4.186558778458489977e-02 5.232519380557713873e-02 -2.811523049543314997e-03
3.271278705586590924e-02 -2.745731556980547661e-02 -1.823772905294398020e-02
2.192313173927279771e-02 -1.608592179694352114e-02 -4.402658570928921593e-03
-5.646536495617607287e-02 -4.016795502508762987e-03 -1.074884832869642433e-02
-5.090566995290638636e-02 2.533588381301178638e-02 -1.016165783196730163e-02
-6.885339253783871738e-02 2.180632997236938916e-02 5.483565062232720853e-03
-3.755540899196573891e-03 -1.755232728186539859e-02 2.111941860664061366e-02
-1.817698592414082603e-02 1.248125771673892249e-02 1.175630830081632501e-02
3.054473307677638833e-03 -9.360308015364745410e-03 4.837616385689155404e-03
2.617072652308475439e-02 7.412925243720914006e-03 -2.186605222020264038e-03
2.457979396694561208e-03 1.886745265796242743e-02 -1.565105006529587646e-03
1.099834478557948879e-02 -6.464607778379615356e-04 7.520611768327011351e-03
-9.491823098865540681e-03 1.128011862508140374e-02 4.857764343644193489e-03
2.481729461007648949e-02 -3.869169015066696582e-03 9.200975508579964726e-03
2.277610396926109827e-03 -3.768995403703168795e-02 7.735698015193091630e-03
-3.067264855583110017e-02 1.530079479573966117e-02 -9.333439491972735785e-03
-4.291967789020315386e-04 -2.895815609711192146e-02 7.243020657470892153e-03
3.525009590668843479e-02 4.937037868734631130e-02 3.655316088092774862e-03
1.411247574667359901e-02 3.150224980589440282e-02 9.447615928547314912e-03
-1.837652564047457041e-02 -1.608618642786674826e-03 3.482586338571867345e-03
-2.775348715411525211e-02 6.223477257597796221e-03 6.568000766856484617e-03
-1.843313420028360947e-02 3.539093254670858286e-03 -2.506240539542846455e-03
2.862465635239276347e-03 1.585862875410172512e-02 3.447969461301997416e-03
1.636883766412538729e-02 -9.637237771322823207e-03 -1.543040394547702185e-02
-3.094251324163892897e-02 6.390002685189608705e-03 -1.210218359860864949e-02
3.073935056640223276e-02 3.687619551353509689e-02 9.773838539148455018e-03
-3.324980801662216073e-02 1.584005896984375106e-02 -1.610925523323986433e-02
-9.048914361683176380e-03 -8.159604056876329156e-03 2.421479726642813968e-02
5.365178096611489603e-03 -1.867779279205268594e-02 -8.394283355299776359e-03
-8.808762089435614659e-03 -3.444428278755042299e-03 1.701977758255661735e-02
1.778007403218192714e-02 -1.032078957210790307e-02 -2.089021578641699420e-02
-6.148464118941823070e-02 7.801348485215616434e-03 -2.057567032800811796e-02
8.207013058788202586e-03 -2.719576704988292681e-02 2.556589364413047218e-03
1.269304673783227567e-02 -3.339661033979483568e-03 2.130141154027588579e-02
1.875579138987119865e-02 2.447448214706994876e-03 -1.195095213899922482e-03
8.684631837514522959e-03 -3.861622656719911843e-03 1.617085939082607213e-02
-7.071128913441036661e-03 -3.809971015834916208e-02 2.721640682217824764e-03
2.816009639839033019e-02 -8.666902828270874395e-03 -2.457283614236508568e-02
-4.384673057443223831e-02 1.772485465305891766e-02 1.240847581796361912e-02
2.576137898978040838e-02 -3.138773202925124184e-02 -8.884571572395515496e-03
1.356956239798509265e-03 -5.010937430272110506e-03 1.665237156009666958e-02
2.590836106789505197e-02 6.478046211499027818e-03 -2.428611132508456602e-02
2.548253291221743225e-02 2.491699069664162283e-02 1.572892462440321710e-03
1.728672154830543026e-02 1.450969624130562900e-02 7.101458875939135190e-03
-3.867256397481572822e-02 7.561699702366544984e-03 -1.054898643380185012e-02
-4.237466867763910183e-02 -5.008975388395497767e-03 -2.222763846038687541e-02
2.002226528812223183e-02 1.495055859319363578e-02 -6.401606464424728499e-03
-4.804564683379013851e-02 -4.510380103517659320e-03 1.514810937054037951e-02
4.616397968065431845e-02 4.934673973553657667e-02 7.680903009059328150e-03
3.504792885625895166e-02 6.943043980171054001e-03 -1.064504472774660884e-02
1.848075679456785692e-02 -2.145789015437307712e-02 -1.047839482023803573e-02
9.538847101506252660e-03 2.897070413200805716e-02 1.173101185417093489e-02
1.267394229324139004e-02 -3.853073974600790264e-02 -8.416187248629103737e-03
-3.610684566917430477e-02 -5.745917580035581756e-03 -2.788789450408105455e-02
-3.287597805741844514e-03 -2.712914020636027213e-02 6.125500862524360830e-03
-3.792550410555482754e-02 1.177264845769084023e-02 -2.890807750475224078e-03
2.312416922426457997e-03 -5.196413995883587822e-02 -5.308809888352079669e-03
1.289041334703324750e-02 6.513346724291194448e-03 1.134059299300822603e-03
-8.977382216528740147e-03 -4.224083622778268543e-02 8.882266804425203305e-03
1.655884764277761045e-02 1.753149598595916264e-02 -6.787721713677728926e-03
-4.510211447605801810e-02 -3.877610245631329597e-03 1.226352414641670389e-03
-3.180276060016406364e-02 2.651339996880971647e-02 -2.527271439127249872e-02
1.555449980138037987e-02 -2.882894046254471168e-02 -5.532706700395234080e-03
5.056381483018862304e-03 -2.990417983214312819e-02 6.991595269079033982e-03
-5.487160095921082316e-03 -3.507260132064449892e-02 7.640744320369455451e-03
1.271462046452184443e-03 3.703939923775618343e-02 -2.674506783961526010e-03
2.676699578549199612e-02 -2.249069419208803849e-02 -1.473186958851784197e-02
-7.114665565806824188e-03 -3.730840159633686285e-04 2.328250844781550380e-02
-1.759803499171758503e-02 9.023074291809944983e-03 -4.234697194584808276e-03
8.319039539796358948e-03 4.451869070990702583e-04 9.608991006668692395e-04
1.053585520183417806e-02 -2.719286592129438809e-02 9.654084239722009880e-03
1.591868067894935956e-03 6.015333526659353593e-03 5.729708273000885810e-03
-4.131716059733136354e-02 -1.305779883380141226e-02 -6.375883841472837314e-03
2.814877034906036052e-02 9.815114677813215061e-03 3.600508876651574344e-03
-3.072395160742044315e-02 1.616360744094243185e-02 -2.206723372629043958e-02
3.709887427931984807e-03 1.193057081280453346e-02 9.215821524041371837e-03
-3.266163223734590976e-02 3.137771975594105204e-03 1.359409024486992086e-02
5.570740965981419227e-03 -3.232526557897717756e-02 -8.862988118768039270e-03
2.656297061463768622e-02 1.561869167376395834e-02 -1.307784374269870507e-02
-9.456260062218139681e-03 1.720441494652691361e-02 5.389478602408428326e-03
-2.327727050409833780e-03 -3.833084200333571750e-02 1.195204331831196086e-02
-2.796001265016469922e-02 5.441342817261232701e-03 1.043548549482554988e-02
-4.488029599954834054e-02 1.508950069489749073e-02 -2.114012052897968480e-02
1.791178951513407516e-02 -2.329527358526888720e-02 1.817091543005403670e-04
-3.617663508116688437e-02 -1.012549057952480825e-04 -1.231445584202180837e-02
7.758295273407607440e-03 8.395624756026856539e-03 -2.454054313224399327e-03
1.778734516805394530e-02 2.735458568084685529e-02 1.452131209132844457e-02
3.613982057411582044e-02 2.333588961035470109e-03 -1.994095219090916832e-03
4.714746391760379907e-03 1.684613663996262570e-02 8.827241863482829286e-04
2.945372533973321383e-02 -1.382763999080646039e-02 9.407485975248888743e-03
2.686688451398216299e-02 -6.626475806270933425e-03 -9.483382269669885650e-03
-1.308478006846077596e-02 2.825321979381857640e-02 -4.865434609715498654e-03
2.813102038352738657e-02 1.382136621913805999e-02 1.378894970505450176e-04
2.827309767754065950e-02 3.618558673573770128e-03 2.397940532159773593e-03
8.640542356971557536e-03 4.063690129545292906e-03 -5.834903929507309536e-05
3.750326037790396253e-03 -1.939838195296173483e-03 1.108945575585390877e-02
7.268842822978727886e-03 -4.362962874377752237e-02 1.017718161029077667e-02
1.658242385568998306e-02 1.609681288794207604e-02 4.977052679578063132e-02
1.616172569487190833e-03 -2.461947246415750051e-02 9.301479440582698446e-03
-4.798762311261767222e-02 -2.196231617980578914e-03 -1.068845549178173114e-02
2.450917129406025505e-02 1.814621960353177826e-02 5.216551253662914502e-04
2.526146978230022627e-02 -7.423651966437094275e-03 -2.052951515824937359e-02
3.381269184940406680e-02 2.077056125568994480e-02 7.599991374448808283e-03
3.549041744566048401e-02 -1.553377511392618066e-02 -2.489170760424136430e-02
-4.385655855019994498e-02 4.708129923426112619e-03 -7.577048490518983360e-03
1.386304007569326945e-02 1.095814671523084004e-02 8.476206886503040916e-04
8.627789201789189816e-03 4.323976970101127242e-03 8.487093174587437630e-03
2.065124331035282298e-02 -1.419681453117530370e-02 -2.638783706206904861e-02
3.369317737722062056e-02 1.272824967906887109e-02 -2.178376935943882042e-02
3.886809543386660071e-03 -4.309084960225349759e-02 -5.064221648714457846e-03
3.382684453790917728e-02 1.227803913306668021e-02 -8.261229981217079951e-03
-2.633894446284070802e-03 -1.507584388478436233e-02 1.802954486390903957e-02
1.723109510666117131e-02 -7.152437163447457379e-04 2.532642385190075895e-03
7.209126373511301478e-03 9.102368272326934878e-03 -1.283890432786910897e-03
-6.636660606879517948e-03 -2.761648224785089034e-02 2.437484399112501907e-02
-4.704618816352165375e-03 2.161397906536608945e-02 1.826109386783804009e-02
1.406936910403938472e-02 1.946852631629401864e-02 7.718673082740978679e-03
9.736361773105519507e-03 2.678588090021290571e-02 3.023236125433210114e-06
1.289031498412013081e-02 -1.607802272208604805e-02 2.926002945590583295e-03
1.603577941918251162e-02 -6.617254439554534629e-03 1.109801454440685446e-02
-4.277808850550618783e-03 2.576181779184131063e-02 -7.645661067943494357e-03
1.375495172606305827e-02 3.104648670472381932e-04 -9.161206650482017072e-03
-2.936724576566629441e-03 -1.778852372170416918e-02 2.588534990909347605e-02
-4.885534981286000084e-02 1.008893459346136418e-02 -8.887286730931287168e-03
-7.974745725988869813e-03 -3.463400509178543585e-02 1.950108705282622631e-02
2.897064581659028124e-02 1.054827032026289454e-02 -2.331115443138617304e-03
1.276428228318463552e-02 1.650375792845917150e-02 6.956138669206424381e-03
2.589158016859781624e-03 -3.232627493508141020e-02 1.410474781680821216e-02
-2.047261892588843335e-02 -2.188688398665367477e-02 1.935404873101739115e-02
1.394154215191050102e-02 2.521740590250344180e-02 4.246493254335980544e-02
-5.720374222548890025e-02 1.181708289080114424e-02 8.145246585924820898e-03
3.093858026146720924e-02 -3.836924111042253754e-03 -1.432935815539035720e-02
1.617819381425505965e-02 -1.790770621651503053e-02 -8.855265673977544966e-03
-1.070637284542958270e-02 1.385512890541662490e-02 2.324822231436505376e-02
2.059242054080779108e-02 3.570061885650707744e-04 -2.784906381721512225e-02
-1.196012902311951835e-02 -4.021690277050894019e-02 1.552068715930307249e-02
2.512711215278965599e-02 1.505154076017619323e-02 3.892783038479229879e-02
1.284155153524516382e-03 -2.618176051101853488e-02 1.009665783227912950e-02
2.360595473731661158e-03 2.767845636900594791e-02 1.617044086739640937e-02
-3.075928221764267015e-02 2.104357311480144210e-02 -1.095336761890080245e-02
3.388192662394039299e-03 -3.323562396418301007e-02 4.870055479126513508e-03
5.383357011899183968e-03 -3.586739621776744574e-02 -1.356017978089764549e-02
3.084827205160603145e-02 3.650952399712231039e-02 -1.335300368104559460e-04
9.507099555935920321e-03 1.855797361568175402e-02 6.085379780893026593e-03
3.350457272032526801e-02 5.136412542010258819e-02 7.004604324458749143e-03
-4.688811022290871600e-03 2.011832249784865911e-02 -2.618468100811931383e-04
3.425300098614340177e-02 -1.549141605275331998e-02 -1.925885119279859697e-02
3.154491785176141011e-02 -2.809127767689276536e-02 -1.671545260864439747e-02
-2.115743536729096375e-02 -5.029258890264776388e-04 2.611268738521712457e-02
-3.550599428974395011e-02 -2.424686348894747410e-03 -1.054332996598031195e-02
-2.078369895642594861e-02 -4.169873442811576625e-03 2.074520651505037255e-02
1.835047522590841848e-02 5.673998649031520777e-03 1.436578722976453518e-02
-3.799171303253507520e-02 1.722567980908511209e-02 1.226560742564593472e-02
2.323156264670468707e-02 1.268478066676127693e-03 -7.869466007316055839e-04
-2.588393320464902475e-03 -2.639916873468837674e-02 -1.270933809295834906e-03
1.119820577038393127e-02 -3.207525778081100204e-02 8.507808153732370968e-03
-5.981534114507625977e-04 1.384755568917543297e-02 3.511033435855971750e-03
2.059776469313850944e-02 -6.507320800518465349e-03 -1.568008162719681381e-02
-3.631138470087449249e-02 1.026727437312325956e-02 -6.755481779713939060e-03
-2.939162649999040380e-02 9.824540283422221118e-03 -4.146584797439551058e-03
-8.907907967201450505e-03 -3.520011394715848868e-02 1.524499966192332384e-02
-1.501698200392996389e-02 -4.920599553773958440e-03 -2.914943113886643219e-02
-3.897130313647985400e-02 6.007446443486443802e-04 -1.528583388240020539e-02
2.701163993393222024e-02 -2.236906900613947619e-02 -2.154008227565994832e-02
-4.862716385410517650e-02 1.436070827539794557e-02 -9.934833782551425255e-03
-1.895283348670452617e-02 -2.073119463758993711e-02 1.956458967016725184e-02
-3.422960757202143239e-02 6.745086429269540017e-03 2.043532198452510749e-03
4.067381736840995458e-03 -4.078250506736952330e-02 1.493959205385855978e-02
-4.770146728921653700e-02 -9.875283452354371300e-03 -2.167302836491888374e-02
5.111712963638728041e-02 4.574310179097060280e-02 -7.954642011321342784e-03
1.904653434005635151e-02 2.222738083752237234e-02 -3.273801946966165867e-03
-4.463165707398758508e-02 9.930821705635551125e-03 2.204227601753901925e-03
2.266409388963320365e-03 1.534858061217297780e-02 1.003321013051304729e-02
1.630017036738402175e-02 -1.682367387519836596e-02 -6.422847126800359900e-03
-1.185651359529591234e-02 -3.768478222034255670e-02 1.804945441352840893e-02
-3.329823552827084615e-02 2.882689944482403222e-03 -1.676763709977049932e-02
1.031558453601064129e-02 3.260361998052022352e-03 8.523917883575557117e-03
-7.554758814161325123e-03 -2.691799369195084848e-02 1.240962599149459007e-02
2.000878816284953898e-02 -3.705545280789227566e-03 -1.475917062409555155e-02
2.278122313247507927e-02 1.415538583567458979e-02 5.474601164350211338e-03
-6.316905475437122053e-02 1.033436464745471524e-02 9.963128815755910653e-03
1.594058452299080761e-02 1.099289179307871324e-02 4.747286405115309915e-02
-4.037232214587169882e-02 1.040591741703098894e-03 3.290100186723037435e-03
3.724317519995513220e-02 3.297389131883989022e-02 5.618494000703123242e-03
2.793900065148758553e-03 1.504254530579833202e-02 6.626880016920635823e-03
-7.479577286668558957e-03 9.396647388240610826e-03 -3.709277966134308380e-02
-9.106578196935817202e-03 -2.776540836477903521e-02 1.249528711066259443e-02
3.485537776070328497e-02 6.881533739761564079e-03 -4.452827104830600277e-03
-9.318018550168874828e-03 -1.529927000180738086e-02 1.093688717574043366e-02
3.373275391063085271e-02 8.544446271255043412e-03 -8.168559968649147587e-03
-8.240762549651016108e-03 -1.228188877168484398e-02 2.827455937548485967e-02
-6.120757081024692792e-02 2.407875074068184518e-02 3.376793582173116901e-03
2.360081066220626883e-02 -2.882596638931763169e-02 -8.921583741025029823e-03
2.249826765545653515e-02 2.737647399863739686e-02 2.308961060609853073e-03
-3.729347191302107012e-02 2.674984375456465981e-04 -1.812362316087908279e-02
1.851972562493262378e-02 6.787407487358325213e-03 4.699130910192885618e-02
5.572619245961479926e-04 1.762935986673657210e-02 1.337798731860076300e-02
-3.379560655457917312e-03 -2.052202095294751449e-02 1.392109058481435027e-02
2.515315127291339187e-02 -3.852287833489203249e-03 -1.136832542986317748e-03
-3.669568382328563388e-02 9.354373377018873614e-03 3.710167572641841823e-03
3.327623490421352439e-03 -5.825273233243511263e-04 1.105466804324003668e-02
7.198372043749037136e-03 2.779078790994533865e-02 9.923292414776897080e-03
-8.003761992311057838e-03 -4.177229443725543473e-03 -4.865052218716385546e-02
3.589903970838807107e-02 1.676850341940424455e-02 -5.665345784842926342e-03
2.403439647360537321e-02 -1.225608833823852058e-02 -2.637589044142818820e-02
3.195056306127032342e-02 4.505630148198779689e-02 2.296837495387921493e-02
3.487254719299387462e-02 2.127134709798323906e-02 -3.369160435091866999e-03
-1.146823519291348230e-02 -3.244938261839186433e-02 1.281418439892389842e-02
-1.441745887722294638e-02 2.839032556097913825e-03 7.820468626305370971e-03
-7.008282427232504809e-03 -1.644707487253180625e-02 2.060194166193893631e-02
-5.636009097122528320e-04 -6.289615291049012284e-03 9.668635666632950307e-03
3.593596762649818588e-02 3.796038604829031493e-02 6.915531419059354860e-03
5.580680916366514109e-03 1.876590920398588797e-02 4.193080865852463150e-04
2.156644516351892069e-02 2.106140729341873796e-02 7.985467532187614723e-03
-5.944708452591917353e-02 1.863898930665706249e-02 7.507926608404333693e-03
2.924172188114221305e-02 -1.373410563554513641e-03 -5.680033080339316927e-03
9.074515133646612886e-03 -4.492438109799431339e-02 4.782929937172525890e-04
2.481496435815539262e-02 2.065593444957054131e-02 -3.327352002257115719e-04
1.357809727406530942e-02 1.684605805110542254e-02 -3.117361295530631134e-03
3.218823080089278782e-02 4.382340250220582295e-02 1.096830223232151541e-02
-3.839066476655384613e-02 1.939930932110409817e-02 -3.503030632336289960e-04
7.603172393427481621e-03 -3.588184019777810457e-02 -8.319667579286264131e-03
-5.455576614209982356e-02 1.276553821050799634e-02 -6.761153767025712691e-03
-3.271670421011591695e-02 -4.287592600032491368e-03 -6.501906473813266404e-03
-1.760919466254942537e-03 3.548771838268915957e-02 9.561917494858117664e-03
-5.649979980086210826e-04 -1.689418341010640034e-02 1.264216437841895677e-02
-8.895762688931647824e-04 1.239306873476700432e-02 4.862698736511041758e-03
-3.514988778934879932e-02 -3.488582919390007323e-03 -2.317184917456752147e-02
2.718474750186875098e-03 1.836031462201545561e-02 -1.197102780306228374e-02
-4.547917908635053241e-02 7.037868188624623808e-03 -1.152333468125733840e-02
1.279546610638181668e-02 1.339339571911924657e-03 2.032981293964041588e-03
-4.194549487781345370e-02 7.038201954442103699e-04 9.979060866583722850e-03
3.355295100364255600e-02 8.130986572528793458e-04 -2.565296235389965054e-02
-6.157457921926586669e-02 2.846220650725836063e-02 3.852476443879268488e-03
-1.011560632265688561e-04 7.149792334649052693e-03 4.718773729449802536e-03
2.329304587203080354e-02 -9.124866536085280908e-03 -1.790645849489654745e-02
2.227277890598153981e-02 3.313446983872132129e-02 1.440990262393066802e-02
-2.550553459482852049e-03 -2.076147408160286187e-02 1.599554853387093536e-02
-2.184178258201613376e-02 -3.455928776645178762e-03 -5.946468250373343478e-03
-2.169755575292348689e-03 -9.906886186763943017e-03 1.376824357961654172e-02
2.830109462938070614e-02 2.092908344087301715e-03 -4.686043194265140412e-03
3.027446641378337550e-02 -2.405756114671608360e-03 -2.545980664235376889e-02
-7.163088593474677135e-03 -3.295696654464390363e-02 1.581825544175346002e-02
-1.700363302210507882e-02 -1.038216116167405001e-02 -6.364272425401292128e-03
3.760611368835397846e-04 4.728776644503356573e-03 7.567164282891488368e-03
1.550859595505731103e-02 -2.404266132843432477e-02 -2.012255090865750634e-02
-3.329103651166452627e-02 9.634814413243692963e-03 -2.007731995841368581e-03
-4.579451672256486250e-02 1.208871530052517927e-02 -6.965610827613208551e-03
8.560320518146018881e-03 -3.338784642074477810e-02 2.435643580880685055e-03
-4.673423416003638989e-03 -1.804889245081917407e-02 2.499289750195511205e-03
3.128033022834975085e-02 5.981829282716072047e-04 -1.536148406096010492e-02
2.120410164011895041e-02 1.578464488634335680e-02 -1.357105362615226851e-02
4.938548831990969244e-03 -3.943476866649067020e-02 -8.732395980559666884e-03
2.345710325871973659e-02 1.274432097191544738e-02 -6.809081921087636532e-03
-3.351923547552704274e-02 -4.195792866163249035e-03 -1.137279010800166211e-02
3.540120758447071886e-02 3.023165447310089543e-02 4.426236956385398887e-03
1.655119474414614572e-02 -1.234280260469577603e-02 1.249568371611130789e-02
-4.954495863347611884e-03 -2.347466063253726351e-02 1.804708027564447259e-02
2.547365269629554493e-02 9.824672246771420578e-03 -3.796208099258185139e-03
2.030212590924472885e-02 -1.354477518338978621e-02 3.782875994624952925e-03
-4.539526238093508081e-02 7.437116225057076833e-03 -1.313596976627318634e-02
2.885409994993782742e-02 8.292149525603944443e-03 8.795027200998343370e-03
1.245174147968040011e-02 1.668288639385338140e-02 4.610079996832736060e-02
2.286314506710773048e-02 2.188430646059461894e-03 -2.777694483836622499e-02
7.756932886773236675e-03 -2.391108897965935759e-02 2.320844014686231690e-03
4.683423328517486578e-03 1.905203205739548072e-02 4.005482662211440510e-03
-4.160858767457174118e-02 1.730637530305411884e-02 -1.204274604993343586e-02
1.973987718162130769e-02 2.167690539865317623e-02 -4.221126751297119960e-04
-1.732402320397606263e-02 -1.781576897359187991e-02 8.971918134278202006e-03
-1.167099369870795537e-02 1.039631589438578911e-02 -7.557308275304578174e-04
2.785131777764547623e-02 1.067450220631558852e-02 -6.579103746880241022e-03
2.676414290243602292e-02 1.134278144092561169e-02 -1.088991304204192656e-02
2.013896046635114002e-03 -2.970794733614169625e-02 1.660199067330500947e-02
-1.094728036850004492e-03 -2.434084705041509797e-02 1.350984470449411411e-02
-3.560045796893546166e-02 5.642329005323225982e-03 -1.026360176047718103e-03
1.945815159647598788e-03 6.948710605352837605e-03 8.884989763232547730e-03
2.259243381441210577e-02 1.742039034864265143e-04 -1.163011742582993960e-02
3.049275545849887067e-02 -5.457855932968622668e-03 -1.327817163335444015e-02
-2.834822403430748913e-02 1.395775014238958243e-02 -3.354240296396512888e-03
-1.164152032824905189e-02 -3.430697066410562379e-02 1.426171351825536275e-02
-3.545885273004970029e-02 1.151655841159128502e-02 -6.489665690634518688e-03
-7.907179324641015750e-03 -1.192224663534536232e-02 8.275453981457396579e-03
1.552162411234203794e-02 -5.125498137709935675e-02 -1.484300212032899254e-02
1.935590613331498316e-02 7.735687223600379303e-03 -9.778989659884489150e-03
-8.322265346857192839e-03 -2.723922220925326793e-02 1.662453404394672804e-02
1.673685902808301484e-02 -3.390404705521423562e-02 -5.485033226552746451e-03
2.464192703901419909e-02 -2.012495462600334337e-02 -2.630525253313243869e-02
-1.236106800682974793e-02 2.525772313843144962e-02 9.931055633536542068e-03
2.537192069048539028e-02 4.521756934227343962e-03 -1.981738357092507896e-02
2.428731563422227568e-02 -6.756452725480724571e-03 -2.378861954193052519e-02
-5.721026147206532270e-03 1.548912303226950699e-02 -1.212234158774382715e-03
-4.233011405410782441e-02 6.774764805109305572e-03 1.527974249143566714e-02
2.006016218986393044e-03 -5.016337020035613325e-02 -1.255236164470864731e-02
2.248111869671968327e-02 -1.853908773184500744e-02 -2.170190715818517968e-02
1.688619534535984804e-02 9.886989738592014479e-03 4.330596707427256803e-02
3.851848806314320250e-02 4.676602677758955051e-02 1.192821959107571821e-02
3.259277721155054430e-02 2.519760589497749975e-02 -1.050542849643890109e-02
4.239109759484398221e-02 4.652053210858968918e-02 6.066341500669080247e-03
2.776944572825766969e-02 1.476706333178061034e-02 -4.980999243875829964e-03
3.186530075665760381e-02 3.643412167216562164e-02 7.972987742879671796e-03
1.033762165978916077e-02 -3.010293129981238963e-02 8.320066962018392992e-03
1.612180284391560511e-02 -2.321779891342655097e-02 -1.189561807003744996e-02
-6.744758002582251777e-02 1.836470710005021906e-02 -4.652275305920704554e-03
-3.477561215143444573e-02 1.226311200173111834e-02 -7.974370195898840274e-03
-3.972787852474488762e-03 -2.502178554044345860e-02 9.984653807638035894e-03
4.400734132209227489e-02 1.018745819822644604e-03 -1.613903030662673654e-02
1.236418663520332147e-02 6.903193897095775446e-03 4.977914670593735352e-02
-1.445460824022774642e-02 6.128661902716119124e-05 1.811043959882022505e-02
-4.233041403678194925e-03 3.307429547775666157e-03 2.429365023828063824e-02
3.609750625670981455e-02 4.917721646226304137e-03 -1.641349649174295502e-02
-4.732653167205243955e-02 1.466395076486370040e-02 -9.907458575196490327e-03
3.354775619659471769e-02 -2.222051269650738431e-02 -1.811853132321928489e-02
-6.767450791305393114e-03 -6.534752798522956750e-04 2.020514317355234096e-02
3.547472773699564264e-02 1.288807713627253791e-02 -1.367664407723571084e-02
2.030544002363812283e-03 -3.825870668719705964e-02 -5.181669168417036252e-03
-7.522787986654921356e-03 1.979099851411716265e-02 -1.181871830105281091e-03
-3.756954573953024540e-02 -7.849118934308618734e-03 -1.322514564539670548e-02
1.380484534100706942e-02 3.146424367098937802e-02 1.186823519635694935e-02
4.676095480998782375e-03 -3.803790621488960244e-02 1.159727224851499552e-02
1.063613034885797087e-02 7.866149924631268484e-03 2.877473865847251719e-03
1.406360398734859962e-03 3.198735729689999863e-02 -2.141166590186933082e-03
-8.274180534763661207e-03 2.384438384810428496e-02 3.954063026258170833e-03
8.500665946435555925e-03 2.386453929964161072e-02 1.084415257310638279e-02
-3.052831900162373234e-03 -2.091835679188546945e-02 2.023038010975135997e-02
-2.936819506318969625e-02 -4.133654974826702494e-03 1.202003546081849457e-02
-3.783365765270234327e-02 -1.235200881602302111e-02 7.521487629114084056e-03
1.388879827928171835e-02 -1.815191787800969625e-02 -1.433068249366486330e-02
-8.054986689689888624e-03 -2.057010088324011735e-02 9.526548574352889168e-03
3.719552029743989491e-02 1.168210488633310631e-02 -1.676204434440878993e-02
-1.722410088741843301e-02 -1.229394236112103453e-02 -1.778487362019893700e-02
2.206059173471989002e-02 1.796059479140728679e-02 5.155098937945471610e-02
2.835564110312207425e-02 -1.415625685557868677e-02 -1.705779065590579471e-02
-1.390864544790829452e-02 1.413340513002626832e-03 -3.789740603930458369e-03
3.237820700887673181e-02 -6.057139443119939626e-04 -1.914922189287586798e-02
2.990372134460769771e-02 -9.795384916234967099e-03 4.448642711709387652e-03
-3.522108488932715331e-02 1.749906001067422570e-02 5.999325743712699728e-03
-1.150007402418827714e-02 2.265829537352187506e-02 -1.532312602597702290e-03
-3.295766247204044014e-03 -1.715769200252146784e-02 1.313731836717067086e-02
-1.889147474841185344e-03 1.356048147786964760e-02 -3.813441924210789896e-02
-2.071235633921914357e-03 -3.990353786474108017e-02 1.379774396839271791e-02
8.818724446072746456e-03 -1.347870536223491102e-02 4.781413227313834405e-03
-3.850720806536595681e-02 8.332524223991916168e-03 7.928494259867155045e-03
-6.735052124000598384e-02 1.266773203932322102e-02 -3.808649510058825360e-03
1.576477404291665163e-02 -1.456431748307171654e-02 -1.211884426737067783e-02
1.040159473715971533e-02 2.425840868012044908e-03 1.082163672443883611e-02
-2.249656774036286680e-02 7.061681827979346751e-03 -2.898912890241961068e-02
1.169816716661860323e-02 -3.391665861081213929e-02 7.324285988626836469e-03
8.609634676218816743e-03 1.723364986690418838e-03 -5.559140409173171649e-03
1.751735448277842375e-02 -1.787990265017391778e-02 -1.431655933350671830e-02
3.539236329639984524e-02 5.774771409550431486e-03 -4.615664318744902225e-03
3.941802915510278157e-03 -2.714975612706441166e-02 -1.043501519141778328e-02
-1.139330825971071273e-04 -2.730365428280600096e-02 1.850768430065196160e-02
2.324218296098659250e-02 1.496594373257484616e-04 -1.839543091534131961e-03
2.630151485274071985e-02 1.657136278333279020e-02 3.876139057465485122e-02
-4.549024645453359633e-02 -3.087387330035271712e-03 -1.491830193271303541e-02
2.355558927621613854e-02 1.827827048566509072e-02 5.455287631830452828e-04
2.767113257077601779e-02 5.165342067447169661e-04 -1.784090521367864488e-02
1.764382010637443807e-02 -2.819263506603812697e-02 1.249325349618092378e-02
3.299551559361376535e-02 -1.160035194795890762e-02 -3.223321721088159841e-02
4.258795217787904319e-02 2.832632868235777836e-03 -2.902612706595950748e-02
-1.223571263298158136e-02 -8.182591614628521165e-03 1.858107149988483253e-02
2.477241443170136170e-02 6.764316920757495674e-03 2.603432192157596834e-03
3.653779211035861063e-02 1.596803782914740094e-02 1.086802994790095995e-03
-3.142194127318824470e-02 -1.365384904628149168e-03 -7.515122660381138610e-03
3.131753407302439313e-02 -2.222723433818936303e-03 -3.405842266971137542e-03
-1.789914722170642819e-03 -1.772074584694590879e-02 1.365993901301953278e-02
-6.167213339615763845e-03 -2.604818325118527303e-02 -6.458592292142798647e-03
-1.391376311976142213e-02 -3.465391913313383560e-02 2.126917783086589367e-02
2.146509740275354822e-02 -3.915247769853798937e-02 5.747504085376417158e-04
8.146660764197540330e-03 -2.141909375428209875e-02 9.381504863935578170e-03
-2.916763248183948734e-02 -1.331869190794045948e-02 -1.846201951201347294e-02
5.595991211669004185e-03 4.411381631394807774e-03 9.923353147879343528e-03
-1.733251889328586703e-02 8.900977769306319190e-03 -3.419881727974769057e-03
3.659833017405519223e-02 3.853493458308358214e-03 -5.539719733742086427e-03
1.457525487257866487e-02 1.855251039729550327e-02 1.412643510733615181e-02
-2.178503959424860775e-02 2.065160903994709904e-02 9.536149852194770321e-03
2.251363504849937178e-02 1.264868166808324861e-02 -3.730621369820670986e-03
1.314647746772173650e-02 -4.187441409394040449e-03 9.242616846555433766e-03
-4.714310658881020605e-02 8.836390714356212595e-03 -1.608568652261363127e-02
2.939685925999881155e-02 -1.002345804840073899e-02 -1.762463424265804310e-02
-3.841586999964463622e-02 1.826787387039631103e-02 -3.889287801944025028e-03
-2.234208450135391315e-03 -8.728593250951042701e-03 2.163791860828755131e-02
4.412303105398731641e-03 -3.942878318272387966e-02 1.329319622167700332e-02
-4.312014349407509300e-02 2.783229107388847956e-05 -1.386127342086419453e-02
8.308084584317846147e-03 1.364946211169065608e-02 5.819588763805055333e-03
-3.204622003893779769e-02 9.074222475976638155e-03 1.192396313510601241e-02
-2.743825644078685608e-02 1.193150198315709801e-02 1.783623113754091716e-02
-3.959555438068169952e-02 6.343972740773484893e-03 -1.129595123745753132e-02
1.262876918924779601e-02 5.522652408350397189e-03 -2.130202377044712603e-03
3.975145568137772312e-02 1.229060818882680463e-02 -2.938754882777182276e-02
-3.559907676943210864e-02 2.110353306771059131e-02 -1.975306031933661555e-02
7.771409120951386015e-03 5.501640254580072650e-03 2.141179920106470180e-02
-5.693214135635191707e-03 -1.508362072701780257e-02 2.010517913649915653e-02
2.590436302165698840e-02 -2.456967768277400210e-02 -2.449917477848617686e-02
-9.613461239278295540e-04 -8.665273004317238653e-03 2.794501002673206377e-02
1.623610202470602767e-02 2.641764604385247366e-04 -5.068798547156777579e-03
-2.239253312369269763e-02 2.322599992131486185e-03 5.172879160580092645e-03
3.127874814052645711e-03 1.997844450900028088e-02 1.239297864469543486e-02
-4.244026113717414700e-02 -1.481753074167736989e-03 -1.330800547525095396e-03
1.946189478433285602e-02 -2.448544580521343564e-02 -1.448057226816241994e-03
-5.279127582574985600e-02 2.783690929358867069e-02 -1.034783677553200451e-03
2.504477106005684184e-02 2.753004713355195615e-02 -4.575301338682182493e-03
1.218683212492384545e-02 -2.224105962121278313e-02 -1.559173746794294269e-02
5.175647102891201001e-03 -1.198343974277206632e-02 3.299451053816229371e-03
8.613192040929864082e-03 2.390452316745084876e-02 -1.139330099268132113e-02
-1.074488222680522465e-02 2.830972860959226831e-02 9.118130986604118179e-03
2.312473389729955212e-02 2.027150880629537480e-02 -3.434929127744641014e-03
1.454610854340684413e-02 -4.590464391610931880e-03 6.259605058868815755e-03
2.073821423216207910e-02 9.249445827695565100e-03 7.396524840237896428e-03
2.263893299161179318e-02 3.463316514941527230e-02 9.763885035696379805e-03
-1.990716154696898360e-02 9.426016637959971911e-03 -3.104974475662660664e-03
1.802920571054593760e-02 -1.830821494631891880e-02 -1.516042863869338300e-02
-2.097501710032625023e-03 2.653142880820584526e-02 -5.241901505153813944e-03
9.957567294824285278e-03 1.862689643666529810e-02 1.558881185421318212e-02
1.661210829121033752e-02 -2.019364523778274453e-02 6.485539305586993444e-03
3.066939232384538819e-02 -2.219627176533064700e-03 -2.884725387177238930e-03
-5.627751237723364885e-02 -2.554214164786727196e-03 5.248190556706513153e-03
