-4.724573347960578026e-03 1.366432745024183512e-03 9.412129779260926601e-03 1.278344210081210942e-02 4.247312066510701076e-03 -1.181150473375413472e-03
-1.139762147148114073e-02 9.429118754282309360e-04 6.639687753576385340e-03 1.232385886690312224e-02 8.567780340798584332e-03 -2.682993414025090523e-03
2.021847927533346190e-02 1.799306330097735687e-03 -2.277872810560647304e-02 -9.014654808150215567e-03 1.337954944799139671e-02 -1.679823897992500925e-02
1.860569082205376645e-02 6.062133817267061249e-03 -1.787253916495120526e-02 -2.509806735200107667e-03 8.404861144274728899e-03 -1.302927625898702563e-02
1.554517562143744626e-02 6.529237409249499975e-03 -2.077842862804776120e-02 -1.971318732476420345e-03 8.583229274195750685e-03 -1.414670017502318161e-02
2.147087541470050695e-02 3.080275867614684030e-03 -1.724371780674455179e-02 -5.308312386289925971e-04 5.529054615385108583e-03 -1.330006438481874838e-02
-1.679603148689804565e-02 1.921763602279062330e-02 -3.376559608140188712e-03 9.183004518787812875e-03 3.510208339411700039e-03 -2.100847097198531646e-03
-3.610672052575065061e-03 4.047957106532373665e-03 1.080183958241967036e-02 1.010775688363625691e-02 2.693566573520148142e-03 -3.966281564940186098e-03
2.712893872756207223e-03 2.115683542760643868e-03 1.311370270162827249e-02 8.840417836714641736e-03 -4.653928101751206412e-04 -9.002625963608381883e-04
8.291850908721328135e-04 2.099331572704715536e-03 1.239862002740651885e-02 7.824672479233883010e-03 -2.237435316431963606e-04 -1.095191653042281842e-03
-1.210177715592234381e-02 4.552081291020703552e-03 6.363395407369005705e-03 6.714779881349008245e-03 2.126952821819565187e-03 -5.706432312917186951e-03
-1.417721081304569933e-02 -1.187930001496823214e-02 3.881391545024612776e-03 1.383566906233068758e-02 9.677291778565263666e-03 -4.778347961924535314e-03
-3.888597508833119016e-03 -1.786890106688966695e-02 -9.271794837502067566e-03 7.077509535768930146e-03 1.899330920761621100e-03 6.689667004266986773e-03
-1.244324588548473796e-02 -1.937213715164359112e-02 -1.953142490739376985e-02 4.133915208877674864e-03 -1.446530972096589764e-03 1.034953543002191736e-02
-1.413654871990704248e-02 -1.809381730883361308e-02 -1.641943804717022753e-02 5.280130459507075685e-03 -6.559255704636010077e-03 1.384477921985247627e-02
2.082944841969680896e-02 -2.557935878928553272e-02 7.687246983898103625e-03 7.991939887545164846e-05 -1.422780483672384660e-02 -5.999221665192008140e-03
1.978702029470729221e-02 -3.198847377425304700e-02 -3.558389318523441907e-03 9.610076487189823371e-04 -1.696465264436923873e-02 6.320587761213225172e-03
2.232148732961784093e-02 -1.283721270040047435e-02 1.616491215214840502e-02 9.027922811946604642e-04 -7.982855852590687792e-03 -7.689495321932219782e-03
-5.302154797020195570e-02 -3.550706447850982689e-02 8.862368678944819445e-03 -2.334145233139758510e-02 -8.418768425427630708e-03 -2.164210563859172293e-02
-4.349958082666771642e-02 -1.378148985999489741e-02 7.842064161511138817e-03 -1.628135031017765091e-02 -2.001367300216226608e-02 -2.015903502765057503e-02
6.428562453501782646e-03 8.543578338736416110e-04 1.507292742450568566e-02 5.134963558614303453e-03 -1.190167454256825085e-03 -1.300771930321090826e-03
3.733058581193554690e-03 4.081969520407721652e-03 1.433546734180569243e-02 4.139377091601600944e-03 1.056764236035927966e-03 -3.811969881467342381e-03
9.654197632690224642e-03 -1.778699331318556046e-03 1.608403320401739778e-02 4.249719191310219295e-03 -3.375274721870974177e-03 1.180362047329037945e-03
7.798558351341616963e-03 -7.727205953807048762e-04 1.593847659968109301e-02 4.119966329319294136e-03 -3.854121286363541886e-04 -2.428553225212563837e-04
1.257563139730168795e-03 5.120084841538432262e-03 1.303989481208893582e-02 3.452098043241759798e-03 1.023293110906401456e-03 -5.270685696215164293e-03
3.463287525882992324e-02 -3.317865795016020081e-02 -2.434360806868315560e-02 3.671534053623344215e-03 4.721581683182485278e-03 -1.126168987522121155e-02
2.786436784514826834e-02 -3.073517625697333097e-02 -3.354201506997140508e-02 3.709749713658258823e-03 1.284748565086144163e-03 -1.840182804546341283e-02
7.342064213121013601e-03 -1.417544126650849799e-02 6.093765570002933861e-03 1.097395421079967910e-02 2.495267038013957665e-03 -3.671235860268877958e-03
-4.072244386719094285e-04 -7.058597722715169616e-03 -1.390881246740643820e-03 8.571620251294266926e-03 1.087726302580454760e-02 -9.180363642614094294e-03
4.630467470560899364e-03 -1.014213484659889919e-02 2.486317592458217943e-03 1.031386750444784894e-02 6.440528370047126673e-03 -5.970559930225862767e-03
6.280491321642357738e-03 1.325181456378576351e-02 1.266886816352169771e-02 -3.482124837428818634e-03 3.207719686711060347e-03 -1.710946323674673950e-03
1.470644906745001423e-02 -2.799626222267476063e-03 9.451913172722594195e-03 -5.415538890977393549e-03 6.454710065169578723e-03 -8.430887861575926678e-03
4.324791839421494258e-04 1.932878986264772309e-02 8.102163984617986869e-03 -3.873178659678292585e-02 1.823500186626372463e-02 3.237203565005172985e-03
-1.726276828864228494e-02 1.345764682288847630e-02 4.300077233971830865e-03 -3.763765071171358556e-02 1.991818191149495251e-02 4.218226312746934520e-03
4.607895696976625592e-03 2.230950364635652609e-03 -9.092487129934797088e-03 1.578737574087391016e-02 1.047450118124479120e-04 -6.609075416819314153e-03
8.231965675309765515e-03 4.438509230195009092e-03 -9.696503549221642537e-03 1.369760333601268212e-02 3.753837772300214117e-03 -7.895102783241637542e-03
1.911915328632355845e-02 -5.569956543453187005e-03 1.898408937738684530e-03 1.234385454360875829e-02 3.808393474600077749e-03 -2.051942945202335413e-03
1.799750835728624460e-02 -3.276408394351864716e-03 2.084868915086216575e-03 1.278766739908979849e-02 4.335464794309518469e-04 -2.716984162924161120e-03
2.163774409384220179e-02 -2.740795455876809256e-03 5.451318062627262019e-03 1.266319351974240157e-02 -2.494578070141191366e-03 -2.500059721669159549e-03
-1.031118048079986485e-02 1.616911409278741149e-02 -1.748114734710235277e-02 -1.314327392018173161e-02 -4.630575421469055458e-03 5.405087465048412365e-03
1.325550724331905385e-02 2.332272770585274921e-02 -6.573457377056151490e-03 -2.046658619927462300e-02 -2.100390348330754154e-03 3.208888101735420453e-03
1.898733448492751982e-02 1.968658315347636759e-02 -1.071699929731455281e-02 -1.523253522562204552e-02 -3.737461515145146674e-03 2.743052929157067856e-03
4.815467201302646785e-03 7.300114400218429486e-03 -1.098594941109922243e-02 1.581676037991380400e-03 -4.253432529723071530e-03 9.621372809589282329e-03
-4.689804542714022528e-02 -4.512536701984574961e-02 1.049423586084733545e-02 -1.958275756044053004e-02 -7.907057784492776617e-03 -3.208282556672220707e-03
-4.793839155453478301e-02 -4.168177407523664113e-02 9.401550573991456633e-03 -2.017232398374308247e-02 -8.345073517409521205e-03 -4.581400601152970514e-03
1.113256012652217089e-02 1.002214983286334356e-02 5.166736758981354226e-03 5.114846992123764369e-03 -9.335264805257689757e-03 5.169239168430866428e-03
3.477972857165728768e-03 9.315582761517485558e-03 3.628948076625345288e-03 9.131228354261514135e-03 -7.297367835366986438e-03 3.164294475428576069e-03
-1.672355699275180230e-03 4.493951963262654038e-03 1.388640604691382917e-02 1.095037528693764729e-02 2.282532451994535860e-03 -4.354038727490770928e-03
-1.741529812017643744e-02 7.334319087835866786e-03 8.907882890471419471e-03 9.019853537501058838e-03 7.469218267593469643e-03 -7.478325148203268311e-03
-9.077517371317280967e-03 6.449145409461258180e-03 1.183094725022809310e-02 9.461771478529929988e-03 8.422151654956156266e-03 -7.194983649644126102e-03
-3.429624441476538960e-03 4.796057335793310096e-03 1.384192689389546899e-02 9.443011235580172844e-03 3.120977638472576064e-03 -4.892150859277368501e-03
-1.292943320069609402e-02 6.901900886272685325e-03 9.912316938895637461e-03 1.109579773368355761e-02 6.519751785811017664e-03 -6.479592705507230058e-03
-1.228163156496445358e-03 4.637419499735505844e-03 1.349085060666740943e-02 9.473543874707624976e-03 -7.940864530484033443e-05 -4.876599510164638523e-03
-6.956408574705057711e-03 7.822123850690972796e-03 1.185895316239285457e-02 1.165746181570684673e-02 6.107120176336279516e-03 -5.030822604709928730e-03
-9.278342096039790890e-03 9.306217149983291720e-03 1.056700035026792751e-02 1.024819532227163113e-02 7.631707186232928979e-03 -8.408400998964143946e-03
-1.452763633099619228e-02 9.117731011706927541e-03 9.819313582264803733e-03 1.064908742086061004e-02 8.460792643529236809e-03 -7.953098526421849279e-03
-3.532915387475716196e-03 5.565683933060353895e-03 1.274374123153771028e-02 1.096038258180343991e-02 2.649749597156260492e-03 -4.551352983247038304e-03
-9.482805047611416946e-03 5.257889257152432126e-03 1.130685574725863798e-02 1.146574001954463531e-02 6.178656011680413833e-03 -6.325060993187307974e-03
-4.294149498275053739e-03 5.722241341277797128e-03 1.335584450255525128e-02 1.051120236512277303e-02 4.354937845736495290e-03 -5.064985051253436538e-03
-9.016362580753074091e-03 6.411644400545230861e-03 1.180510419680403343e-02 9.422893278344834922e-03 8.370668993878418312e-03 -7.119108803986577694e-03
1.161941000662684159e-02 1.018639670022410994e-02 6.985705326868135029e-03 -1.753341421408909995e-03 -1.118069369291263895e-02 5.808654210626669652e-03
7.525311208244784937e-03 1.153998667992441746e-02 6.438547442910294571e-03 -1.987618139408776213e-03 -9.442906365673556582e-03 4.215724416118966228e-03
7.926097600272290211e-03 8.963722129804776659e-03 1.109602033543374486e-02 2.149142620489115970e-03 -1.012073299261834029e-02 2.813465429831956289e-03
1.921909553793294326e-02 9.239602428785825827e-03 -1.150833069903747438e-02 5.432798882420776824e-04 -7.768523472677618669e-03 6.725855832753229423e-03
2.608625006451770548e-02 1.490818922001333662e-03 1.272190110769682843e-04 -1.329748724622745659e-03 -1.313310971917098016e-02 5.813161059957742613e-03
1.199024217005813762e-02 -1.381165943919161754e-02 1.631052039656900182e-02 6.366229818783481278e-03 -2.588275812370008193e-03 -3.805839055237554645e-04
3.157694906372397661e-03 9.376942674842195236e-03 -9.043777403386224836e-03 4.690377086796372955e-03 -2.667554329044766193e-03 2.329140454162273650e-04
-2.635834701907741398e-02 2.745812877227646678e-02 -7.587487657317856793e-03 -1.618409639097608075e-03 4.978804012909789425e-03 -1.059828512472129041e-03
3.866966125156090246e-03 -6.774122851645011066e-03 1.282252141514141422e-02 7.445708014831421348e-03 7.114427050567613889e-03 -7.689042324184979307e-03
-5.959759177995280210e-03 -1.818978202162623015e-02 -1.250601384983929081e-02 7.850596501084132137e-03 1.809312647044600828e-03 9.481090050211967574e-03
2.553418118752400282e-02 1.354269515722110288e-02 -1.670920514686343242e-02 -3.639074282635909423e-03 4.067451251228733702e-03 -3.201008201352883564e-03
-4.882969422404216664e-03 1.480897778982386698e-02 3.382414526398068617e-03 6.614119060984097881e-03 -1.389121528377136204e-03 8.801338152559795439e-04
1.676610168041785601e-02 -7.652850895951600341e-03 1.320995042058053896e-02 -5.478444512253805194e-03 -4.360782726847450830e-03 2.968416026098490753e-03
1.278493342206252735e-02 -1.041973946106044581e-02 1.273389070478481849e-02 2.014583948338653178e-03 -7.320693659232553607e-04 -1.161846276225071478e-03
7.694692751404199650e-03 3.863251165780073534e-03 1.195241439947085024e-02 1.209041365768588920e-03 9.039685934926225625e-04 -6.196114830785219227e-03
2.186496904115925108e-02 3.047257621010804676e-03 8.594471094767483152e-03 -1.127175310338456547e-02 -6.441438702539604468e-03 -2.614484237167708468e-03
1.195389679396331901e-02 1.628460346103506248e-02 -4.197358741519989500e-03 1.293340507202197099e-04 -1.179669206883629095e-03 1.113364647625078281e-03
1.636564492550297845e-02 -1.502201666301286598e-02 1.164258705499527854e-02 -8.694013423689868347e-03 -1.231328903154158862e-02 8.465291615411089932e-03
-3.951521766317624834e-02 -1.245736293023045303e-02 1.712135304124912149e-03 -1.429319949826676154e-03 -1.586256144301684615e-02 -1.332652168783635821e-02
4.159579917016328378e-03 -1.943719254772086676e-03 1.588055303285900235e-02 4.546471289781979508e-03 2.385639939901222552e-03 -1.087153198788421045e-03
-3.328102832650473020e-02 -4.458254567080916983e-03 -1.147860898655517908e-02 -1.263721425759490972e-02 -4.038991791390364287e-03 4.235349574844681636e-03
-3.985443854029320498e-02 1.132445631017443138e-02 -6.576055867838758243e-03 8.559882071939412321e-03 -8.549608244478884176e-04 -2.149856903807387178e-04
2.434939994136658199e-04 9.329513940747555592e-03 1.188648741700354568e-02 -1.411153036842467722e-03 8.216581501406325025e-03 -3.285458713465310050e-03
1.425171174281403275e-02 1.438786102634163552e-02 4.076671990631937836e-04 1.484810080761965728e-03 -9.426802831818877418e-03 8.543592601155374638e-03
5.866303624190200190e-04 1.972675239415729379e-02 3.957050299635777278e-03 9.259407149302775752e-03 -2.880234595066541361e-03 2.057028371715674108e-03
1.425384036759414635e-02 1.132960205507946121e-02 1.875918636157929142e-03 8.416661006389540133e-04 -1.127497664495897244e-02 6.860387440528244868e-03
-8.039641680612927494e-04 1.582934228122821751e-02 -1.031436524248115216e-02 1.291622925533583710e-02 4.935113249995112155e-04 1.401312992154116026e-02
9.424999660037031851e-03 -3.890380548759492414e-03 -4.744189889938381019e-03 3.245408967881432960e-03 -2.989606664474641230e-03 5.870162156883440216e-03
-1.212617397969838022e-02 1.035692101308822305e-02 4.102899590911113573e-03 1.015600044506385566e-02 3.767625362452641392e-03 -8.837156799849244654e-04
7.235517083195830770e-03 2.562629521306423238e-03 -1.237681180309143725e-03 1.625007467590872849e-04 -4.114210433532717627e-03 1.074631398936485259e-02
1.007538592048512829e-02 1.201901667441002131e-02 -3.170747216896736484e-03 4.619206192376204209e-03 -7.705766646797052727e-03 5.971342928645688268e-03
-2.477849993231120637e-02 2.812132120506075084e-02 -2.387177239601499454e-02 -8.533997668921095361e-03 5.896436720335429017e-03 1.374908376674773610e-03
-5.953151860031752687e-03 1.345098616842992610e-02 6.919108511695718985e-03 8.055760464897018802e-03 1.347814269879421024e-03 7.139596292293813942e-04
-1.689907576720918621e-04 2.516838464072297665e-02 7.065750575770766984e-03 -2.100215824069823906e-02 7.082432734771364896e-03 -5.226299358834772882e-03
-1.026509568856975689e-02 -2.553345927208585785e-03 6.570172919373092621e-04 1.383104180162096457e-02 4.012980876106738348e-04 -2.006517459671842019e-03
-2.361886967497475731e-02 -1.106272269602484766e-02 -3.818327280002900689e-04 -1.051881884420808634e-02 -2.650957768241563040e-02 -8.917215987124664164e-03
1.816828886628144360e-02 5.080474986370590862e-03 -1.730743288642845601e-02 -1.416336111798785101e-03 6.633232272539634281e-03 -1.208592886911722189e-02
2.482228535070611034e-03 3.185403658820857198e-04 1.112038862773866328e-02 4.614180884124992679e-03 1.698015438220990079e-03 -9.643543505203869975e-05
6.452285114949373249e-03 3.513395056643283266e-03 1.019551479689731824e-02 -1.892788299169604520e-03 4.940999490893506138e-03 -9.612990758885263517e-04
1.827195099094985203e-02 -6.748656723339400108e-03 4.306868976715940919e-03 -1.166907816155575602e-02 -2.519266671597832942e-03 2.663198090826201896e-03
1.249574195875174584e-02 2.358394721181141917e-03 1.154622590095756747e-02 -5.921288411275714252e-03 1.933352968785794911e-04 -7.341820536777154613e-03
1.915869459368033795e-02 -1.666481752335148211e-02 2.027186035745671879e-03 -5.622113162578813890e-03 -2.364926067498268961e-03 -1.292189574774844918e-03
-3.577082432416043428e-02 -6.452764257178482225e-03 4.158330774295370021e-03 -1.516260353651658829e-02 -2.294400432272734186e-02 -1.886947161985043364e-02
9.001834965103915412e-03 -5.937557139166780087e-03 1.358642819589923542e-02 4.203501737096727517e-03 4.985724393012782446e-03 -4.721417416500298114e-03
6.759222421245669049e-03 -2.741468246744705774e-03 1.643356640523632381e-02 3.316724128231246429e-03 -3.079613536021872321e-04 -8.548477008231833906e-04
2.277462831609181407e-02 -1.223034987206296151e-02 1.636066038572596068e-02 -3.363151196882902764e-03 -1.181540765367686784e-02 -8.037473411538809814e-03
-2.875761809616652828e-02 4.210617085733331724e-03 -2.030132104559485666e-03 2.147903768662377724e-03 -3.143395246593136318e-03 8.867569193869831489e-04
-2.253425829635143443e-03 4.016381792262703650e-03 1.343273289168467333e-02 1.142535784621996793e-02 2.311959653157881663e-03 -4.195856258596432874e-03
-1.875778968400689667e-02 -3.203893969774512080e-04 -6.108280221483555240e-03 -7.821257474783283731e-03 -3.151374081362640078e-02 -9.577704784875330779e-03
-2.355878718995257914e-02 1.542219487091828559e-02 -7.818970999721791201e-03 1.076017013449262309e-02 -1.944061414851618952e-03 2.765154763910024349e-03
-4.324732487147289750e-02 1.944229752191087637e-03 -7.559512418933401860e-03 -4.274923292353518915e-03 -1.044857258196281273e-02 2.176177521212316150e-04
3.562317027821267166e-03 1.290607304983721823e-02 -7.036885730139271627e-03 -5.659300727171427160e-04 1.455321797692331765e-03 -3.560600805803104500e-03
-1.785814696227598641e-02 -6.929378522533648221e-03 -1.632621999157057857e-02 2.011776287292048066e-03 -5.955994276464284670e-03 1.274018213366137457e-02
-1.914848454311506368e-02 9.198653686644069072e-03 5.392570604159527270e-03 1.445505403356841211e-02 2.833075194534610645e-03 -3.646781521837009783e-03
2.573540279741902415e-02 -7.123547887829796699e-03 -1.015245935457252668e-02 -9.065278792052091847e-03 -7.723549002043589816e-03 3.611091724263500603e-03
1.263454924152631297e-02 -9.190189876858319978e-03 1.101641413093938128e-02 -2.484569679438101628e-02 -3.924727865801038861e-04 4.007086191798848486e-03
-1.243424277399210291e-03 1.697598143694990444e-02 -1.884742137234857173e-02 4.964962821977838073e-03 -2.811535440530831854e-03 7.066549183992052591e-03
-1.107559422514206582e-02 -1.004660098582939483e-02 -1.801732119226445716e-02 1.646633197827650566e-02 9.031069555097345769e-03 -1.644956892893466131e-03
2.924740847574306205e-02 -3.132321348148116302e-02 -2.975298845473239515e-02 -1.721148903266188444e-03 3.476251103969341030e-03 -2.257789197913381146e-02
-1.178481521808407567e-02 1.540452232753214802e-03 7.147364300516942728e-03 1.387674581301127051e-02 9.807402229467736265e-03 -7.945141607395149116e-03
-2.588169517581691281e-02 1.017987367209588663e-02 -2.409019934091161108e-02 -2.595876412531027133e-03 -4.306301436375572188e-03 1.171665328677075346e-02
-1.091108341915293482e-02 1.048333727316531558e-02 -2.598736522912773773e-03 1.563534498471163409e-02 -4.172818728168597481e-03 7.705278954836952861e-03
-2.562439758971124786e-03 -2.896556766436491140e-02 -8.115459492417832418e-03 6.393016194701518426e-03 2.310533308767615890e-04 2.628482849349330491e-02
1.849850945076353045e-02 -1.876850309493111480e-03 1.042626885770131864e-02 -2.810357961663103189e-03 -5.465099957202545697e-03 3.871089957681177716e-03
-7.350110084598938508e-04 1.946142425655980959e-02 4.711030002526594117e-03 6.744492500361852147e-03 -6.333455178055765432e-03 3.386189153957818668e-03
-4.551806047796471029e-03 5.401772275999225208e-03 1.347279512135021555e-02 1.089135870222817520e-02 4.472116088369881663e-03 -5.103201435484397593e-03
2.317277227842747239e-03 2.223465937075141258e-02 -2.621265925900376215e-02 -3.303264909794436602e-03 6.328760417707670650e-03 -3.935677848772836142e-03
-3.298694414424371141e-02 -5.127882525549707325e-03 2.577672413620569255e-03 -7.819984417175017063e-03 -2.684248500180003508e-02 -3.088980796112588550e-02
1.324878066722286543e-02 -2.792057405540707919e-03 1.405364807805570271e-02 -4.622088423315161461e-03 2.965468774517909193e-03 -5.842010436592755783e-03
3.396181027059225156e-04 1.243881648213877519e-02 4.199687499332404109e-03 7.228308124003456070e-03 -3.753928249120537259e-03 3.092533477637848718e-03
-2.485943175165105865e-02 6.889842448802449386e-03 -1.860456835199352302e-03 3.281956790122080980e-03 -1.450349530075499202e-03 1.377695322825541868e-03
9.036061482139064530e-03 1.025706030063140532e-02 -7.824041596222127554e-03 1.741031821623702540e-03 -1.124784352402020092e-03 -1.018760658347429588e-03
2.479170649808331650e-04 1.571824922993956750e-02 -4.580646143815353356e-04 8.712826437971367410e-03 -2.037325429112944817e-03 8.480669218434051804e-03
9.901736379076901337e-03 2.159187221395848788e-02 7.760134787125801299e-03 -9.387940612193543255e-03 -5.126619723334248195e-03 1.328766309260507716e-03
1.472215805279709216e-02 -1.451864523504027907e-02 1.547803549590999125e-02 3.220661607440088343e-03 -3.651237802792848142e-03 -3.137839894871774569e-04
-8.932503849040701951e-03 9.738537232937122951e-03 6.855677732178626013e-03 7.163157369720988057e-03 5.703084686509450607e-03 -2.418670173429741856e-03
-2.010666110785235515e-03 6.783131767578404019e-03 5.448976226349503500e-04 5.445566805345887842e-03 9.617839300934823490e-03 2.499064429831792614e-04
-4.110577522511649901e-02 1.261263191967547728e-02 -8.695644926932206975e-03 2.456848861102708427e-03 -5.320574095309639311e-03 3.108428248780352107e-03
1.463538345322240586e-02 1.317363028106670331e-02 -1.547071609929086093e-02 2.812086151246808146e-03 -9.755529957125462417e-04 4.315943854243210059e-03
9.249594361241099405e-03 1.298162526092410535e-02 1.340422099461137558e-02 -4.601170956187147602e-03 1.879411544346513415e-05 -8.623567060416547150e-04
-4.802726826915233553e-03 -3.991515570795489687e-02 1.884145581431088869e-03 3.904240280402545161e-03 1.966892089872273458e-02 1.468584874347075679e-02
1.863998840407913443e-02 -1.800880841385853193e-02 1.633952759795700982e-02 3.334111172097216748e-04 -1.598385788370662239e-02 -5.135632752668188410e-03
1.007883124991697243e-02 7.934312900936034765e-03 -4.359913401900095652e-03 6.460441920902916134e-04 -4.333261830777130827e-03 -2.294291804514745139e-03
3.125969853343860821e-02 -2.261606913259888926e-02 -2.137145126228964104e-02 3.276536208805625166e-03 1.353929894064804639e-03 -1.546407069552857907e-02
1.677720645652965026e-02 -1.117442254178542191e-02 1.569823048287772790e-02 -3.374426944173419384e-03 -2.988204386059226635e-03 -2.136216473430522567e-04
-3.984555705705761057e-03 -1.545791634905665558e-04 8.186386650446846047e-03 6.064452217169690774e-03 9.002293342670700596e-03 -5.165700988231626371e-03
-2.669595899554293768e-03 -2.617857955318749624e-02 -3.008424387103211892e-03 1.411893706554961936e-02 1.347698144563117505e-02 2.460071109007080144e-03
-1.848725805117915413e-02 9.213337078383074599e-03 -1.416212307618558690e-03 7.110034394834438901e-03 1.880876922970698860e-03 6.728502933939669011e-04
1.248571212863204202e-02 -9.549078876430498394e-03 1.454455078800706222e-02 3.549443468914466934e-03 1.584474315389935951e-03 -2.588121297732579127e-03
2.086927078607669211e-02 -1.146370058284811033e-02 -4.148778607869690015e-03 -2.238153003231854558e-03 -3.141864775847377084e-03 -5.270874873505149334e-03
2.595422062229909600e-03 1.345270107659079324e-03 1.078856207813957448e-02 -3.007261796627903883e-02 8.180186719463673414e-03 8.969045465513008492e-03
2.176802827469611831e-02 -2.729617147283657994e-02 -3.263274515062243326e-03 8.110264677604389540e-04 -3.519698229854046419e-04 1.122766029248510166e-03
5.608462992105954503e-03 2.259284892373847851e-03 6.815172259476157124e-03 7.389065859471726210e-04 1.046874816871189986e-03 4.302424048142057078e-04
-1.764825730777787706e-03 -3.686267255506223139e-02 -7.919606874269723498e-03 2.455835056838032073e-03 7.402554497735399329e-03 2.975845265190738692e-02
-2.538776160018302308e-02 1.465256200869603787e-02 -7.825107391453388350e-03 1.123562319007507908e-02 -8.577728769761371356e-04 1.580278427674792130e-03
1.678300730969962615e-02 8.363905425059676296e-03 9.712427734092752771e-03 -1.356739133518953958e-03 -1.562883062805845574e-02 5.754126773071548649e-03
2.763339033649372424e-04 8.656621202293721465e-03 8.029141212232967367e-03 -3.921295972560159999e-03 5.854657152538958985e-03 -5.238313581850286352e-03
1.666019324170532612e-02 7.077844897941657464e-03 -1.463581992225115348e-02 -5.509102977505951279e-03 -2.273012931391147403e-03 -1.325307539427738115e-03
1.510681480102756512e-02 -5.734801774755963685e-03 -3.121626715881171271e-02 -7.765979764525920981e-03 7.531884430966732762e-03 -2.786862423276716474e-02
-7.543477511728386917e-03 1.732569922428028267e-03 -9.692299959964126993e-03 -1.096091977234888576e-02 2.419460215006916798e-03 1.017715374697400303e-02
1.573759123769568127e-02 8.870524398425562798e-03 -9.024075578244009424e-03 1.589312617933175608e-03 -4.893063273174362050e-03 8.860651139212605623e-03
-5.737439788336819863e-03 -1.778678620335969948e-02 -1.191937075293339823e-02 9.097186936018677658e-03 1.051754950519836898e-03 8.910205281862150842e-03
6.426683238608519970e-03 8.463665364598896203e-04 1.506672878236334050e-02 5.134185106253546203e-03 -1.188196367523356670e-03 -1.297015170364160166e-03
1.801845681095285909e-02 -1.978529761172067442e-02 -1.170954416048325918e-02 5.657018350937933863e-03 -2.781416858559578563e-03 -1.215894478729127350e-02
1.384359523066883146e-02 -6.649395374775956581e-03 1.438953716850956653e-02 1.798922591954728019e-04 -2.561343134456676909e-03 -4.651960842381050454e-03
2.893617866587240572e-02 -1.947536217565681502e-02 -2.458556158420594634e-02 3.093628252053498909e-03 1.692321642924615559e-03 -1.832576158978264230e-02
-1.122827042899376439e-02 2.458507615118524572e-02 -8.455974669262606921e-03 -7.909788499031824606e-04 -2.955672529882885299e-03 5.744978350376605744e-03
5.482835007873746933e-03 3.777971138036922364e-03 8.521795115383900762e-03 4.245694812993407348e-03 2.637933055031960617e-03 -1.696743442842135480e-03
-8.292935595313568817e-03 1.122173584039307462e-02 -1.112945619183061674e-02 -7.652636923388082130e-05 8.356129895613665162e-03 5.528106865273586801e-03
7.052071978161394798e-03 6.359011936849506309e-03 1.108051474505372495e-02 -2.191919661530485845e-03 4.794656766725594911e-03 -2.236891717292734724e-03
-1.221116259035423014e-02 -4.423920906905484673e-02 3.289301684422902368e-04 2.218660760624467394e-03 2.010911860377458810e-02 1.796781730590331708e-02
1.158069714876451203e-02 1.589675190806089447e-02 -7.024540795159623166e-03 -1.936433809440619340e-03 -2.205609690152456753e-03 2.976968629933711506e-03
-1.344321224948891863e-02 1.182168800894232638e-02 -6.135099672330043830e-03 -8.131784685127763090e-03 5.225925231913247475e-03 4.490773034946668810e-03
5.375514798345722503e-03 1.576814998903519616e-02 -8.272602350731562276e-03 -6.483428698438484412e-03 1.115472257539362917e-02 7.570834660379021676e-03
2.396733683093821374e-03 1.123273148176829987e-02 -6.352017354655115772e-03 2.422622839957764077e-03 -8.862649019642475368e-04 -8.568733083300187096e-04
1.822425022902320751e-02 4.603048724092765123e-03 -1.722581704806951108e-02 9.148065004345256289e-04 6.737045035952371821e-03 -1.219575592876845534e-02
-1.212469627267215473e-02 -1.059277074398956228e-02 -1.985871852420456607e-02 1.462374886237032511e-02 7.363512644762063193e-03 -2.681923886813797754e-04
1.367410685912823394e-02 -2.241191843199570599e-02 1.443480115733650551e-02 -4.586185509351158041e-03 -4.937791814734013296e-03 4.199299198931598712e-03
2.437967861749466142e-02 3.670640410288826105e-03 -6.100986189426151063e-03 5.630645365540971718e-03 -2.040926878978956485e-02 5.580034901428053071e-03
-6.075219688382573141e-04 -8.214371250891756848e-03 -2.743173513370225983e-02 4.853105200029671565e-03 7.314065698635725463e-03 -3.458008609147846576e-03
-2.138912307643643651e-02 1.614557876010291881e-02 -2.041517117759842140e-02 -1.975404452569905645e-03 -1.087649977461266348e-02 4.955217747394049903e-03
2.309111157495006270e-04 1.792684745512423267e-02 5.083892213820638724e-03 6.316740109581349578e-03 -7.747445751821633100e-03 3.021862512293551923e-03
1.117641892828298913e-02 -7.327235902559614154e-04 1.380345960701735188e-02 -1.566469463207891769e-03 -2.916864829776984018e-04 1.902967180688125252e-03
-2.993933945933530821e-02 4.623439277722249732e-03 -2.127866603593619056e-03 1.970091507634672348e-03 -3.491611968180814100e-03 1.058546289197571542e-03
-1.145574243480092062e-02 5.622422661027315534e-03 5.637289860121171903e-05 9.047523179407608585e-03 6.131628114699953606e-03 2.509486217592406775e-03
-3.492790976953139004e-02 -8.618407497622646019e-03 -2.646730109867941917e-03 4.530713577359491394e-03 -1.345225532760710094e-02 -8.278174020143715811e-03
-2.099032427670903186e-02 1.169286727426051796e-02 -4.493690543246839928e-04 1.002471328950426191e-02 8.389841160943373524e-03 -1.912301709098180712e-03
-1.249411932305037783e-02 2.120394874488656933e-02 -1.438443200828492478e-03 8.027136313803915832e-03 2.522485869558672121e-03 3.305350186809765008e-03
-2.983266054805134085e-02 -2.194291026501292083e-02 4.378990123117846786e-03 -1.221716173170895800e-02 -8.432663885737996801e-03 1.751037104463948986e-03
-6.318137023173479340e-03 2.223395687498538886e-02 5.420155377606076900e-03 -4.255078932624509203e-02 2.112480965097399133e-02 -5.061028524655041385e-04
-4.579990880979515483e-02 6.636860550924245962e-03 -6.836145682339943297e-03 -1.307938675540011326e-03 -6.360540698273861940e-03 2.332551109675961871e-03
-4.762889178704961257e-02 -3.351454662291789011e-02 7.815782336247342754e-03 -1.449737491272363663e-02 -1.216540319464585497e-02 -9.075186608933286450e-03
-2.799399382991277913e-02 2.066033102524959461e-02 -1.075317823940385824e-02 5.984308683302446558e-03 -1.181888288762224931e-03 5.107388308197882178e-03
3.556880209871094572e-02 -2.847908365318877963e-02 -1.371757349619937352e-02 2.616014419571316765e-03 1.383634577617790743e-03 -1.070871787232202665e-02
-1.893967080528407773e-02 -8.918144666391949679e-03 3.406518687783406055e-03 1.326384516916535167e-02 1.401820604122357844e-02 -5.694515309257141417e-03
-1.704682665053535578e-02 -4.754957996519516839e-02 -2.660455945486677170e-03 1.219228433846330758e-03 2.198399151555743489e-02 2.302873215868420434e-02
-1.129981036333286941e-02 -4.485849392109005074e-02 3.223010685796626196e-03 -7.295731176654140495e-04 1.573201892141814009e-02 1.777293908820041374e-02
7.322440198795555043e-03 1.752189250195215764e-02 -1.863427065239408459e-02 2.549028999226256049e-03 -1.085094392895701856e-03 5.844200552136575959e-03
-9.710330423701545727e-03 5.901250966175317298e-04 5.514582337371231290e-03 5.090662415059029819e-03 9.980178232897261512e-03 -7.946740193588331877e-03
1.136457551696460483e-02 -3.029395928655412382e-03 -9.292961149280945868e-03 4.991379562910501846e-03 5.089778128657216488e-04 -2.773905326530178451e-03
2.585737090013852033e-02 -1.112272778775552813e-02 -8.263470678961543428e-03 -1.391037802734102142e-04 -3.719473957833276719e-03 2.141102440205304262e-03
-5.165064125590112555e-03 2.304958301359237224e-02 -6.058309279428142520e-03 -1.719305301728402970e-04 -1.473266591305688426e-03 7.140325094832040975e-03
7.796783827885755448e-03 -7.799005095407937106e-04 1.593358348791132362e-02 4.118831830322122571e-03 -3.833861337410355446e-04 -2.401302911579092716e-04
4.958844611917052198e-03 4.376569666914730330e-03 7.338406659155127625e-03 9.485451243311135774e-03 -7.037810384788995401e-04 -2.308150620240737375e-03
1.389849618558700040e-02 2.184330652005727486e-02 -1.073196680588597157e-02 -1.412581679600476581e-03 -1.051099876116667192e-02 4.610261087715637751e-03
2.729719294812453165e-02 -3.098814538537481358e-02 -2.738202442206425988e-02 -5.073931015824316741e-05 2.459540102146298441e-03 -1.904888243932916295e-02
-1.504584578443651441e-02 2.249614658378068250e-03 5.187976548109435836e-03 1.432408101462867393e-02 9.140018472078926051e-03 -3.295171333977789385e-03
-9.552014551999978009e-03 -1.579988454070297690e-03 -3.034520939057223574e-02 -2.062943554613491659e-02 1.446123905504458421e-02 -8.505627782278538801e-03
-3.534648637455759662e-02 -1.401677526944955336e-02 -6.369469882951553016e-03 -9.287245430055867182e-03 -4.877501864389253983e-03 -2.665715577305119202e-05
1.035332042406544688e-02 -5.148555996233102061e-03 1.510528141434535308e-02 3.019612479561482182e-03 -5.147056978137413627e-03 2.197912688735155062e-03
-3.088906254137465182e-03 5.213852772817771306e-03 9.307178780526252290e-03 8.403169802215464460e-03 -1.431347921598480604e-03 -2.502544812005182921e-03
-9.247194599308967283e-03 4.530442916176709127e-03 1.156130432641486443e-03 7.788084205421197219e-03 3.757007400287552812e-03 3.057060138719462465e-03
-2.466851994096311632e-02 3.996626289496158467e-03 -1.351301689590048843e-02 -4.468500951495208394e-03 -1.141527622225567071e-02 8.254496878936199919e-03
2.481916394497091227e-02 -1.749400471195516199e-02 -8.000819804742583278e-04 -4.649385986396230123e-03 -6.151231250238141032e-03 4.091896641847220586e-03
1.366536957138888252e-02 -1.278351605055277375e-02 1.382226502109476854e-02 -1.454873721932938534e-03 -3.562019641881600425e-03 1.847004813224657717e-03
-2.128390822455960771e-02 9.047795415659943066e-03 -2.317923705298230788e-02 -5.129699292619509720e-04 -3.316114119492678987e-03 1.097802392885867222e-02
1.202579117968812297e-02 -3.468747644560273100e-03 1.326347039616365513e-02 1.510795102684657975e-03 -6.457590096271017231e-03 4.234418799140418979e-03
9.651730914368304021e-03 -1.786198873605416649e-03 1.607861040627728624e-02 4.248829070454873680e-03 -3.372698743415753365e-03 1.182295999357245702e-03
-3.530757254553475773e-03 5.559543547781383745e-03 1.273654682599815839e-02 1.095755615969512022e-02 2.646467418638346215e-03 -4.545358752205972200e-03
-3.235471206666986656e-03 1.348995626770685928e-02 8.573683108795323790e-03 7.055924385961038180e-03 2.106806904332678317e-03 1.675334378890375349e-03
-1.049014061316685606e-02 -6.691419355193568667e-03 -2.778819061990761997e-03 8.682484996258617999e-03 1.659486445198891588e-02 -9.195360447262265063e-03
3.180103392028936320e-03 1.613880102633143132e-02 -1.426383816651399794e-02 2.132276763286076061e-03 -3.389242436623471962e-03 3.342222468916887252e-03
2.344873935036723145e-02 -2.060322156655659820e-02 -3.333412999782581210e-02 -6.643253377859099050e-03 1.180393474989472518e-03 -1.773607480597559974e-02
5.006421141068956478e-03 1.013264902333003807e-02 -9.971969499597074446e-03 1.729018284871507377e-03 8.432417040462628034e-04 -9.708663668745870501e-04
1.810918190905137434e-02 8.196143866477446568e-03 -5.737258285643464031e-03 -2.622016070599325881e-03 -8.086915908864695385e-03 6.090466477798771143e-03
1.089031569459120510e-02 -2.218915510190547571e-02 2.483941472516758720e-03 -3.439770089212460967e-04 -3.067494854629912882e-03 6.901335549659298740e-03
2.074759775640609705e-03 1.171299513236717833e-02 1.006997352405918854e-04 2.598139416408551047e-03 -5.456545031209251474e-03 3.712529329707137896e-03
2.453196351456865890e-02 1.600407597673513416e-03 -3.206856884110403927e-03 -2.831834063080833179e-03 -8.779381018880851040e-03 5.875356560438017156e-03
-2.460996699419850872e-02 2.809441829954098177e-02 1.892325236090534098e-03 -1.397740646616893283e-02 1.643946113906396070e-02 -8.473350137280077216e-03
1.517059869108402202e-02 -1.734957663908544279e-02 2.263718282778545384e-04 -2.347751594516895267e-03 -3.378591895723052820e-03 7.201778946957386462e-03
6.142649678420384132e-03 1.800579907313209008e-02 -1.051136508445980888e-03 -1.613849848292607915e-03 -2.126536862507893283e-03 6.297048151322260680e-03
-6.150206696535782253e-04 -2.528031524243943423e-02 6.086317990317041788e-06 1.340072843712259223e-02 1.156923369943067652e-02 2.894182775931470036e-03
-1.020231501882556263e-02 2.388100705005512595e-02 5.370839563427227265e-03 -4.237489134728394946e-02 2.117477000212596161e-02 -9.081095411123333693e-04
7.239769438860762032e-03 1.460513370013593118e-02 -3.682798806383668754e-03 4.090032761398642441e-03 -6.890777215150645403e-03 4.276044204349295844e-03
1.711059802500918686e-02 -1.000998436706419630e-02 1.374721466628195214e-02 -5.324265849529465772e-03 -5.145960597659460754e-03 4.303590651053222117e-03
-2.306762108541379405e-03 9.684470187473129396e-04 -2.928634963541958819e-02 -1.715730529094595599e-02 1.594369300746783374e-02 -1.398027344258992444e-02
1.548959694453117854e-02 1.360559551993478604e-02 -4.625546145116209325e-03 -3.526401099095716630e-04 -1.551354756591942106e-03 3.050871746629203914e-03
3.140260007132832272e-03 1.008855203351697455e-02 6.902713465631552837e-03 -6.148296275343179823e-03 -5.478147722881546340e-03 3.549532574652978622e-03
6.278367339605987404e-03 1.324212430096427355e-02 1.266348420614709855e-02 -3.482731206410761508e-03 3.207954140044257715e-03 -1.709131178822036624e-03
1.433382930068557645e-02 1.029374127037665891e-02 3.607029545441266683e-03 -4.050789035587777794e-04 -1.439258279897415171e-02 8.445231694175435108e-03
-2.293400056528518624e-02 8.023563602989763205e-03 -2.300507616480924715e-03 4.692402881119114334e-03 1.936500681121848229e-03 1.024451490151438108e-03
-1.403266429868167014e-04 1.541249872664306186e-02 -1.485144314541338682e-02 1.051208047544928154e-03 -4.062240214824641531e-03 4.182323697508308000e-03
2.201766097570431301e-03 1.203385125622077195e-02 -1.437014967731065594e-02 2.604434309493287858e-03 -5.330363759726016760e-03 1.001918034391572655e-02
1.064271706928270750e-02 -6.908353371524085691e-03 4.080709340098573508e-03 -7.334867821121345954e-04 -2.658930838532465139e-04 -5.617363620542946238e-03
8.956280465720957082e-03 1.087312335129577085e-03 8.814647060846303797e-03 1.501374692378964690e-03 7.256778204110539638e-04 2.176742814923157340e-03
1.514610465447831407e-02 2.999460657548605859e-04 9.277286918900949295e-03 -9.747334020834216156e-03 -1.106845030921389545e-03 -1.841771073186799796e-03
-1.741046568936108901e-02 7.325450085151481196e-03 8.902323216792448757e-03 9.015149763149994666e-03 7.464898291434480908e-03 -7.470172946896562645e-03
-3.428894538179785064e-03 4.787651045456911211e-03 1.383561835731104625e-02 9.440606205843722967e-03 3.118042725270282322e-03 -4.887502181493185230e-03
-3.227593391062617140e-03 -3.931187096534903558e-02 2.644267851916700870e-03 4.522350719686858353e-03 2.115963109335414552e-02 1.312869423358759176e-02
7.851065357035207776e-03 1.097753304308986093e-02 -6.333777071285462412e-03 1.299183191898380628e-03 -2.250806275222566578e-04 -2.201273009644041977e-04
1.997198070493642896e-02 -1.117443745617139120e-02 -2.156230785129026675e-02 -5.407140290847382152e-03 6.999469630346484561e-03 -2.260385560188041612e-02
3.716085051624126029e-03 3.741449245913758530e-03 1.427230420322158667e-02 6.805800846684273778e-03 -1.862818841566762050e-03 -9.135241764521037731e-04
-9.593295652752815289e-03 -2.642909271717603856e-03 4.299623592327060477e-03 1.261137021540670138e-02 8.463249639030190688e-03 -2.703563096000425681e-04
1.643727874131401673e-02 5.109395611538365169e-03 1.537718958960866862e-03 -1.420808041200285988e-03 -1.233399876343810667e-02 9.067669375344259569e-03
7.964262819037799118e-03 1.579890062405349752e-02 -1.306009063578805404e-02 1.682260753343515483e-03 -3.710986370869044128e-03 2.314805545092742285e-03
2.657377384496782333e-02 -3.343984297637912079e-02 -3.256668933972491076e-02 -3.566947581966074289e-03 7.326020239695513366e-03 -2.115123107246375672e-02
-1.073062694713665215e-02 1.339722232112419871e-02 -6.894678180478410595e-05 5.020042574938029210e-03 9.973031943232070506e-05 1.822527493404338438e-03
-4.752678890140360002e-05 1.933845197452275025e-02 -1.961638478870504979e-02 2.491442125633592033e-03 -2.591878839829577126e-03 5.676747192655715382e-03
1.293904715615895422e-02 -3.720118112379760134e-03 -9.716354638068415775e-03 9.021151333017464122e-03 -6.761411865744517736e-05 -8.630885927919379821e-03
-3.208776507429459768e-04 1.477664464905848254e-02 4.253212842683044143e-04 5.714434980237668819e-03 -4.636920881156600914e-03 3.206964671890473462e-03
-9.611390511048593238e-03 1.337308372739649809e-02 6.180045373822260803e-03 8.290533483543542984e-03 2.151536320735157517e-03 -9.301186952235029675e-04
-5.709549538019875574e-03 1.668792472400775634e-02 3.723519768091651701e-03 2.279600351495731075e-03 8.502555456821029754e-04 1.072822674775965757e-03
-2.330146519708482106e-02 1.883067328048902006e-02 -4.195913374661179585e-03 -9.570580665282614127e-03 1.164304283631908618e-02 3.746769762000645254e-04
9.991393084281832704e-03 -2.426212346818633001e-02 6.295521463502496903e-03 -1.055183355102240483e-02 5.065411263647605182e-03 1.488190381573732159e-02
-4.924251991454322436e-03 -2.567860550967155861e-02 -5.788198986617494775e-03 1.396198638150733702e-02 1.114906982478789527e-02 5.989897033340384376e-03
2.460112552004710147e-03 5.146878929474220593e-04 -2.697958142416648566e-02 -1.543591058695904968e-02 1.438639169926134512e-02 -1.502415770537494574e-02
-5.185922831257536690e-03 2.550159685480669902e-02 2.601506384757114147e-03 4.455277981038014389e-03 1.606686638555071631e-03 -4.479719194528193529e-04
-9.646970041089542730e-03 1.773658722659727030e-02 2.217310713887300517e-03 1.943212996644202214e-03 1.387395342647132490e-03 1.684968326338054574e-04
5.335632670536922736e-03 3.743439001563515257e-03 9.193855981917062326e-03 3.915717392560148650e-04 2.349971960164902300e-04 -2.927330016399023755e-03
1.233997511846898418e-02 -3.438414305897758826e-03 -1.137697632724297449e-02 -3.365222636034727668e-03 2.686359590671575921e-04 7.187678632266465174e-03
-2.803718437826097434e-02 -6.911040838478672149e-03 -6.132319808337189510e-03 5.444484389660084883e-03 -1.206517429534331026e-02 -3.399971617416160628e-03
3.913958671582717756e-03 6.863153736673943944e-04 -1.683057650167650576e-02 4.670965201486164571e-03 3.557760925390970972e-03 -2.556884095779130874e-03
-8.725880967861620804e-03 9.751703578484174212e-03 7.791841870157027901e-03 1.321147552400486931e-02 -3.105309765488784067e-05 -6.984387432709822071e-04
2.168038519749077714e-02 -1.203748683002591434e-02 -5.966824582235532269e-03 -2.797981931226811107e-03 -3.581441391348576687e-03 -2.114011761938758022e-03
5.990138758669541139e-03 -8.840380451774099146e-03 1.201787735897549315e-02 6.627666460014723301e-03 5.998042242592361434e-03 -5.103411596195165691e-03
7.014848507827424820e-03 -2.138995582327425735e-03 1.245990041384160626e-02 3.736372305894334125e-03 9.261632721621117573e-03 -8.496385455908540482e-03
3.904249348016599740e-03 1.195266039718024566e-02 5.835077743655087308e-03 -3.202754553925105802e-02 1.173121553653841756e-02 8.406542235706963850e-03
-9.480264585698398166e-03 5.249972254898596473e-03 1.130045380080461556e-02 1.146206797598059782e-02 6.175384640608232167e-03 -6.318566729813547556e-03
-8.450138086172362048e-03 2.129752472626219445e-02 -2.705242200110768080e-04 1.056969274619637238e-02 -1.257592551315888209e-03 4.360105628481992547e-03
1.434386546875371544e-02 -2.089622894794302202e-02 1.141957178536841602e-02 -4.097230865257925521e-03 -3.115758638406993658e-03 7.314798403421775980e-03
1.630472091844037408e-02 -1.773427953461173892e-02 8.130685777318886684e-03 -1.598116383686140271e-03 -4.264441015973537488e-03 1.341586890858440483e-03
1.502228851145539883e-02 -4.132918853501548265e-03 1.663666370513367659e-02 1.364816279564132510e-03 -3.516935665810135437e-03 -2.037053286864599390e-03
5.506082421951280590e-04 2.339039776900506823e-02 8.073055003559027193e-03 -4.006340198676842240e-02 1.691208368129582668e-02 2.046783593594551920e-03
1.076086538043879645e-02 1.359622743048212110e-02 -2.008591573078277650e-03 3.894437331728196287e-03 -8.096429895670534740e-03 5.188867331655439875e-03
6.895514320644154614e-03 -3.502911161822842932e-03 1.064240764004555084e-02 2.109950892152740766e-03 -1.278587722274469266e-04 -8.535668831591186265e-03
-7.813542428784501538e-04 3.909760437692812521e-03 9.976629827986879459e-03 8.631195697221956745e-03 -2.133576275886425559e-03 -8.427629898867789295e-04
-9.077171303206918104e-03 1.372277482130222076e-02 6.941997306698967536e-03 9.784295167941700622e-03 4.639554262513828978e-03 -1.523552338662756541e-03
-9.698960206213058308e-03 1.049562374469336853e-02 -1.402040131361143548e-02 3.481162429813323706e-03 2.336278982052876745e-03 7.999483143790816000e-03
2.595804116879188439e-02 -1.684179248957420535e-02 -2.863655291249642132e-02 4.130451975669034541e-03 1.397019493708367803e-03 -2.011178097600227477e-02
-2.516836773345996776e-03 -4.192643371807409924e-02 4.977285214217645054e-03 1.511684045750812761e-03 1.821802065543417365e-02 1.255041999087126540e-02
-1.847386680237672737e-03 -3.622707369013386525e-02 -6.920575544337287908e-03 4.120807161181760415e-03 7.516048014154739880e-03 2.672561584043720018e-02
-7.519099156157510976e-03 1.072852888752316540e-02 4.894407794346919763e-04 1.039935135373910684e-02 -8.123145354309731746e-04 -5.603285007317275858e-04
-4.823399319084344800e-02 -4.150183493388232003e-02 9.175699119520940722e-03 -1.894477156424652364e-02 -9.016917098148445261e-03 -5.384177876881173115e-03
-1.017683131971168151e-02 -1.023714808214558000e-03 -1.536446083117205992e-02 6.795649081248958043e-03 3.637971194689994421e-03 1.105989109255382276e-02
-8.826580385263812275e-04 2.493762618803358876e-03 1.095469484993988156e-02 -3.136402190704477150e-02 1.033249282461793164e-02 6.876502581212739010e-03
-5.234525333173125012e-04 2.036579456888677406e-02 -5.136410468174770435e-05 8.194637745821168121e-03 -3.317388852778753970e-03 6.822295998606131735e-03
5.129998397698931276e-03 2.005782334459072207e-04 1.476926548699346482e-02 2.820699279658558326e-03 1.056374457666351980e-03 -3.139651848972864479e-03
1.158484746796016249e-02 -2.132347499678840033e-02 -9.536814076612186442e-03 -3.723049465815130368e-03 1.870555282739815592e-03 7.530133227993341706e-03
1.614064647513004113e-04 1.213747915609897365e-02 -1.295350832367180537e-02 -1.435224491780636314e-03 -2.031757227446349869e-03 -1.755363060541554644e-03
-2.055673011387102594e-02 1.992672977481407814e-02 -9.375630381741889216e-03 9.293494339989995592e-03 -2.341271050420961047e-03 6.249435989446055703e-03
-1.503666758477900309e-02 -6.958459436316590668e-03 -1.482670331149937501e-02 3.452777852449738158e-03 -4.209692745158940749e-03 1.209110463522295766e-02
1.026613739582742622e-02 2.984281168791759844e-04 1.091274590322689579e-02 -6.549379605288208582e-03 3.114467105627742767e-03 -6.174685853789978890e-03
-5.896323170225733004e-03 -4.013098053317658981e-02 5.214615133554646211e-03 2.920905700075752219e-05 1.833978118785045686e-02 1.559314037850637567e-02
-2.841763622719518934e-02 -4.129099629178207588e-03 3.118943099309483703e-03 -6.671704418260916876e-03 -2.297785446318958633e-02 -2.909963273285303895e-02
7.463082746855461379e-03 -2.177162690965683389e-03 -1.185456056154259030e-02 4.548638256334308627e-03 6.022054999055529052e-03 -2.823096483597635226e-03
-1.201262917553903506e-02 -6.667940762361960691e-03 -1.513062626344523556e-02 3.585327545771502776e-03 -1.932686238054800998e-03 1.197091964821456016e-02
-2.497312406441142690e-03 4.962991507995669765e-03 1.015944827477954782e-02 8.402556422024183222e-03 1.919275315454629016e-03 -3.157369874914761447e-03
1.623565519768504703e-02 -1.419000830023806232e-02 1.229243522340766649e-02 -4.006324190460035239e-03 -4.119041756295704383e-03 2.323885080481857650e-03
-2.110758959227532899e-02 -9.476924648079781965e-03 -1.787789341944345453e-02 -1.020290964167052707e-02 -1.141691355443163157e-02 -1.692427953670919832e-03
-1.189901779639817442e-02 1.675777659289984928e-02 -1.985067077837118082e-02 4.835547747725339155e-04 -7.611559180523442061e-03 5.300421224690658045e-03
2.235980929591965469e-02 2.328001824271516609e-03 -1.841726475810618810e-02 -3.001757692157822240e-03 2.280755670193533244e-03 -1.792319806899875809e-03
6.450075696379944587e-03 1.517995160363841932e-02 -8.823948970780881324e-04 -2.773012955329696473e-03 -5.588349873993836772e-03 4.270247977831972096e-03
1.241053991439570146e-02 1.924303649210857073e-02 8.646668825324372795e-03 -7.461677899559326227e-03 -9.583697796732959517e-03 2.786472926126993578e-03
9.117373782491791645e-03 2.000577337016041374e-02 -1.213089418139654332e-02 -1.530566746685058967e-03 -9.504278645114211735e-03 6.348310056422534417e-03
6.276365725194106918e-03 -3.761137261562014569e-03 1.113504913460400432e-02 -1.070555985526393510e-03 1.226157537956793463e-02 -6.773773885923512796e-03
7.047895074118237790e-03 1.225954046374272063e-02 8.447741066474001581e-03 -3.345656841222902772e-02 1.137091641597868553e-02 6.162027855495440590e-03
2.232357177876575713e-02 -1.698841753468947890e-02 -1.518550449929831521e-02 -3.333254382109601677e-03 5.348869799346595878e-03 -9.047289073080722055e-03
3.209083034911394249e-03 -3.220521178747891289e-02 -6.429551545259593916e-03 1.470673870925490829e-03 -1.338895716978229494e-03 3.394019110542469131e-02
1.515345914301346152e-02 -1.726779355700896329e-02 1.176354653851838412e-02 -4.456556322519473340e-03 -2.339651219103745881e-03 5.929696401016347658e-03
-1.978157849001298003e-03 2.569626917781955497e-02 7.537667202844872474e-03 -4.179868397469449492e-02 1.868333337626469290e-02 4.121511477876750877e-04
1.202516039117091338e-02 -6.819901836666054104e-04 1.241764864890295035e-02 -5.908134263007614601e-03 2.936926902682518437e-03 -7.030743659006619996e-03
-1.256911334138313512e-02 9.079145881550322594e-03 -2.277359106735277541e-02 3.438126067636195372e-03 -3.583787236083789841e-03 1.306760695243505167e-02
2.202902489992125939e-03 -7.015582641917349378e-03 1.083936626262115011e-02 4.929506167899264969e-03 8.678675528279392731e-03 -7.373968132861546260e-03
-1.616701482966486497e-02 -3.015531625306155060e-03 5.962620708577032191e-03 1.554900871681429500e-02 9.753077271143549207e-03 -4.151015295677348144e-03
2.227658284818272855e-02 -2.474165129824006104e-02 -4.202858599524827640e-03 5.307796244476893632e-03 -4.035742325590849569e-03 -4.114308123567229913e-03
1.221911226073161237e-02 2.942328077545832733e-03 -3.272752320215341956e-03 -8.512643344332297343e-03 -3.954760314572534560e-03 -3.324988937203210079e-03
-7.112763385817186604e-03 -1.391758309609318102e-03 -1.309281811906002832e-02 6.322951812195999090e-03 1.019892497878561403e-03 1.220539820311982576e-02
1.688373201915487065e-02 -3.387250406062549784e-05 -3.935487151503102264e-03 -1.028900856233195583e-02 -8.715036986840434896e-04 8.822420135560177321e-04
1.216266631058540021e-02 -5.929791035088277130e-03 -1.459616963898030789e-03 7.213138119231733876e-03 -9.140316260649188757e-03 -2.719384550454529760e-04
1.271446811302411571e-02 1.182754617942313041e-02 -7.383680880529840010e-05 6.113552250742134483e-04 -8.206807364522622147e-03 1.133561383252409960e-02
7.422282216002318127e-03 -7.980438843389451448e-03 -2.328893325490625013e-02 4.972580361320823837e-03 5.946024470227287070e-03 -4.287913231014353448e-03
3.395239388822098633e-03 2.406215788862989605e-02 -2.873178087636932970e-02 -7.211020889291056869e-03 8.695640748760202418e-03 -6.539834231855825783e-03
1.715277009794369950e-02 5.077352349015898901e-03 3.362034297819794723e-03 -5.465310017440691386e-04 -1.815598445006919373e-02 1.017700304775777734e-02
-4.905593100230152409e-02 -4.422595750515953550e-02 9.757948990559995803e-03 -1.805977570390331771e-02 -9.061993634379148996e-03 -5.559916844465752350e-03
1.867585921006474289e-02 1.329748568007662344e-03 1.453460387203980907e-04 -2.141780585228815741e-03 -1.632829295033444081e-02 9.142933065754069513e-03
-8.818640208048624972e-04 -6.061126970281010065e-03 7.744698933609136561e-03 4.733936476621860255e-03 6.980395571736810155e-03 -1.433290961071357738e-03
-3.360202605269729803e-02 1.683061723824750069e-02 -9.518964589715408001e-03 5.653987267082297326e-03 -2.856695736997151482e-03 3.810932612535799374e-03
1.363879458572220607e-02 9.972958753644397406e-03 -8.929626255340242030e-05 -2.181530705398216936e-03 -8.919913926286498693e-03 7.169383282426883622e-03
-7.003280486034805684e-04 1.333809528647622936e-02 -1.246895991492117522e-02 -2.616935447973098641e-03 5.617627913217027209e-03 1.142448443470573186e-02
-1.150525023265324721e-02 1.003805986122263336e-02 1.887619057035900194e-03 7.586900073962129544e-03 1.968980998421515551e-03 -4.217769836134408683e-04
-2.905209293101379542e-02 -1.480493773764841696e-02 -1.400126799656231311e-02 -1.275264579512570828e-02 -1.383671574127348647e-02 -3.703804409514218320e-03
1.486917500915427466e-02 1.290593634203214719e-02 7.957597748718936090e-03 -8.199235124621912646e-03 -8.971950887497838478e-03 3.588485787294061740e-03
1.331768758066599265e-02 8.601381822952787470e-03 -7.749953602413472802e-03 3.990583614555823569e-03 -7.489693272607380638e-03 3.612704584268844245e-03
1.564697372591398669e-02 -1.048143359614376290e-02 1.311597399922242481e-02 1.633811800031413066e-03 -8.504599944055299052e-03 4.804220381374439512e-03
-6.033284546540312876e-03 2.656439633277548479e-03 5.889547289570282000e-03 -2.386010853085258291e-03 4.864537676369302087e-03 6.998122712765649303e-03
1.369903556690729544e-02 1.631745501609769492e-04 1.369965571534176654e-02 7.065000946202087918e-04 -2.135739522175045171e-03 -2.150861976832034970e-03
3.731893740423120401e-03 4.072730660066819011e-03 1.432911979453322868e-02 4.137485781641014708e-03 1.058025813733622783e-03 -3.807074289207741657e-03
-1.508788671328114249e-02 4.201230884412870438e-03 1.706176189756382269e-03 -4.048477355823783611e-03 -2.167609264233720176e-02 -2.105428931442011528e-02
2.488865761814747571e-02 5.812322206010224479e-03 -1.172532654751466154e-03 -2.160490437342137051e-03 -9.015328635670840154e-03 6.025832182823663390e-03
1.852592703311788450e-02 9.843885275791197306e-03 -3.763415995615425162e-03 -1.455758015850484909e-03 -3.088655667288160104e-03 4.815100110361071953e-03
-7.783367189883903976e-03 7.850689644677794976e-04 -2.346215486230408473e-02 2.297267883097583747e-03 1.463339556323687933e-04 1.014986353840248228e-04
1.055207370581531280e-02 9.105306287383029560e-04 -1.277894931116173131e-02 3.195590221964569877e-03 3.127037877037862953e-03 5.910456305264871047e-05
1.557777981429687942e-03 -4.159761927701949649e-03 1.572286597225463003e-02 9.909983296669921948e-03 1.637875345341467453e-03 -5.139005318079085081e-03
-2.535459928069872578e-03 2.017592293823722294e-02 -4.111276651440726529e-03 -2.727851978088963007e-03 -1.992440238149483477e-03 4.822844654246401588e-03
2.025287821087392789e-02 -1.957648796686033837e-02 -3.515109300678029985e-02 -7.757168003112953521e-03 1.086285243330099436e-04 -1.658745338108867998e-02
-9.576698907693413296e-03 1.826960290267021225e-02 -2.626607917087339650e-03 -7.027687789188546454e-03 5.699126632189021290e-03 3.150354156785203051e-03
5.298680567065456280e-03 1.327301709706069088e-02 -1.072110823599527196e-02 3.127812456570195059e-04 -2.382487444313600208e-03 6.262738579939378103e-03
4.615653844298363805e-03 -7.105050031731752116e-04 1.109288055719639260e-02 3.505112960810726017e-03 9.267215857654574618e-03 -1.008512362933100016e-02
8.030797549157709866e-03 2.009830380564790395e-02 7.588833495916670266e-03 -3.797500134036019964e-02 1.144286280639798814e-02 4.043194769321608109e-03
2.265764796143044518e-02 3.094478140619773103e-03 -1.587703985109070390e-02 2.694785237434316780e-04 3.479058497155185226e-03 -1.177145139807197344e-02
2.261689005152849735e-02 -5.485463668387621609e-03 -2.357293790561072657e-03 8.132392175666552925e-03 1.318867098266857151e-03 -6.306647455799359488e-03
-3.137687752372607473e-04 -1.200502547547452467e-03 -3.761199045383965475e-03 -8.555200509987974378e-03 2.021616180962581676e-03 1.015902835601329574e-02
1.095940836629968190e-02 6.409239585319866095e-03 -3.940896181381164584e-03 3.433665881605783843e-03 -2.768693191933815217e-03 -4.588876926839023694e-04
-3.106608786566815092e-02 -2.881055996216563136e-02 -6.036836528545659782e-03 -2.193828351499409884e-02 -1.414921643271476945e-02 8.545608818362901427e-03
1.895961678647170232e-02 -7.832160059111265699e-03 -9.093591185520876266e-03 -3.058670281860829260e-03 -4.715834623242319210e-03 -6.735486075378373412e-03
-1.297349251226475979e-02 7.139789994466030475e-04 5.234867021223742201e-04 8.935740917241788775e-03 4.992181629314418334e-03 5.642451276936223887e-04
1.955105926076564776e-02 -1.711362737384608534e-02 5.720818544274290478e-03 -1.493441803933851864e-03 -1.247970241660092960e-02 6.001940459608390288e-03
-1.433943020353743714e-02 -4.718375374193956029e-02 -3.172562868569758895e-05 -2.308859231812835332e-03 1.414189052534868193e-02 2.776492532111464462e-02
-2.262988174336912420e-02 -3.664288288925496729e-03 3.342528951194483414e-03 1.528763426422561321e-02 8.210825733953734315e-03 -5.238579337512278694e-03
-5.674666157144986345e-03 7.117352826185124187e-03 1.410800937707451345e-02 1.026714108286043078e-02 3.454629046716479503e-03 -3.298461802024710895e-03
1.604246933200963524e-02 -1.841336279797336183e-03 3.557030986808269735e-03 -1.212281128622805584e-02 2.089243593925567378e-04 4.255169212037038587e-03
3.309041702482362624e-02 -2.566527980660595482e-02 -1.696336374100930466e-02 3.166480045901109031e-03 1.330390567338814254e-03 -1.146080105621813394e-02
1.052866435613461667e-02 1.328780281829227729e-02 -1.084810226680287025e-03 -2.095876429504619793e-03 -6.160457881550915858e-03 6.491455087978397279e-03
2.052628144349400840e-03 8.505041634369916699e-04 1.268964172003609822e-02 -2.989747284457854384e-02 8.930574618819169669e-03 5.108892271102383892e-03
1.215233707928330999e-02 -8.948719799903290251e-03 1.275042947714398467e-02 2.749265656919821794e-03 9.842178702918188212e-05 -2.637864782619733523e-03
-1.972136220122801611e-02 1.026131107680970482e-02 -3.430036948944875392e-03 3.598719443812200755e-03 -1.746653745360691708e-03 8.614579315624526544e-04
9.380050732481090559e-03 -6.501928507703608889e-03 1.303499879988049941e-02 4.640643369751953733e-03 6.243431093456507965e-03 -4.388085084195165499e-03
-3.506057612285553779e-03 1.301876336130823250e-02 -1.551882137494147405e-02 -2.181931177480790282e-03 -1.146535792482296541e-03 -1.241323925346572493e-03
1.345167821330708544e-02 -5.425214899332946039e-03 -6.956762082727310260e-03 4.811940709398879711e-03 -4.688901692686624732e-04 -2.741942092967727951e-03
7.581371257404431914e-03 9.911074867302444025e-03 4.719053218673353693e-03 9.037177814813524565e-04 -7.510810686370729926e-03 4.767937435311662454e-03
-6.727149975155848408e-03 6.546875703630470906e-04 -2.297826590815934752e-02 6.040858289398568122e-03 2.855986411253620271e-04 -6.865075108101830435e-04
1.330164703480808848e-02 -1.485568103748169909e-02 5.824372642266912800e-03 -5.638345771493116689e-04 -8.424289199802291418e-04 3.298194875881458026e-03
1.527586179508972491e-02 6.496079994298674734e-03 4.440615135206620718e-04 -1.578800834444658548e-03 -1.122166954450687371e-02 7.042291358973254770e-03
-1.486316059599846091e-02 1.104365868567557321e-02 -5.323062779544595474e-04 7.374507517949776582e-03 1.867553195443635980e-03 8.561938256969632696e-04
1.643770106918482701e-02 -4.670698078271520379e-03 1.197800239772815571e-02 -7.295001373942253640e-03 -3.397757920609154828e-03 1.889370962912242154e-03
-1.982309379003635574e-02 1.254056582339294242e-02 -2.009239191415421611e-03 9.967881274026247490e-03 1.856346433342832792e-03 -2.175163194620099907e-03
2.045983225946730599e-02 -2.247201696737852541e-02 -9.310533433838225070e-03 5.049599625990134830e-03 -2.251483631790649614e-03 -7.986350338569396176e-03
4.519088896949205301e-05 2.746971366405881812e-02 5.470218154538649021e-03 -4.429258638462199582e-02 1.451336666995345359e-02 5.429476443134283528e-04
1.120618098417884611e-03 2.348892880378199155e-02 4.294966598034216654e-03 -7.910371857654719188e-03 -3.303566779843847018e-03 -8.179030403223417440e-04
-7.754081466880595290e-03 -4.280348030175305102e-02 2.179060160590169198e-05 2.328988405842107035e-03 2.049736468840924683e-02 1.809564824172512493e-02
1.585407884067188689e-02 7.582860587001292486e-03 3.994493317052925582e-03 7.700304630385155146e-04 -1.609408663022109803e-02 9.051822691800831197e-03
2.632944974740587200e-03 5.580124050239357487e-03 9.765182934569398288e-03 -2.121213260568866228e-03 6.250322265912097892e-03 -4.659127184328653790e-03
1.804480210133132048e-02 -1.394456704144655100e-04 9.435194062866313763e-03 -1.764417349463150370e-03 -1.026127865166962319e-02 6.174299440823809160e-03
-1.037711345138427749e-02 1.095576042421561418e-02 -1.462059248048827413e-02 -2.456965749816765292e-03 -9.082318960664481590e-04 1.677447204709572957e-03
-5.682512208924572761e-03 7.100641507321967839e-03 7.983581296418943221e-03 7.301585716658756837e-03 -8.302791502185107638e-04 -3.397118820781801218e-03
1.587814859287187477e-02 2.702495671689703494e-03 7.051674487153168462e-03 -2.001709044899815590e-03 -1.154485520289662455e-02 5.110776011701822705e-03
1.021942983049940572e-02 -1.952567903348107576e-03 1.310607312098029283e-02 3.372849185840159480e-03 -3.928972925193112420e-03 3.156588985672969128e-03
-1.509920633952834164e-02 -4.960873207479420816e-02 -1.574708815661064699e-03 3.696935575546900113e-04 2.073018394329814371e-02 2.460349853025965358e-02
7.871766747016098811e-03 3.633316913441971517e-03 9.950231513860109331e-03 3.342142882308185049e-03 6.360851451495783300e-04 1.284391618177289159e-04
1.651256882146834998e-02 -5.964712219489864270e-04 4.137109780592244414e-03 -8.850882435789530350e-03 -2.125794318253058750e-03 4.378728410797934865e-03
-1.013788205735840532e-02 -2.195060281962525790e-03 2.143079084890808349e-03 6.368557490761490858e-03 4.067064287519393286e-03 -8.945425675238125734e-04
-7.169251310349961624e-03 -7.776497184620484102e-03 1.080744693876718905e-02 1.392287058048963938e-02 8.789192663362567493e-03 -2.160380762899455354e-03
-5.595087383797391761e-03 1.612924251937250747e-03 8.128660267444277887e-03 1.428567520451671027e-02 4.411356237429168298e-03 3.940929602041386062e-04
2.128893591150165469e-03 2.009718495324778684e-02 -2.373425109999224326e-03 -1.176926101633900094e-03 -2.541556113381977788e-03 5.762512508798184156e-03
-2.870321472544827904e-02 1.987531731782969137e-03 -1.633351691075442952e-02 -1.931621031066987427e-03 -1.084012383094291876e-02 1.052464398741162314e-02
-1.292541543181056560e-02 6.894348190446341652e-03 9.906100616062330638e-03 1.109118986990981215e-02 6.517247110795570085e-03 -6.471481653450102470e-03
1.336538211641781211e-04 -8.559950812973288062e-04 1.304266087357605977e-02 4.101872770841465642e-03 -4.821230977958013424e-04 -1.465401115932386160e-03
-1.382604584115518492e-03 9.839415760753780077e-03 -4.838957887287821842e-03 1.257647097738127939e-02 4.223523923375452891e-04 6.384749385907723639e-03
4.803446335342324500e-03 2.352450107225576795e-03 1.103814479667824568e-02 -3.796005394467719314e-04 4.957723746251935064e-03 -3.265761305260110863e-03
8.338997186486824800e-04 2.283560087441416104e-03 6.188428280602254264e-03 9.072476088380210593e-03 3.829526734143150982e-03 2.023869827182256799e-04
1.393985038399913126e-02 -1.585140687164894287e-03 1.482351720370900239e-02 1.877387825669325988e-03 -2.228754419633189199e-03 -2.096223558106315426e-03
1.200685402561891060e-02 9.918761426552102564e-03 -1.042714171978710580e-02 1.458595174580247641e-03 -4.282948974621805099e-03 6.680116806982660214e-03
-7.080505472598109910e-03 1.911608415750903900e-02 -6.128470814418748597e-04 7.618739264210251140e-03 1.258432770523061021e-03 4.961083358475314349e-03
7.371243757293908551e-03 5.526133536540203672e-03 8.736401864755775210e-03 -5.163604317208479559e-03 -6.159283793965661218e-03 5.468124092451432348e-03
1.565897746476491419e-03 5.450944151331500384e-03 1.071053082941681237e-02 9.146166010669672455e-03 -3.720554575567791393e-03 -7.530614842613988493e-04
-2.174877547405030392e-02 -3.068289356012476182e-02 5.061531726821927269e-04 -4.801683923166449701e-03 -7.046330372477527075e-03 3.142679757515908184e-04
-3.520620151945984353e-03 2.645307916351836812e-03 -8.909335124458914526e-03 8.459915781220772243e-03 1.982725194895369226e-03 7.814095105721253001e-03
2.022289734541997050e-02 6.221460496110214379e-03 -1.821250376806777356e-03 -2.354372555669427547e-02 -1.488934480434105827e-03 -4.522052905033615579e-04
4.522164786500074661e-03 3.523064749425795089e-03 1.380202478615590728e-02 6.197673594639567735e-04 6.872290444712586012e-05 1.764934379369925298e-04
-1.358500302148296516e-03 -1.637958278873346066e-02 -8.379104578445798271e-03 9.076692547384457993e-03 1.323336069547148032e-03 7.849429009293007117e-03
-1.147133513239312688e-02 -2.107643816114355972e-03 -1.586362419832976559e-02 5.699143328385454510e-03 -1.297072304613396815e-03 1.225064109417931327e-02
-2.860069807536690448e-02 2.319984397768900478e-03 -1.933126743669846132e-02 -2.890435249180668079e-03 -6.482615477252224451e-03 1.081059652790117981e-02
2.015204037611807025e-02 -1.852225241666454608e-02 1.354384725702331054e-03 -1.111515841113959978e-02 7.967719621927387254e-04 1.357234045936026165e-03
1.006246248232754367e-02 -1.121755586521208485e-02 7.085194702409707175e-03 -2.275363435413363389e-02 2.230418006105672028e-03 4.808142263794630729e-03
-2.024655075180660513e-03 -6.083362518458275588e-03 7.062754369498804030e-03 -2.417805511433857718e-02 7.732176699835823300e-03 1.089643928056049232e-02
-5.926166644586821491e-03 6.163657669078596683e-03 9.097411621532979289e-03 7.647404169776197448e-03 3.228124193719951289e-03 -5.027526363759883370e-03
-2.073501672567875168e-02 2.687878919330701985e-02 -8.025110174814633485e-03 -3.118491611073908633e-03 3.474523189978567794e-03 4.811730277381032379e-03
-6.669338428025785304e-03 1.436283854351960015e-02 -1.267716784754897331e-02 -7.494392515044771483e-04 2.016372720984548755e-03 -3.082756734139895007e-04
-6.953659327368233271e-03 7.812352385311839564e-03 1.185158511482431801e-02 1.165321259810540855e-02 6.104233409352128291e-03 -5.023708890418994606e-03
5.967673101539571617e-03 2.380583783879871781e-02 6.235372228786084138e-03 -1.264956869661338495e-02 -2.052024262018553070e-03 9.021727301255151902e-04
2.135631340327381542e-02 -1.545977271372879838e-02 1.679324174849363555e-02 -4.076804954956663612e-04 -1.390248368364660654e-02 -5.876820531064172286e-03
1.060630043603395800e-02 -1.064735161891760575e-02 1.321398977101294510e-02 -1.161265642545212433e-03 4.146586641561926696e-03 -4.962450606788492910e-03
-3.639709299153265354e-02 -2.972863202950403252e-02 3.281249676284138904e-03 -1.383743438257170437e-02 -4.451895223654604369e-03 1.180885495573139174e-03
2.010664461625658386e-02 -9.571983900705811205e-03 1.040892253651906456e-02 -6.206781881065964734e-03 -7.629663367389355987e-03 8.080752495426318099e-03
9.175005289107352607e-03 1.099526543959263546e-02 -1.015419435658419453e-02 5.087752052369680714e-03 -4.485907164073425768e-03 2.816471677849595543e-03
1.956698733162759787e-02 -3.854371157114371959e-03 -1.333556394192754024e-03 -5.977493293268780310e-03 -5.498344754090175347e-03 2.639602821618073497e-03
1.607715143807778024e-02 9.719833919440262412e-03 1.613947533955611274e-02 -2.344885492581794476e-02 7.280344288857107729e-03 -2.962598876980290351e-03
-4.329533233495899691e-02 -3.241879972920550662e-02 6.326871591261051808e-03 -1.731818474489637064e-02 -1.439013762745774104e-02 -7.784373559368860072e-03
2.059283802862433514e-03 3.719524759932643383e-03 4.610741223776812850e-03 7.903929690097359975e-03 -3.894664406018287506e-03 8.886874321838827626e-03
-4.855267916285324614e-02 -4.266473516927626886e-02 6.612421002075530123e-03 -1.345735199042434431e-02 -1.173490384122045753e-02 -1.559407594283974095e-02
-3.807857680096296549e-02 -4.635568541158289688e-03 -7.567572530137265524e-03 1.900240804939408402e-03 -1.097389770276947264e-02 -7.795329594148482297e-03
2.000629227859283474e-02 -1.244630973620286171e-02 5.885180840415755489e-03 -4.547879117751626489e-03 -1.703481281129790720e-02 1.775453800497527610e-03
-9.417900458889582466e-03 -1.037228597879569052e-02 -2.579230994084311026e-03 6.522491377628408631e-03 1.792706365862012374e-02 -1.090390974231012465e-02
1.294465822645205107e-02 1.321490544930410162e-02 1.503494626930510121e-02 -2.463226622628768292e-02 1.046681420016109740e-02 -5.814341218231546329e-03
-2.004388418735408937e-03 -4.066290890860648453e-03 9.290716050234914397e-03 1.032795234478698157e-02 3.548874090160494127e-03 3.379989030677654771e-04
-7.109314215370762281e-03 -2.509780145427432246e-02 -5.981894877953313969e-03 1.396188241743764359e-02 1.387332440922753839e-02 4.238505290626205443e-03
-9.156878405838697957e-03 9.932912662048940314e-03 4.099254692750602634e-03 5.843200657944237937e-03 1.368923515794517962e-03 3.147518211732777552e-04
1.584724147468714178e-02 -5.905887736883093896e-03 1.050374681068060902e-02 1.104111590302054267e-03 -1.679763265193959590e-02 6.619115951546668784e-03
-3.553431539173941296e-03 1.331787920570385447e-02 4.800764400297774862e-03 1.181187311758747282e-03 -2.563627002785083975e-03 2.677219846428382458e-04
-1.019802832438853474e-02 2.021952874913411288e-02 4.528980182663609223e-03 -6.109975963571345238e-03 7.351795735098306389e-03 -9.856737324006013552e-05
-3.911658496551930625e-02 -1.041562798240074778e-02 -4.300120907898578523e-03 2.513000649528790605e-03 -1.290383797788601308e-02 -8.364952817478647426e-03
-8.000022664637543648e-03 1.438440065249793794e-02 6.911060335922952769e-03 7.684006418741741104e-03 1.904179445778180196e-03 -2.469963800794846166e-03
8.057345563481417170e-04 2.176601666382470702e-03 1.118541102461190033e-02 2.145470045046156057e-03 5.501970553954716424e-03 -3.336393064960854835e-03
-4.196265145620962228e-02 -2.955633560425703632e-02 -6.946059539085132090e-04 -1.932833843313383135e-02 -6.606061167071271625e-03 -2.119975041526751293e-03
-2.721208009923392970e-02 1.742912840685757400e-02 5.521701487101610302e-03 1.360082969593645694e-03 5.805897275540167907e-03 -5.920599868566408380e-03
-1.574584315112546526e-02 5.102368858403033038e-03 1.026122889016905636e-03 9.041730035334103258e-03 9.853394916892055030e-03 -7.170061192011643707e-03
-2.660884062429002064e-02 2.670397749462780079e-02 -1.404722790574333604e-03 1.170531459960871302e-03 4.934083764206660325e-03 -5.590098632354412699e-03
-6.891946821681605925e-03 1.353529434495882866e-02 6.333582059853862245e-03 -1.187089528582273290e-02 3.047636675798292422e-02 -4.316676157425534607e-03
1.978654235060364405e-02 -1.572923485906441848e-02 -1.586650356647964846e-02 -1.243638301788394136e-02 6.789610179058721585e-03 -3.314334984537696972e-03
-4.633430004763277460e-03 -2.424615931302185300e-03 7.366039750238899224e-03 1.086038479042859307e-02 5.893045902159919219e-03 3.719394536774872921e-04
3.172249050725896823e-03 -2.224938122846332154e-03 9.696769166574267448e-03 -1.957157376160867379e-03 1.278436107306605771e-02 -1.094023308506451332e-02
9.382430649418434590e-03 7.467683383976015180e-03 -7.996182362819785616e-03 -5.125552541516589615e-03 -1.609284258574684339e-03 -5.719620499346797331e-03
-6.850201652198333740e-03 1.089460010820789831e-02 5.890487535712689293e-03 -1.867229229095463989e-04 -1.951001290126888957e-02 -1.487168036690258294e-02
1.484014340527951489e-02 2.400971566879559795e-03 1.061360995030103185e-02 -4.866650855895580138e-04 -9.207644382479259273e-03 3.489249652408011118e-03
1.883955052025378801e-02 -5.420001019979294940e-03 1.656891763383570859e-02 -1.500284679944775129e-02 -7.664359558270283229e-03 -4.007173433520445287e-04
-9.904708326132240920e-03 -4.206411666655327473e-03 4.732890344680389279e-03 1.180025136139040316e-02 9.065632268781110767e-03 -6.268426560462487520e-04
-2.490501253803641124e-02 1.579263809462830119e-03 -3.481648369525460417e-04 7.857196310411268189e-03 9.966581657199260688e-03 -7.707276046803079525e-03
-4.352292236997128833e-02 -1.308071868722891079e-02 -2.650999470613648983e-03 1.496694901530114469e-04 -1.438128038233486665e-02 -9.552453995212513774e-03
1.105743118471487312e-02 -1.235332656867154863e-03 -7.469994351127815825e-03 4.161968776921045991e-03 -3.850681947103545659e-03 5.334073967325977939e-03
1.435314527476133336e-03 -1.444778824211428656e-02 -9.640672220869215365e-04 -5.701265565967540477e-04 -8.216769338287755083e-04 1.446994940494749152e-02
3.512553395142112463e-03 -7.966295901094204435e-03 1.056158509501714873e-02 -6.681269682702090269e-04 1.388670582132588149e-02 -5.583562673563156886e-03
-3.840132144569210343e-02 -2.274302262096987784e-02 4.498719920763654539e-03 -1.173721352513082058e-02 -1.071061489558577072e-02 -1.785318759347687525e-03
7.990095534846135272e-03 3.894656573285022565e-03 9.925321711247315354e-03 2.582830573040119197e-03 -2.412076356842008176e-03 3.067584391768036350e-03
-6.406553393421690785e-03 1.339587970356786659e-02 2.344925759383004269e-03 5.815564372171579642e-03 -1.763499741514835831e-03 1.944234078200617402e-03
-1.194230177840234193e-03 3.411618598759483343e-03 7.503049653187105449e-03 7.540007683998321136e-03 7.323360684274258028e-03 -8.863366574817965055e-03
-2.783550330008887838e-02 5.077499547266864713e-03 3.467078240935019939e-03 1.082055013216313109e-02 3.562784109617044004e-03 -3.103972272190506660e-03
6.528824067436191959e-03 -5.431921026251901839e-03 1.408664145524515278e-02 4.274144296065035889e-03 1.230603855111558854e-03 3.618663816580474182e-04
1.996123302843491945e-02 7.229571255831461658e-03 -4.283970673428143770e-03 -1.636679384122899329e-03 -4.734613169464838359e-03 4.876408086669878350e-03
-1.097464475563730141e-02 1.258128498596919158e-02 -7.771689055784315563e-03 9.029441707390629610e-03 -5.843818194147373281e-03 5.799941555572153684e-03
2.759551389313449204e-02 -1.608479668344690167e-02 -8.842393848896746775e-03 -1.080154040701491059e-03 -1.332626552946490281e-02 -2.785262097876707653e-04
-6.017105758600453311e-03 2.280897610864527844e-02 5.883503335758215498e-03 -4.297883680893818496e-03 4.411616103623233406e-03 -7.446894484323052709e-04
1.777480897986981117e-03 9.860040728542188854e-03 1.100368021768151003e-02 -4.183880420697161200e-03 7.524432816649132168e-03 -4.451966852979096986e-03
-3.419529743705839592e-02 7.448813749792460200e-03 -1.965449436051525112e-02 -6.040588648078742962e-03 -9.879557662367914606e-03 9.303934035456493459e-03
1.734782261865457087e-02 1.882895138404628438e-02 -1.063766591374934109e-02 -7.483336034133152188e-03 4.077355500675029602e-03 3.633276268807788807e-04
1.170377123305244710e-02 1.319465678862935705e-02 -7.569098072380682843e-03 4.644089557665593941e-03 -7.116318249421401017e-03 7.574193077571542403e-04
-3.473266277394711503e-04 -5.768973154096597618e-03 9.924066096292797137e-03 5.503138233850826157e-03 4.985786196575569922e-03 9.724080713855911412e-04
