-4.724573347960577159e-03 1.366432745024184162e-03 9.412129779260935275e-03 1.278344210081210769e-02 4.247312066510699341e-03 -1.181150473375413039e-03 1.571024529943752367e-03
-1.139762147148114420e-02 9.429118754282307191e-04 6.639687753576382738e-03 1.232385886690312918e-02 8.567780340798582597e-03 -2.682993414025089656e-03 -1.081651154456614696e-03
2.021847927533346190e-02 1.799306330097735470e-03 -2.277872810560646957e-02 -9.014654808150217302e-03 1.337954944799138804e-02 -1.679823897992499537e-02 1.022868887216701536e-02
1.860569082205376298e-02 6.062133817267061249e-03 -1.787253916495121567e-02 -2.509806735200108101e-03 8.404861144274727164e-03 -1.302927625898702563e-02 1.085063669421861346e-02
1.554517562143745840e-02 6.529237409249499108e-03 -2.077842862804775773e-02 -1.971318732476419477e-03 8.583229274195750685e-03 -1.414670017502318161e-02 9.850833073856663652e-03
2.147087541470049307e-02 3.080275867614683596e-03 -1.724371780674455179e-02 -5.308312386289938982e-04 5.529054615385109450e-03 -1.330006438481875011e-02 1.136435775044182701e-02
-1.679603148689805259e-02 1.921763602279062330e-02 -3.376559608140189579e-03 9.183004518787814610e-03 3.510208339411701340e-03 -2.100847097198530779e-03 3.195666710449761739e-03
-3.610672052575065061e-03 4.047957106532371063e-03 1.080183958241967036e-02 1.010775688363625517e-02 2.693566573520147708e-03 -3.966281564940186966e-03 -4.537495686359773166e-04
2.712893872756208091e-03 2.115683542760644301e-03 1.311370270162827423e-02 8.840417836714638267e-03 -4.653928101751203701e-04 -9.002625963608378631e-04 1.724991365996380709e-03
8.291850908721331388e-04 2.099331572704714235e-03 1.239862002740652926e-02 7.824672479233877806e-03 -2.237435316431963335e-04 -1.095191653042283360e-03 3.362782069900481161e-04
-1.210177715592234554e-02 4.552081291020702684e-03 6.363395407369004837e-03 6.714779881349008245e-03 2.126952821819565621e-03 -5.706432312917186951e-03 -3.620185886862631233e-03
-1.417721081304570627e-02 -1.187930001496823561e-02 3.881391545024612776e-03 1.383566906233069278e-02 9.677291778565265401e-03 -4.778347961924530110e-03 2.791414131034010773e-03
-3.888597508833122052e-03 -1.786890106688967736e-02 -9.271794837502069300e-03 7.077509535768928411e-03 1.899330920761618498e-03 6.689667004266987640e-03 -7.836908806293074042e-03
-1.244324588548473449e-02 -1.937213715164359459e-02 -1.953142490739377332e-02 4.133915208877673997e-03 -1.446530972096589764e-03 1.034953543002192083e-02 -9.416850153682333399e-03
-1.413654871990703381e-02 -1.809381730883362002e-02 -1.641943804717022060e-02 5.280130459507075685e-03 -6.559255704636010945e-03 1.384477921985248147e-02 -7.636241654475052487e-03
2.082944841969682631e-02 -2.557935878928554313e-02 7.687246983898098421e-03 7.991939887545316634e-05 -1.422780483672384140e-02 -5.999221665192009875e-03 -1.578004923032853097e-03
1.978702029470728874e-02 -3.198847377425304006e-02 -3.558389318523440172e-03 9.610076487189854813e-04 -1.696465264436924567e-02 6.320587761213228642e-03 -2.259897852059970097e-02
2.232148732961784440e-02 -1.283721270040047956e-02 1.616491215214840502e-02 9.027922811946603558e-04 -7.982855852590687792e-03 -7.689495321932223251e-03 2.681465875528522141e-03
-5.302154797020195570e-02 -3.550706447850988240e-02 8.862368678944821179e-03 -2.334145233139758857e-02 -8.418768425427622035e-03 -2.164210563859172293e-02 1.261552913777448486e-02
-4.349958082666772335e-02 -1.378148985999489914e-02 7.842064161511138817e-03 -1.628135031017765438e-02 -2.001367300216227996e-02 -2.015903502765057850e-02 -3.684404769731858991e-05
6.428562453501785248e-03 8.543578338736419362e-04 1.507292742450568913e-02 5.134963558614303453e-03 -1.190167454256825302e-03 -1.300771930321091693e-03 5.210027416102397000e-04
3.733058581193551655e-03 4.081969520407717315e-03 1.433546734180569590e-02 4.139377091601600077e-03 1.056764236035927966e-03 -3.811969881467341080e-03 -2.099979912949987663e-04
9.654197632690224642e-03 -1.778699331318556046e-03 1.608403320401739778e-02 4.249719191310218427e-03 -3.375274721870973743e-03 1.180362047329037945e-03 2.687664303808583090e-03
7.798558351341615229e-03 -7.727205953807047677e-04 1.593847659968109648e-02 4.119966329319294136e-03 -3.854121286363547307e-04 -2.428553225212573053e-04 2.455739268963625429e-03
1.257563139730168145e-03 5.120084841538433129e-03 1.303989481208893235e-02 3.452098043241760231e-03 1.023293110906402107e-03 -5.270685696215160823e-03 -1.371245623903542864e-03
3.463287525882992324e-02 -3.317865795016020081e-02 -2.434360806868315213e-02 3.671534053623343782e-03 4.721581683182481809e-03 -1.126168987522120982e-02 -1.491135531919126830e-02
2.786436784514826834e-02 -3.073517625697331709e-02 -3.354201506997139121e-02 3.709749713658255788e-03 1.284748565086145464e-03 -1.840182804546341630e-02 -1.153047838133317016e-02
7.342064213121013601e-03 -1.417544126650849452e-02 6.093765570002936463e-03 1.097395421079968257e-02 2.495267038013956797e-03 -3.671235860268878392e-03 1.028701261313453002e-03
-4.072244386719105127e-04 -7.058597722715167014e-03 -1.390881246740644905e-03 8.571620251294266926e-03 1.087726302580454933e-02 -9.180363642614096029e-03 7.145080871935576960e-04
4.630467470560905435e-03 -1.014213484659889745e-02 2.486317592458215774e-03 1.031386750444785241e-02 6.440528370047125806e-03 -5.970559930225863635e-03 1.083976701558845906e-03
6.280491321642357738e-03 1.325181456378576525e-02 1.266886816352169425e-02 -3.482124837428818200e-03 3.207719686711059046e-03 -1.710946323674675685e-03 5.501921224133770466e-03
1.470644906745000730e-02 -2.799626222267477798e-03 9.451913172722590725e-03 -5.415538890977390947e-03 6.454710065169578723e-03 -8.430887861575923209e-03 -1.279341765330665190e-03
4.324791839421535458e-04 1.932878986264771615e-02 8.102163984617985135e-03 -3.873178659678291891e-02 1.823500186626372116e-02 3.237203565005175587e-03 -6.223883492698262763e-03
-1.726276828864228494e-02 1.345764682288848151e-02 4.300077233971832599e-03 -3.763765071171358556e-02 1.991818191149494904e-02 4.218226312746935387e-03 -1.790842041092668632e-02
4.607895696976625592e-03 2.230950364635649573e-03 -9.092487129934802292e-03 1.578737574087391363e-02 1.047450118124478306e-04 -6.609075416819317622e-03 -5.909775204676287128e-03
8.231965675309768984e-03 4.438509230195003888e-03 -9.696503549221639068e-03 1.369760333601268386e-02 3.753837772300213250e-03 -7.895102783241635808e-03 -2.717237354699220900e-03
1.911915328632356192e-02 -5.569956543453186137e-03 1.898408937738685397e-03 1.234385454360875656e-02 3.808393474600076014e-03 -2.051942945202335847e-03 -5.988762348969910355e-05
1.799750835728624460e-02 -3.276408394351864716e-03 2.084868915086217009e-03 1.278766739908980023e-02 4.335464794309519553e-04 -2.716984162924159819e-03 3.283016615363675526e-03
2.163774409384220526e-02 -2.740795455876807955e-03 5.451318062627257682e-03 1.266319351974240157e-02 -2.494578070141190932e-03 -2.500059721669160850e-03 5.856766174680693750e-03
-1.031118048079986832e-02 1.616911409278741496e-02 -1.748114734710234583e-02 -1.314327392018172988e-02 -4.630575421469051989e-03 5.405087465048409763e-03 3.345510301533882389e-03
1.325550724331906079e-02 2.332272770585274921e-02 -6.573457377056154093e-03 -2.046658619927462647e-02 -2.100390348330750251e-03 3.208888101735423055e-03 9.151218542576410042e-03
1.898733448492750595e-02 1.968658315347638493e-02 -1.071699929731455454e-02 -1.523253522562204552e-02 -3.737461515145148842e-03 2.743052929157070892e-03 1.091681350125713913e-02
4.815467201302648520e-03 7.300114400218429486e-03 -1.098594941109921203e-02 1.581676037991381050e-03 -4.253432529723070663e-03 9.621372809589280595e-03 2.006229113036872395e-03
-4.689804542714025304e-02 -4.512536701984575654e-02 1.049423586084733719e-02 -1.958275756044053698e-02 -7.907057784492776617e-03 -3.208282556672222875e-03 1.846210905613363679e-02
-4.793839155453480383e-02 -4.168177407523663419e-02 9.401550573991453164e-03 -2.017232398374307900e-02 -8.345073517409519470e-03 -4.581400601152971382e-03 1.695271017706243347e-02
1.113256012652217262e-02 1.002214983286334529e-02 5.166736758981355093e-03 5.114846992123765236e-03 -9.335264805257698431e-03 5.169239168430865561e-03 3.052082382387734990e-03
3.477972857165727901e-03 9.315582761517487292e-03 3.628948076625346155e-03 9.131228354261508931e-03 -7.297367835366988173e-03 3.164294475428577370e-03 -1.575672966954235832e-03
-1.672355699275180230e-03 4.493951963262656640e-03 1.388640604691382223e-02 1.095037528693765076e-02 2.282532451994536294e-03 -4.354038727490781337e-03 3.476110222734689770e-03
-1.741529812017642703e-02 7.334319087835869388e-03 8.907882890471422940e-03 9.019853537501051899e-03 7.469218267593467908e-03 -7.478325148203262239e-03 -1.244752453958855544e-03
-9.077517371317284436e-03 6.449145409461259915e-03 1.183094725022809830e-02 9.461771478529935192e-03 8.422151654956151062e-03 -7.194983649644126969e-03 2.806106233848503113e-03
-3.429624441476537226e-03 4.796057335793310096e-03 1.384192689389547939e-02 9.443011235580172844e-03 3.120977638472576497e-03 -4.892150859277368501e-03 2.547610563402829230e-03
-1.292943320069610096e-02 6.901900886272678386e-03 9.912316938895639196e-03 1.109579773368355414e-02 6.519751785811018531e-03 -6.479592705507227456e-03 -1.433206005753665142e-04
-1.228163156496446876e-03 4.637419499735507579e-03 1.349085060666740769e-02 9.473543874707630180e-03 -7.940864530484036154e-05 -4.876599510164641993e-03 3.367744767378898045e-03
-6.956408574705059446e-03 7.822123850690974531e-03 1.185895316239285631e-02 1.165746181570683458e-02 6.107120176336285587e-03 -5.030822604709928730e-03 2.542694030424163480e-03
-9.278342096039785686e-03 9.306217149983289985e-03 1.056700035026792925e-02 1.024819532227162940e-02 7.631707186232927244e-03 -8.408400998964145681e-03 3.716463044658215205e-03
-1.452763633099618881e-02 9.117731011706927541e-03 9.819313582264803733e-03 1.064908742086060831e-02 8.460792643529238544e-03 -7.953098526421840606e-03 3.179538841372744028e-04
-3.532915387475719666e-03 5.565683933060353895e-03 1.274374123153771202e-02 1.096038258180344165e-02 2.649749597156260926e-03 -4.551352983247034835e-03 2.037689963963798187e-03
-9.482805047611423885e-03 5.257889257152433861e-03 1.130685574725863972e-02 1.146574001954463184e-02 6.178656011680411231e-03 -6.325060993187304505e-03 4.892077682187570647e-06
-4.294149498275051137e-03 5.722241341277797995e-03 1.335584450255525996e-02 1.051120236512277824e-02 4.354937845736497892e-03 -5.064985051253436538e-03 3.118586229413041096e-03
-9.016362580753075825e-03 6.411644400545231728e-03 1.180510419680402823e-02 9.422893278344836657e-03 8.370668993878428721e-03 -7.119108803986579428e-03 2.775894559282832824e-03
1.161941000662684333e-02 1.018639670022411167e-02 6.985705326868136764e-03 -1.753341421408910429e-03 -1.118069369291263548e-02 5.808654210626672254e-03 7.841802065227743493e-04
7.525311208244785804e-03 1.153998667992441052e-02 6.438547442910292837e-03 -1.987618139408775780e-03 -9.442906365673563521e-03 4.215724416118967095e-03 -7.029979607738638062e-04
7.926097600272291946e-03 8.963722129804774924e-03 1.109602033543374833e-02 2.149142620489114235e-03 -1.012073299261833682e-02 2.813465429831954554e-03 2.510321908686578493e-03
1.921909553793294673e-02 9.239602428785822358e-03 -1.150833069903747091e-02 5.432798882420782245e-04 -7.768523472677615199e-03 6.725855832753232025e-03 6.442113964726868015e-03
2.608625006451769160e-02 1.490818922001331277e-03 1.272190110769655467e-04 -1.329748724622746093e-03 -1.313310971917097843e-02 5.813161059957740011e-03 1.042875059465400364e-02
1.199024217005814109e-02 -1.381165943919161927e-02 1.631052039656899488e-02 6.366229818783478676e-03 -2.588275812370008627e-03 -3.805839055237549766e-04 2.415518768433985459e-03
3.157694906372398094e-03 9.376942674842200440e-03 -9.043777403386223102e-03 4.690377086796370353e-03 -2.667554329044767494e-03 2.329140454162270126e-04 -1.074821337022848446e-05
-2.635834701907741051e-02 2.745812877227645984e-02 -7.587487657317857660e-03 -1.618409639097610027e-03 4.978804012909784221e-03 -1.059828512472129692e-03 -5.260070652018768340e-03
3.866966125156088945e-03 -6.774122851645011066e-03 1.282252141514141422e-02 7.445708014831423950e-03 7.114427050567613889e-03 -7.689042324184977573e-03 7.597288722700349436e-04
-5.959759177995281945e-03 -1.818978202162623362e-02 -1.250601384983929081e-02 7.850596501084135606e-03 1.809312647044595407e-03 9.481090050211967574e-03 -7.940540724478282325e-03
2.553418118752400282e-02 1.354269515722110115e-02 -1.670920514686344630e-02 -3.639074282635909423e-03 4.067451251228732835e-03 -3.201008201352882696e-03 1.424546241211740484e-02
-4.882969422404215797e-03 1.480897778982387045e-02 3.382414526398069051e-03 6.614119060984099616e-03 -1.389121528377134686e-03 8.801338152559803028e-04 2.204260969052922962e-03
1.676610168041785601e-02 -7.652850895951602075e-03 1.320995042058054590e-02 -5.478444512253806062e-03 -4.360782726847452564e-03 2.968416026098490753e-03 -2.183494159229810994e-03
1.278493342206252215e-02 -1.041973946106044754e-02 1.273389070478482196e-02 2.014583948338653178e-03 -7.320693659232555776e-04 -1.161846276225072345e-03 -9.941075971260713955e-04
7.694692751404199650e-03 3.863251165780071800e-03 1.195241439947085892e-02 1.209041365768588920e-03 9.039685934926216951e-04 -6.196114830785221829e-03 -3.131139086338071472e-03
2.186496904115926843e-02 3.047257621010803809e-03 8.594471094767486621e-03 -1.127175310338455680e-02 -6.441438702539605335e-03 -2.614484237167706299e-03 2.585290573178424065e-03
1.195389679396331208e-02 1.628460346103505554e-02 -4.197358741519988633e-03 1.293340507202201436e-04 -1.179669206883628228e-03 1.113364647625079149e-03 6.472956314636613834e-03
1.636564492550297845e-02 -1.502201666301287639e-02 1.164258705499528722e-02 -8.694013423689870082e-03 -1.231328903154159556e-02 8.465291615411091666e-03 3.615706819716458988e-04
-3.951521766317623446e-02 -1.245736293023044783e-02 1.712135304124910197e-03 -1.429319949826676371e-03 -1.586256144301683921e-02 -1.332652168783635474e-02 -9.147326916400732102e-03
4.159579917016330113e-03 -1.943719254772086459e-03 1.588055303285900582e-02 4.546471289781978641e-03 2.385639939901222119e-03 -1.087153198788421912e-03 -2.665650151411727868e-04
-3.328102832650471632e-02 -4.458254567080919585e-03 -1.147860898655517908e-02 -1.263721425759491146e-02 -4.038991791390366022e-03 4.235349574844677299e-03 3.346260648535783009e-03
-3.985443854029320498e-02 1.132445631017443485e-02 -6.576055867838765182e-03 8.559882071939403647e-03 -8.549608244478878755e-04 -2.149856903807388262e-04 -1.040512500962565735e-02
2.434939994136652236e-04 9.329513940747555592e-03 1.188648741700354568e-02 -1.411153036842467722e-03 8.216581501406325025e-03 -3.285458713465309617e-03 8.498242720751828048e-04
1.425171174281402581e-02 1.438786102634163552e-02 4.076671990631933499e-04 1.484810080761967029e-03 -9.426802831818873948e-03 8.543592601155376373e-03 5.470460562403121375e-03
5.866303624190207780e-04 1.972675239415727991e-02 3.957050299635777278e-03 9.259407149302784426e-03 -2.880234595066539626e-03 2.057028371715672807e-03 9.786941648104148864e-04
1.425384036759414635e-02 1.132960205507945774e-02 1.875918636157929576e-03 8.416661006389528207e-04 -1.127497664495896897e-02 6.860387440528247470e-03 5.082575949469712688e-03
-8.039641680612918820e-04 1.582934228122823833e-02 -1.031436524248115043e-02 1.291622925533583537e-02 4.935113249995108902e-04 1.401312992154115679e-02 -4.269513868419311134e-04
9.424999660037024912e-03 -3.890380548759492414e-03 -4.744189889938380152e-03 3.245408967881434261e-03 -2.989606664474641663e-03 5.870162156883437614e-03 1.751536643791093721e-03
-1.212617397969837849e-02 1.035692101308821611e-02 4.102899590911114440e-03 1.015600044506385913e-02 3.767625362452642693e-03 -8.837156799849242485e-04 -3.218397109014585998e-03
7.235517083195830770e-03 2.562629521306423238e-03 -1.237681180309142424e-03 1.625007467590881794e-04 -4.114210433532719362e-03 1.074631398936485779e-02 -3.798151499183969812e-03
1.007538592048512656e-02 1.201901667441001610e-02 -3.170747216896733882e-03 4.619206192376202474e-03 -7.705766646797047523e-03 5.971342928645686533e-03 1.172811174882180257e-02
-2.477849993231120637e-02 2.812132120506074737e-02 -2.387177239601498760e-02 -8.533997668921093627e-03 5.896436720335428150e-03 1.374908376674774911e-03 2.622383874090427908e-03
-5.953151860031755289e-03 1.345098616842993131e-02 6.919108511695720720e-03 8.055760464897013598e-03 1.347814269879421241e-03 7.139596292293816111e-04 -1.263352712689365777e-03
-1.689907576720914284e-04 2.516838464072296971e-02 7.065750575770768718e-03 -2.100215824069823906e-02 7.082432734771365763e-03 -5.226299358834772014e-03 5.083404910760487561e-03
-1.026509568856975689e-02 -2.553345927208585785e-03 6.570172919373102379e-04 1.383104180162096630e-02 4.012980876106746479e-04 -2.006517459671839851e-03 -1.300738504089800785e-03
-2.361886967497476772e-02 -1.106272269602484246e-02 -3.818327280002892558e-04 -1.051881884420808981e-02 -2.650957768241561652e-02 -8.917215987124664164e-03 -1.866302908867134222e-02
1.816828886628145401e-02 5.080474986370590862e-03 -1.730743288642845254e-02 -1.416336111798784450e-03 6.633232272539630811e-03 -1.208592886911721322e-02 1.062428925288556175e-02
2.482228535070608866e-03 3.185403658820852861e-04 1.112038862773865808e-02 4.614180884124994414e-03 1.698015438220990946e-03 -9.643543505203853712e-05 -1.167031411417438326e-03
6.452285114949373249e-03 3.513395056643284133e-03 1.019551479689732691e-02 -1.892788299169605171e-03 4.940999490893502669e-03 -9.612990758885261349e-04 -1.837484791311110727e-03
1.827195099094985550e-02 -6.748656723339398374e-03 4.306868976715942654e-03 -1.166907816155574908e-02 -2.519266671597834243e-03 2.663198090826201896e-03 -1.234445516442877512e-02
1.249574195875174584e-02 2.358394721181141917e-03 1.154622590095757094e-02 -5.921288411275715119e-03 1.933352968785790032e-04 -7.341820536777152878e-03 -5.038809582386502735e-03
1.915869459368034142e-02 -1.666481752335149252e-02 2.027186035745671445e-03 -5.622113162578809553e-03 -2.364926067498269394e-03 -1.292189574774845352e-03 -6.020827211133276957e-03
-3.577082432416043428e-02 -6.452764257178485695e-03 4.158330774295370021e-03 -1.516260353651659350e-02 -2.294400432272732451e-02 -1.886947161985043364e-02 -4.421607524215626778e-03
9.001834965103910208e-03 -5.937557139166781822e-03 1.358642819589923369e-02 4.203501737096728384e-03 4.985724393012782446e-03 -4.721417416500295512e-03 1.816053239193327236e-03
6.759222421245673386e-03 -2.741468246744703605e-03 1.643356640523633422e-02 3.316724128231246863e-03 -3.079613536021874490e-04 -8.548477008231836075e-04 1.304744107919915668e-03
2.277462831609182448e-02 -1.223034987206295977e-02 1.636066038572595374e-02 -3.363151196882904499e-03 -1.181540765367687304e-02 -8.037473411538808080e-03 3.563043718395561576e-04
-2.875761809616653869e-02 4.210617085733329122e-03 -2.030132104559486967e-03 2.147903768662378157e-03 -3.143395246593136318e-03 8.867569193869834741e-04 -9.242658200928715023e-04
-2.253425829635142142e-03 4.016381792262704517e-03 1.343273289168466812e-02 1.142535784621996967e-02 2.311959653157880362e-03 -4.195856258596438078e-03 3.436339866728626430e-03
-1.875778968400689320e-02 -3.203893969774505575e-04 -6.108280221483551771e-03 -7.821257474783288935e-03 -3.151374081362640078e-02 -9.577704784875334248e-03 -2.272299139803738918e-02
-2.355878718995257221e-02 1.542219487091827865e-02 -7.818970999721789467e-03 1.076017013449261962e-02 -1.944061414851618952e-03 2.765154763910021747e-03 -1.959927759291890410e-03
-4.324732487147288362e-02 1.944229752191087204e-03 -7.559512418933398391e-03 -4.274923292353518915e-03 -1.044857258196281967e-02 2.176177521212316150e-04 9.765191401489693810e-04
3.562317027821265865e-03 1.290607304983721476e-02 -7.036885730139271627e-03 -5.659300727171400055e-04 1.455321797692332633e-03 -3.560600805803104500e-03 7.420188814524122933e-03
-1.785814696227598641e-02 -6.929378522533648221e-03 -1.632621999157057857e-02 2.011776287292047199e-03 -5.955994276464282068e-03 1.274018213366138151e-02 -2.084907573920432786e-02
-1.914848454311506368e-02 9.198653686644065602e-03 5.392570604159528137e-03 1.445505403356840343e-02 2.833075194534614115e-03 -3.646781521837009783e-03 -2.312852579778441192e-03
2.573540279741902415e-02 -7.123547887829792362e-03 -1.015245935457253189e-02 -9.065278792052091847e-03 -7.723549002043588949e-03 3.611091724263502771e-03 3.433384193485347798e-03
1.263454924152630950e-02 -9.190189876858326917e-03 1.101641413093937955e-02 -2.484569679438101628e-02 -3.924727865801042113e-04 4.007086191798849353e-03 -1.131284009081560439e-02
-1.243424277399211159e-03 1.697598143694990444e-02 -1.884742137234858214e-02 4.964962821977844144e-03 -2.811535440530834457e-03 7.066549183992050856e-03 6.198423889039632491e-03
-1.107559422514206582e-02 -1.004660098582940003e-02 -1.801732119226445716e-02 1.646633197827650566e-02 9.031069555097359647e-03 -1.644956892893466348e-03 -4.984724700634192429e-03
2.924740847574306898e-02 -3.132321348148116302e-02 -2.975298845473238474e-02 -1.721148903266179120e-03 3.476251103969341463e-03 -2.257789197913380105e-02 -4.125715701304152189e-03
-1.178481521808408435e-02 1.540452232753214586e-03 7.147364300516940126e-03 1.387674581301126878e-02 9.807402229467744939e-03 -7.945141607395154321e-03 -1.590074824447234789e-03
-2.588169517581690240e-02 1.017987367209589183e-02 -2.409019934091161108e-02 -2.595876412531028000e-03 -4.306301436375570453e-03 1.171665328677075346e-02 3.452100164903730041e-03
-1.091108341915293309e-02 1.048333727316532425e-02 -2.598736522912776809e-03 1.563534498471164103e-02 -4.172818728168596614e-03 7.705278954836954595e-03 -2.903122510582945882e-03
-2.562439758971123051e-03 -2.896556766436490793e-02 -8.115459492417825479e-03 6.393016194701514089e-03 2.310533308767619143e-04 2.628482849349332573e-02 -9.977288178993308845e-03
1.849850945076352698e-02 -1.876850309493112347e-03 1.042626885770131170e-02 -2.810357961663101454e-03 -5.465099957202550901e-03 3.871089957681176849e-03 2.394695172584130650e-03
-7.350110084598927666e-04 1.946142425655978878e-02 4.711030002526592382e-03 6.744492500361840871e-03 -6.333455178055768901e-03 3.386189153957814765e-03 -1.823089730143440676e-03
-4.551806047796473631e-03 5.401772275999222606e-03 1.347279512135021382e-02 1.089135870222818388e-02 4.472116088369881663e-03 -5.103201435484400195e-03 3.027395420015715349e-03
2.317277227842747239e-03 2.223465937075140217e-02 -2.621265925900376215e-02 -3.303264909794437904e-03 6.328760417707669783e-03 -3.935677848772837877e-03 5.897067145941180775e-03
-3.298694414424369059e-02 -5.127882525549705590e-03 2.577672413620568821e-03 -7.819984417175013594e-03 -2.684248500180004202e-02 -3.088980796112589244e-02 -8.521631477901171758e-03
1.324878066722286370e-02 -2.792057405540708352e-03 1.405364807805570097e-02 -4.622088423315155389e-03 2.965468774517908326e-03 -5.842010436592753181e-03 -2.797720492404815774e-03
3.396181027059226240e-04 1.243881648213877866e-02 4.199687499332404109e-03 7.228308124003452600e-03 -3.753928249120538126e-03 3.092533477637846983e-03 2.571702954915226248e-03
-2.485943175165105171e-02 6.889842448802447651e-03 -1.860456835199350350e-03 3.281956790122079679e-03 -1.450349530075500069e-03 1.377695322825541868e-03 -3.882331551251453922e-03
9.036061482139064530e-03 1.025706030063141053e-02 -7.824041596222124084e-03 1.741031821623701672e-03 -1.124784352402020959e-03 -1.018760658347430239e-03 1.385594643150183259e-03
2.479170649808332735e-04 1.571824922993956750e-02 -4.580646143815335467e-04 8.712826437971365676e-03 -2.037325429112943950e-03 8.480669218434051804e-03 -4.910579155394265366e-04
9.901736379076899602e-03 2.159187221395849135e-02 7.760134787125805636e-03 -9.387940612193541520e-03 -5.126619723334247328e-03 1.328766309260507065e-03 6.416662479993684616e-03
1.472215805279709563e-02 -1.451864523504027039e-02 1.547803549590998952e-02 3.220661607440088343e-03 -3.651237802792848576e-03 -3.137839894871785411e-04 1.915996827587670374e-03
-8.932503849040701951e-03 9.738537232937110807e-03 6.855677732178626881e-03 7.163157369720994996e-03 5.703084686509453209e-03 -2.418670173429743157e-03 -3.585444335344324922e-03
-2.010666110785235515e-03 6.783131767578403151e-03 5.448976226349493742e-04 5.445566805345886108e-03 9.617839300934823490e-03 2.499064429831795325e-04 5.034102732785394798e-04
-4.110577522511651288e-02 1.261263191967547555e-02 -8.695644926932210445e-03 2.456848861102708427e-03 -5.320574095309640178e-03 3.108428248780353842e-03 6.996164970154370062e-03
1.463538345322240759e-02 1.317363028106671025e-02 -1.547071609929086614e-02 2.812086151246809881e-03 -9.755529957125471090e-04 4.315943854243210059e-03 8.882954276621213979e-03
9.249594361241092466e-03 1.298162526092410535e-02 1.340422099461137731e-02 -4.601170956187150204e-03 1.879411544346537810e-05 -8.623567060416539561e-04 6.852895222629196668e-03
-4.802726826915237023e-03 -3.991515570795488993e-02 1.884145581431088869e-03 3.904240280402547763e-03 1.966892089872274152e-02 1.468584874347075679e-02 9.374295916023553388e-03
1.863998840407913443e-02 -1.800880841385852846e-02 1.633952759795701329e-02 3.334111172097255779e-04 -1.598385788370662586e-02 -5.135632752668188410e-03 -8.367095332890123844e-04
1.007883124991696550e-02 7.934312900936034765e-03 -4.359913401900093917e-03 6.460441920902909628e-04 -4.333261830777130827e-03 -2.294291804514746007e-03 8.758319210282016279e-03
3.125969853343860128e-02 -2.261606913259888579e-02 -2.137145126228963063e-02 3.276536208805622997e-03 1.353929894064803555e-03 -1.546407069552857907e-02 -5.425892017788593383e-03
1.677720645652963638e-02 -1.117442254178541670e-02 1.569823048287773137e-02 -3.374426944173418517e-03 -2.988204386059227502e-03 -2.136216473430520399e-04 1.355862266591864899e-03
-3.984555705705762792e-03 -1.545791634905665287e-04 8.186386650446847782e-03 6.064452217169686438e-03 9.002293342670700596e-03 -5.165700988231628973e-03 -3.172025390504754593e-03
-2.669595899554293768e-03 -2.617857955318750665e-02 -3.008424387103211892e-03 1.411893706554962456e-02 1.347698144563117505e-02 2.460071109007081445e-03 -2.533275305677369030e-03
-1.848725805117915413e-02 9.213337078383074599e-03 -1.416212307618560859e-03 7.110034394834439768e-03 1.880876922970698643e-03 6.728502933939670095e-04 -2.800465016476333998e-03
1.248571212863203855e-02 -9.549078876430494925e-03 1.454455078800706395e-02 3.549443468914466934e-03 1.584474315389935084e-03 -2.588121297732580428e-03 3.512318835065815492e-03
2.086927078607668518e-02 -1.146370058284810339e-02 -4.148778607869690882e-03 -2.238153003231854125e-03 -3.141864775847379252e-03 -5.270874873505151069e-03 8.488216819405378435e-03
2.595422062229914804e-03 1.345270107659078023e-03 1.078856207813957795e-02 -3.007261796627904576e-02 8.180186719463673414e-03 8.969045465513015430e-03 -9.775051349349968971e-03
2.176802827469612178e-02 -2.729617147283658340e-02 -3.263274515062241591e-03 8.110264677604344004e-04 -3.519698229854079487e-04 1.122766029248510166e-03 5.408830824938553987e-03
5.608462992105957973e-03 2.259284892373848285e-03 6.815172259476158859e-03 7.389065859471730547e-04 1.046874816871189336e-03 4.302424048142049488e-04 -3.469222177022660090e-03
-1.764825730777785321e-03 -3.686267255506225221e-02 -7.919606874269725233e-03 2.455835056838023833e-03 7.402554497735394992e-03 2.975845265190740080e-02 -5.356878118465233964e-03
-2.538776160018303349e-02 1.465256200869604133e-02 -7.825107391453395289e-03 1.123562319007507734e-02 -8.577728769761367019e-04 1.580278427674792563e-03 -1.733720501165262945e-03
1.678300730969963309e-02 8.363905425059671092e-03 9.712427734092754505e-03 -1.356739133518955259e-03 -1.562883062805844880e-02 5.754126773071546914e-03 4.741111657502582004e-03
2.763339033649381640e-04 8.656621202293719730e-03 8.029141212232963898e-03 -3.921295972560160867e-03 5.854657152538958985e-03 -5.238313581850284617e-03 -2.862387586717336698e-03
1.666019324170532265e-02 7.077844897941655729e-03 -1.463581992225115348e-02 -5.509102977505946075e-03 -2.273012931391146536e-03 -1.325307539427738549e-03 5.010150110648537748e-03
1.510681480102756512e-02 -5.734801774755961951e-03 -3.121626715881170924e-02 -7.765979764525920981e-03 7.531884430966734496e-03 -2.786862423276715434e-02 2.405285505509518421e-03
-7.543477511728382580e-03 1.732569922428029352e-03 -9.692299959964137401e-03 -1.096091977234888576e-02 2.419460215006916364e-03 1.017715374697400650e-02 -8.989701372689134010e-03
1.573759123769567086e-02 8.870524398425564533e-03 -9.024075578244011159e-03 1.589312617933176042e-03 -4.893063273174364652e-03 8.860651139212614297e-03 6.295137598686839815e-03
-5.737439788336814658e-03 -1.778678620335969601e-02 -1.191937075293338782e-02 9.097186936018681128e-03 1.051754950519836031e-03 8.910205281862147372e-03 -8.684670007484171506e-03
6.426683238608524307e-03 8.463665364598898372e-04 1.506672878236333356e-02 5.134185106253546203e-03 -1.188196367523356670e-03 -1.297015170364159732e-03 5.205049995087271701e-04
1.801845681095285909e-02 -1.978529761172067095e-02 -1.170954416048325918e-02 5.657018350937932996e-03 -2.781416858559580731e-03 -1.215894478729127003e-02 -5.649924799325150952e-03
1.384359523066883667e-02 -6.649395374775954846e-03 1.438953716850955612e-02 1.798922591954745366e-04 -2.561343134456676909e-03 -4.651960842381053056e-03 -2.547601274822103041e-03
2.893617866587240572e-02 -1.947536217565681155e-02 -2.458556158420593940e-02 3.093628252053496740e-03 1.692321642924616860e-03 -1.832576158978263189e-02 -3.958063839751852636e-03
-1.122827042899376786e-02 2.458507615118525266e-02 -8.455974669262601717e-03 -7.909788499031793164e-04 -2.955672529882890070e-03 5.744978350376607479e-03 2.449671939755221177e-03
5.482835007873746933e-03 3.777971138036922798e-03 8.521795115383904232e-03 4.245694812993407348e-03 2.637933055031961484e-03 -1.696743442842137432e-03 -3.198370462084114537e-04
-8.292935595313570551e-03 1.122173584039307635e-02 -1.112945619183061674e-02 -7.652636923388082130e-05 8.356129895613666897e-03 5.528106865273585933e-03 -2.864562912210212066e-03
7.052071978161392196e-03 6.359011936849505442e-03 1.108051474505373016e-02 -2.191919661530484977e-03 4.794656766725594044e-03 -2.236891717292735591e-03 1.294336611116338404e-03
-1.221116259035423361e-02 -4.423920906905483286e-02 3.289301684422904536e-04 2.218660760624469562e-03 2.010911860377459504e-02 1.796781730590331708e-02 1.474235491073097072e-02
1.158069714876451897e-02 1.589675190806089100e-02 -7.024540795159626635e-03 -1.936433809440620641e-03 -2.205609690152455019e-03 2.976968629933709771e-03 3.781601642830987112e-03
-1.344321224948892210e-02 1.182168800894232291e-02 -6.135099672330049901e-03 -8.131784685127764825e-03 5.225925231913245740e-03 4.490773034946667942e-03 -1.240723299846146002e-02
5.375514798345720768e-03 1.576814998903519269e-02 -8.272602350731560542e-03 -6.483428698438486147e-03 1.115472257539363091e-02 7.570834660379020808e-03 3.571327821392266712e-03
2.396733683093820073e-03 1.123273148176829987e-02 -6.352017354655116639e-03 2.422622839957759740e-03 -8.862649019642455852e-04 -8.568733083300187096e-04 5.515969055453940825e-03
1.822425022902318670e-02 4.603048724092765123e-03 -1.722581704806951802e-02 9.148065004345264963e-04 6.737045035952374424e-03 -1.219575592876845360e-02 1.036042454175962330e-02
-1.212469627267215300e-02 -1.059277074398957096e-02 -1.985871852420455913e-02 1.462374886237032511e-02 7.363512644762062326e-03 -2.681923886813798296e-04 -5.582681822114831001e-03
1.367410685912822874e-02 -2.241191843199570946e-02 1.443480115733650551e-02 -4.586185509351158908e-03 -4.937791814734013296e-03 4.199299198931598712e-03 -4.404167295612382294e-03
2.437967861749466142e-02 3.670640410288822202e-03 -6.100986189426152798e-03 5.630645365540974320e-03 -2.040926878978956485e-02 5.580034901428054805e-03 2.136486515629283569e-03
-6.075219688382586152e-04 -8.214371250891760318e-03 -2.743173513370225983e-02 4.853105200029669830e-03 7.314065698635725463e-03 -3.458008609147846576e-03 -2.602411388887173241e-05
-2.138912307643643998e-02 1.614557876010291881e-02 -2.041517117759843528e-02 -1.975404452569903477e-03 -1.087649977461266695e-02 4.955217747394050770e-03 7.213724362531068017e-03
2.309111157495011691e-04 1.792684745512421879e-02 5.083892213820641326e-03 6.316740109581350446e-03 -7.747445751821633100e-03 3.021862512293550188e-03 -1.113689829492544485e-03
1.117641892828298567e-02 -7.327235902559623912e-04 1.380345960701734320e-02 -1.566469463207894154e-03 -2.916864829776986186e-04 1.902967180688124602e-03 1.445902986282920129e-03
-2.993933945933530821e-02 4.623439277722250600e-03 -2.127866603593619056e-03 1.970091507634674083e-03 -3.491611968180811064e-03 1.058546289197571976e-03 -1.812261098275798647e-03
-1.145574243480093103e-02 5.622422661027313799e-03 5.637289860121217982e-05 9.047523179407606850e-03 6.131628114699955341e-03 2.509486217592408943e-03 -4.894685230004938888e-03
-3.492790976953139698e-02 -8.618407497622642549e-03 -2.646730109867942351e-03 4.530713577359491394e-03 -1.345225532760710441e-02 -8.278174020143710607e-03 -1.104612719240122450e-02
-2.099032427670902493e-02 1.169286727426051102e-02 -4.493690543246826917e-04 1.002471328950426191e-02 8.389841160943380463e-03 -1.912301709098181146e-03 2.182929974076382282e-05
-1.249411932305037783e-02 2.120394874488657627e-02 -1.438443200828493345e-03 8.027136313803915832e-03 2.522485869558671687e-03 3.305350186809766309e-03 -1.425063457601760154e-03
-2.983266054805135473e-02 -2.194291026501292083e-02 4.378990123117844184e-03 -1.221716173170895280e-02 -8.432663885737996801e-03 1.751037104463948118e-03 9.730805550727370965e-04
-6.318137023173479340e-03 2.223395687498539927e-02 5.420155377606076033e-03 -4.255078932624510590e-02 2.112480965097399827e-02 -5.061028524655060900e-04 -8.731192514333369764e-03
-4.579990880979515483e-02 6.636860550924249431e-03 -6.836145682339946766e-03 -1.307938675540013277e-03 -6.360540698273856736e-03 2.332551109675961437e-03 9.911806535614218344e-03
-4.762889178704961951e-02 -3.351454662291792480e-02 7.815782336247344489e-03 -1.449737491272364877e-02 -1.216540319464585497e-02 -9.075186608933284715e-03 1.603511182992322162e-02
-2.799399382991278259e-02 2.066033102524959114e-02 -1.075317823940386518e-02 5.984308683302443088e-03 -1.181888288762224064e-03 5.107388308197878708e-03 5.002813531418904593e-03
3.556880209871095960e-02 -2.847908365318877269e-02 -1.371757349619937352e-02 2.616014419571315898e-03 1.383634577617786623e-03 -1.070871787232203012e-02 -5.511744250996064055e-03
-1.893967080528407079e-02 -8.918144666391947945e-03 3.406518687783407356e-03 1.326384516916535340e-02 1.401820604122357324e-02 -5.694515309257141417e-03 -3.304343146724456320e-03
-1.704682665053536619e-02 -4.754957996519516839e-02 -2.660455945486678471e-03 1.219228433846325770e-03 2.198399151555743489e-02 2.302873215868419393e-02 1.928494351261893225e-02
-1.129981036333287288e-02 -4.485849392109002992e-02 3.223010685796625762e-03 -7.295731176654155674e-04 1.573201892141814703e-02 1.777293908820042068e-02 1.106357544422831816e-02
7.322440198795555043e-03 1.752189250195215417e-02 -1.863427065239408459e-02 2.549028999226257784e-03 -1.085094392895702507e-03 5.844200552136574224e-03 7.385947572710152217e-03
-9.710330423701543992e-03 5.901250966175319466e-04 5.514582337371229555e-03 5.090662415059027217e-03 9.980178232897259777e-03 -7.946740193588340551e-03 -3.008290469369364391e-03
1.136457551696461003e-02 -3.029395928655411949e-03 -9.292961149280945868e-03 4.991379562910499244e-03 5.089778128657213236e-04 -2.773905326530178451e-03 3.418339978710783263e-03
2.585737090013851339e-02 -1.112272778775552813e-02 -8.263470678961545163e-03 -1.391037802734104310e-04 -3.719473957833279321e-03 2.141102440205304262e-03 5.875713162514307857e-03
-5.165064125590112555e-03 2.304958301359236530e-02 -6.058309279428142520e-03 -1.719305301728427907e-04 -1.473266591305691245e-03 7.140325094832042710e-03 3.220996363835172335e-03
7.796783827885761520e-03 -7.799005095407932769e-04 1.593358348791132362e-02 4.118831830322124306e-03 -3.833861337410354904e-04 -2.401302911579087838e-04 2.455030598194520800e-03
4.958844611917052198e-03 4.376569666914733800e-03 7.338406659155129359e-03 9.485451243311135774e-03 -7.037810384788995401e-04 -2.308150620240736507e-03 5.581726766295997538e-03
1.389849618558699172e-02 2.184330652005727832e-02 -1.073196680588596637e-02 -1.412581679600474413e-03 -1.051099876116667019e-02 4.610261087715639486e-03 4.538214761188379305e-03
2.729719294812454553e-02 -3.098814538537481358e-02 -2.738202442206425641e-02 -5.073931015823525273e-05 2.459540102146298875e-03 -1.904888243932916295e-02 -3.698741521685756841e-03
-1.504584578443651788e-02 2.249614658378068250e-03 5.187976548109437570e-03 1.432408101462867567e-02 9.140018472078924316e-03 -3.295171333977788084e-03 -3.498826784737579625e-03
-9.552014551999976275e-03 -1.579988454070301159e-03 -3.034520939057226002e-02 -2.062943554613492700e-02 1.446123905504458941e-02 -8.505627782278537066e-03 5.933146622386602361e-04
-3.534648637455761744e-02 -1.401677526944954816e-02 -6.369469882951548680e-03 -9.287245430055870651e-03 -4.877501864389254850e-03 -2.665715577305159182e-05 -1.630549214522956491e-03
1.035332042406544167e-02 -5.148555996233100326e-03 1.510528141434535308e-02 3.019612479561482182e-03 -5.147056978137417096e-03 2.197912688735154628e-03 3.790696966276809951e-04
-3.088906254137465182e-03 5.213852772817773908e-03 9.307178780526257494e-03 8.403169802215466194e-03 -1.431347921598480821e-03 -2.502544812005181619e-03 -3.428123509565702935e-03
-9.247194599308965549e-03 4.530442916176710862e-03 1.156130432641487528e-03 7.788084205421196352e-03 3.757007400287553679e-03 3.057060138719460730e-03 -4.681058031835709510e-03
-2.466851994096310591e-02 3.996626289496159334e-03 -1.351301689590048843e-02 -4.468500951495207527e-03 -1.141527622225566897e-02 8.254496878936198184e-03 4.592754054575507415e-03
2.481916394497089492e-02 -1.749400471195515505e-02 -8.000819804742576773e-04 -4.649385986396234460e-03 -6.151231250238141032e-03 4.091896641847218852e-03 2.686837640283215849e-03
1.366536957138889639e-02 -1.278351605055276854e-02 1.382226502109477027e-02 -1.454873721932937449e-03 -3.562019641881600425e-03 1.847004813224658584e-03 -2.697415808304673944e-03
-2.128390822455960771e-02 9.047795415659939597e-03 -2.317923705298230441e-02 -5.129699292619507552e-04 -3.316114119492678553e-03 1.097802392885866701e-02 3.256563071426898763e-03
1.202579117968812297e-02 -3.468747644560273100e-03 1.326347039616366727e-02 1.510795102684657975e-03 -6.457590096271017231e-03 4.234418799140419847e-03 1.683563932920350897e-03
9.651730914368298817e-03 -1.786198873605416432e-03 1.607861040627730012e-02 4.248829070454873680e-03 -3.372698743415753798e-03 1.182295999357245919e-03 2.684863458623312944e-03
-3.530757254553473605e-03 5.559543547781382010e-03 1.273654682599815492e-02 1.095755615969511848e-02 2.646467418638345347e-03 -4.545358752205977404e-03 2.035942131460365383e-03
-3.235471206666985788e-03 1.348995626770685581e-02 8.573683108795318586e-03 7.055924385961035578e-03 2.106806904332678317e-03 1.675334378890375349e-03 1.017291681663740673e-03
-1.049014061316685432e-02 -6.691419355193568667e-03 -2.778819061990758961e-03 8.682484996258614529e-03 1.659486445198890200e-02 -9.195360447262265063e-03 -1.479706249379271043e-03
3.180103392028937187e-03 1.613880102633142438e-02 -1.426383816651400141e-02 2.132276763286076928e-03 -3.389242436623473263e-03 3.342222468916887252e-03 4.970918717518240521e-03
2.344873935036723492e-02 -2.060322156655660167e-02 -3.333412999782579128e-02 -6.643253377859111193e-03 1.180393474989472301e-03 -1.773607480597558933e-02 -4.398922907640281932e-03
5.006421141068958212e-03 1.013264902333003807e-02 -9.971969499597076181e-03 1.729018284871509112e-03 8.432417040462626950e-04 -9.708663668745872669e-04 2.170251737592415742e-03
1.810918190905138475e-02 8.196143866477448303e-03 -5.737258285643463164e-03 -2.622016070599325881e-03 -8.086915908864704058e-03 6.090466477798772010e-03 4.892530599906478792e-05
1.089031569459120510e-02 -2.218915510190548612e-02 2.483941472516758720e-03 -3.439770089212445788e-04 -3.067494854629913316e-03 6.901335549659297873e-03 -9.612255035279843388e-03
2.074759775640610138e-03 1.171299513236717139e-02 1.006997352405915059e-04 2.598139416408551481e-03 -5.456545031209252342e-03 3.712529329707140932e-03 1.595058842180935126e-03
2.453196351456865543e-02 1.600407597673513416e-03 -3.206856884110403927e-03 -2.831834063080834046e-03 -8.779381018880852774e-03 5.875356560438018891e-03 6.450132876908006192e-03
-2.460996699419850872e-02 2.809441829954099565e-02 1.892325236090536267e-03 -1.397740646616892936e-02 1.643946113906396417e-02 -8.473350137280080685e-03 -4.547508218706700772e-03
1.517059869108402202e-02 -1.734957663908544279e-02 2.263718282778544300e-04 -2.347751594516884859e-03 -3.378591895723052820e-03 7.201778946957389065e-03 -2.020203417665697530e-03
6.142649678420382398e-03 1.800579907313207620e-02 -1.051136508445982840e-03 -1.613849848292610084e-03 -2.126536862507891115e-03 6.297048151322258945e-03 2.576375058517944502e-03
-6.150206696535769242e-04 -2.528031524243943770e-02 6.086317990317150208e-06 1.340072843712259050e-02 1.156923369943067478e-02 2.894182775931469168e-03 -2.135028161138698925e-03
-1.020231501882556437e-02 2.388100705005511901e-02 5.370839563427228132e-03 -4.237489134728395640e-02 2.117477000212595467e-02 -9.081095411123328272e-04 -1.170222169097432166e-02
7.239769438860762032e-03 1.460513370013594159e-02 -3.682798806383667887e-03 4.090032761398638105e-03 -6.890777215150642801e-03 4.276044204349297578e-03 1.023775856201912179e-02
1.711059802500919380e-02 -1.000998436706419456e-02 1.374721466628195388e-02 -5.324265849529467506e-03 -5.145960597659459020e-03 4.303590651053222117e-03 2.824353304789300719e-04
-2.306762108541374201e-03 9.684470187473146743e-04 -2.928634963541958472e-02 -1.715730529094595599e-02 1.594369300746784068e-02 -1.398027344258992270e-02 1.747650412001775910e-03
1.548959694453117854e-02 1.360559551993477737e-02 -4.625546145116205855e-03 -3.526401099095724219e-04 -1.551354756591942540e-03 3.050871746629204347e-03 6.313697954206133438e-03
3.140260007132829670e-03 1.008855203351696934e-02 6.902713465631551970e-03 -6.148296275343176354e-03 -5.478147722881552412e-03 3.549532574652979056e-03 -9.967113427358678494e-04
6.278367339605989139e-03 1.324212430096427182e-02 1.266348420614709681e-02 -3.482731206410764110e-03 3.207954140044257715e-03 -1.709131178822037708e-03 5.499355322519932678e-03
1.433382930068557992e-02 1.029374127037667105e-02 3.607029545441267551e-03 -4.050789035587773999e-04 -1.439258279897414478e-02 8.445231694175433373e-03 2.067457850373173762e-03
-2.293400056528518277e-02 8.023563602989763205e-03 -2.300507616480926883e-03 4.692402881119115202e-03 1.936500681121848880e-03 1.024451490151437891e-03 -3.315297009320551311e-03
-1.403266429868160509e-04 1.541249872664306360e-02 -1.485144314541338682e-02 1.051208047544926420e-03 -4.062240214824639796e-03 4.182323697508308000e-03 5.289044714692640696e-03
2.201766097570430434e-03 1.203385125622078063e-02 -1.437014967731065421e-02 2.604434309493287424e-03 -5.330363759726013291e-03 1.001918034391572829e-02 2.346442948930787479e-03
1.064271706928270576e-02 -6.908353371524080487e-03 4.080709340098574375e-03 -7.334867821121302586e-04 -2.658930838532465139e-04 -5.617363620542941902e-03 -4.441345786585889494e-03
8.956280465720955347e-03 1.087312335129576868e-03 8.814647060846302062e-03 1.501374692378964473e-03 7.256778204110543974e-04 2.176742814923157340e-03 -2.233580423729230723e-03
1.514610465447831060e-02 2.999460657548593933e-04 9.277286918900954499e-03 -9.747334020834217891e-03 -1.106845030921389545e-03 -1.841771073186798278e-03 8.643344999316902519e-03
-1.741046568936108208e-02 7.325450085151482063e-03 8.902323216792453961e-03 9.015149763149985992e-03 7.464898291434480040e-03 -7.470172946896563512e-03 -1.245884138846953737e-03
-3.428894538179785931e-03 4.787651045456911211e-03 1.383561835731103758e-02 9.440606205843721233e-03 3.118042725270280587e-03 -4.887502181493187832e-03 2.545923458428871102e-03
-3.227593391062618441e-03 -3.931187096534900782e-02 2.644267851916700437e-03 4.522350719686858353e-03 2.115963109335415593e-02 1.312869423358759870e-02 6.531003811747905508e-03
7.851065357035206041e-03 1.097753304308985919e-02 -6.333777071285461545e-03 1.299183191898378893e-03 -2.250806275222565222e-04 -2.201273009644042519e-04 8.739238821440379126e-03
1.997198070493643937e-02 -1.117443745617138426e-02 -2.156230785129025981e-02 -5.407140290847376948e-03 6.999469630346486296e-03 -2.260385560188041612e-02 -9.810684275170804183e-04
3.716085051624125161e-03 3.741449245913756796e-03 1.427230420322158320e-02 6.805800846684275512e-03 -1.862818841566763785e-03 -9.135241764521040983e-04 2.740925770441821410e-03
-9.593295652752810085e-03 -2.642909271717603856e-03 4.299623592327062212e-03 1.261137021540670484e-02 8.463249639030178545e-03 -2.703563096000428934e-04 -4.328967518501327673e-04
1.643727874131401673e-02 5.109395611538368638e-03 1.537718958960865127e-03 -1.420808041200287506e-03 -1.233399876343810493e-02 9.067669375344257834e-03 2.719356557901508008e-03
7.964262819037804322e-03 1.579890062405349752e-02 -1.306009063578805925e-02 1.682260753343515266e-03 -3.710986370869044995e-03 2.314805545092743153e-03 7.430026243298264513e-03
2.657377384496782333e-02 -3.343984297637912079e-02 -3.256668933972491770e-02 -3.566947581966065615e-03 7.326020239695519437e-03 -2.115123107246376713e-02 -2.402754701863518694e-03
-1.073062694713665388e-02 1.339722232112421259e-02 -6.894678180478258807e-05 5.020042574938024006e-03 9.973031943232157242e-05 1.822527493404337787e-03 -1.810238614555948920e-03
-4.752678890140441318e-05 1.933845197452274678e-02 -1.961638478870506019e-02 2.491442125633596804e-03 -2.591878839829577993e-03 5.676747192655717117e-03 7.446356540830575098e-03
1.293904715615894901e-02 -3.720118112379760568e-03 -9.716354638068417510e-03 9.021151333017458918e-03 -6.761411865744577367e-05 -8.630885927919383291e-03 -1.952053792762445134e-03
-3.208776507429458142e-04 1.477664464905847908e-02 4.253212842683041974e-04 5.714434980237670554e-03 -4.636920881156599179e-03 3.206964671890472594e-03 -1.235269305388658149e-03
-9.611390511048591503e-03 1.337308372739649288e-02 6.180045373822259068e-03 8.290533483543548188e-03 2.151536320735155348e-03 -9.301186952235027507e-04 -3.025002050452722455e-03
-5.709549538019875574e-03 1.668792472400775981e-02 3.723519768091650400e-03 2.279600351495731075e-03 8.502555456821028670e-04 1.072822674775965974e-03 3.323461573538803249e-04
-2.330146519708482800e-02 1.883067328048901659e-02 -4.195913374661179585e-03 -9.570580665282614127e-03 1.164304283631908271e-02 3.746769762000628991e-04 -5.198759963825962463e-03
9.991393084281830969e-03 -2.426212346818633001e-02 6.295521463502498638e-03 -1.055183355102240310e-02 5.065411263647605182e-03 1.488190381573733026e-02 -1.256885657761193202e-02
-4.924251991454319834e-03 -2.567860550967155514e-02 -5.788198986617499979e-03 1.396198638150733529e-02 1.114906982478789006e-02 5.989897033340389580e-03 -4.818862681280483562e-03
2.460112552004708845e-03 5.146878929474195657e-04 -2.697958142416647873e-02 -1.543591058695904794e-02 1.438639169926134338e-02 -1.502415770537494401e-02 2.923584547285799050e-03
-5.185922831257537557e-03 2.550159685480668861e-02 2.601506384757115015e-03 4.455277981038016123e-03 1.606686638555071631e-03 -4.479719194528193529e-04 -6.265614710317589332e-04
-9.646970041089547934e-03 1.773658722659727030e-02 2.217310713887300517e-03 1.943212996644201130e-03 1.387395342647132707e-03 1.684968326338050237e-04 -9.569344262778094884e-04
5.335632670536927941e-03 3.743439001563514824e-03 9.193855981917064060e-03 3.915717392560146481e-04 2.349971960164896608e-04 -2.927330016399025490e-03 -3.682014157707568739e-03
1.233997511846899112e-02 -3.438414305897758393e-03 -1.137697632724297449e-02 -3.365222636034723765e-03 2.686359590671591642e-04 7.187678632266466042e-03 6.658542228657767133e-03
-2.803718437826095006e-02 -6.911040838478671282e-03 -6.132319808337191244e-03 5.444484389660080546e-03 -1.206517429534331894e-02 -3.399971617416159761e-03 -1.329226477317985676e-02
3.913958671582719491e-03 6.863153736673927681e-04 -1.683057650167650576e-02 4.670965201486165438e-03 3.557760925390969671e-03 -2.556884095779132608e-03 1.826140955554435676e-03
-8.725880967861624274e-03 9.751703578484174212e-03 7.791841870157025299e-03 1.321147552400487105e-02 -3.105309765488735278e-05 -6.984387432709812313e-04 -4.143795856780233705e-04
2.168038519749077020e-02 -1.203748683002591607e-02 -5.966824582235531402e-03 -2.797981931226808505e-03 -3.581441391348577554e-03 -2.114011761938758456e-03 -1.550523386594608588e-03
5.990138758669541139e-03 -8.840380451774102616e-03 1.201787735897549662e-02 6.627666460014724169e-03 5.998042242592360566e-03 -5.103411596195170027e-03 -1.495330627477904498e-03
7.014848507827427422e-03 -2.138995582327424868e-03 1.245990041384160453e-02 3.736372305894335860e-03 9.261632721621124512e-03 -8.496385455908533543e-03 1.763332040549471600e-03
3.904249348016601475e-03 1.195266039718024566e-02 5.835077743655087308e-03 -3.202754553925107883e-02 1.173121553653841583e-02 8.406542235706967320e-03 -6.702950476537284513e-03
-9.480264585698401636e-03 5.249972254898599942e-03 1.130045380080461556e-02 1.146206797598060476e-02 6.175384640608233902e-03 -6.318566729813548423e-03 4.117337707930634294e-06
-8.450138086172360313e-03 2.129752472626217016e-02 -2.705242200110756154e-04 1.056969274619637238e-02 -1.257592551315885607e-03 4.360105628481992547e-03 -2.372503155090522221e-03
1.434386546875372238e-02 -2.089622894794302202e-02 1.141957178536841429e-02 -4.097230865257922919e-03 -3.115758638406991923e-03 7.314798403421778582e-03 -6.737523713343886167e-03
1.630472091844038102e-02 -1.773427953461172851e-02 8.130685777318884949e-03 -1.598116383686142006e-03 -4.264441015973536621e-03 1.341586890858441133e-03 -6.749569734926513928e-04
1.502228851145541097e-02 -4.132918853501549999e-03 1.663666370513368353e-02 1.364816279564132293e-03 -3.516935665810135437e-03 -2.037053286864598089e-03 2.730704050793866973e-03
5.506082421951284927e-04 2.339039776900506476e-02 8.073055003559023723e-03 -4.006340198676842934e-02 1.691208368129583015e-02 2.046783593594549318e-03 -5.211272694899017968e-03
1.076086538043879125e-02 1.359622743048211936e-02 -2.008591573078277650e-03 3.894437331728197154e-03 -8.096429895670531271e-03 5.188867331655441610e-03 1.248254701744894689e-02
6.895514320644157216e-03 -3.502911161822844666e-03 1.064240764004555258e-02 2.109950892152740766e-03 -1.278587722274472248e-04 -8.535668831591182795e-03 -1.977298390590453807e-03
-7.813542428784504791e-04 3.909760437692806449e-03 9.976629827986879459e-03 8.631195697221960214e-03 -2.133576275886425559e-03 -8.427629898867784958e-04 -1.861974924944256567e-03
-9.077171303206918104e-03 1.372277482130222076e-02 6.941997306698961465e-03 9.784295167941693683e-03 4.639554262513828110e-03 -1.523552338662756325e-03 -8.823517264905765957e-05
-9.698960206213066981e-03 1.049562374469336680e-02 -1.402040131361143374e-02 3.481162429813323706e-03 2.336278982052874577e-03 7.999483143790817735e-03 -1.050162949633672146e-03
2.595804116879186704e-02 -1.684179248957421229e-02 -2.863655291249640397e-02 4.130451975669028469e-03 1.397019493708366719e-03 -2.011178097600227130e-02 -1.042830452541327561e-03
-2.516836773345994607e-03 -4.192643371807408537e-02 4.977285214217644187e-03 1.511684045750825338e-03 1.821802065543417712e-02 1.255041999087126367e-02 6.088817651133266937e-03
-1.847386680237671870e-03 -3.622707369013386525e-02 -6.920575544337289643e-03 4.120807161181760415e-03 7.516048014154735543e-03 2.672561584043720712e-02 -6.528525384489102315e-03
-7.519099156157509241e-03 1.072852888752316540e-02 4.894407794346921931e-04 1.039935135373910857e-02 -8.123145354309736083e-04 -5.603285007317280195e-04 5.915690577885391590e-04
-4.823399319084342718e-02 -4.150183493388229922e-02 9.175699119520935518e-03 -1.894477156424651323e-02 -9.016917098148446996e-03 -5.384177876881177452e-03 1.694946900094534623e-02
-1.017683131971167977e-02 -1.023714808214558217e-03 -1.536446083117205819e-02 6.795649081248958910e-03 3.637971194689993120e-03 1.105989109255382276e-02 -1.801243888225222481e-02
-8.826580385263805770e-04 2.493762618803359744e-03 1.095469484993988676e-02 -3.136402190704477844e-02 1.033249282461793164e-02 6.876502581212739010e-03 -1.029488419229409625e-02
-5.234525333173127180e-04 2.036579456888675324e-02 -5.136410468174755527e-05 8.194637745821159447e-03 -3.317388852778752235e-03 6.822295998606134337e-03 2.803851699751901930e-04
5.129998397698933878e-03 2.005782334459072207e-04 1.476926548699346482e-02 2.820699279658557459e-03 1.056374457666352197e-03 -3.139651848972863177e-03 -6.039075722730981484e-04
1.158484746796015381e-02 -2.132347499678839686e-02 -9.536814076612184707e-03 -3.723049465815130368e-03 1.870555282739813424e-03 7.530133227993348645e-03 -7.178950371376328042e-03
1.614064647513005198e-04 1.213747915609897539e-02 -1.295350832367180537e-02 -1.435224491780635447e-03 -2.031757227446349002e-03 -1.755363060541555078e-03 -3.829727421733675002e-04
-2.055673011387102941e-02 1.992672977481406774e-02 -9.375630381741896155e-03 9.293494339990000797e-03 -2.341271050420961047e-03 6.249435989446057438e-03 2.347967766600504713e-03
-1.503666758477901003e-02 -6.958459436316593270e-03 -1.482670331149936807e-02 3.452777852449737291e-03 -4.209692745158939882e-03 1.209110463522295245e-02 -2.140972334213689030e-02
1.026613739582741755e-02 2.984281168791759302e-04 1.091274590322689579e-02 -6.549379605288207715e-03 3.114467105627743634e-03 -6.174685853789981492e-03 -5.846772655912265554e-03
-5.896323170225735606e-03 -4.013098053317661063e-02 5.214615133554645343e-03 2.920905700076099163e-05 1.833978118785045339e-02 1.559314037850637220e-02 7.177224744771354241e-03
-2.841763622719518934e-02 -4.129099629178209323e-03 3.118943099309483703e-03 -6.671704418260918611e-03 -2.297785446318957939e-02 -2.909963273285301813e-02 -7.246280576709154299e-03
7.463082746855460511e-03 -2.177162690965683822e-03 -1.185456056154259551e-02 4.548638256334306025e-03 6.022054999055528185e-03 -2.823096483597635226e-03 5.154483285792015555e-03
-1.201262917553902985e-02 -6.667940762361960691e-03 -1.513062626344522689e-02 3.585327545771502342e-03 -1.932686238054800998e-03 1.197091964821456016e-02 -1.938635725318577779e-02
-2.497312406441144425e-03 4.962991507995668898e-03 1.015944827477956169e-02 8.402556422024186691e-03 1.919275315454628799e-03 -3.157369874914762314e-03 -1.160257489559811351e-03
1.623565519768504356e-02 -1.419000830023805886e-02 1.229243522340766996e-02 -4.006324190460030903e-03 -4.119041756295703516e-03 2.323885080481857650e-03 -9.398418680179853810e-03
-2.110758959227532899e-02 -9.476924648079775026e-03 -1.787789341944345106e-02 -1.020290964167053227e-02 -1.141691355443162810e-02 -1.692427953670919832e-03 5.410403991951931446e-03
-1.189901779639817789e-02 1.675777659289984234e-02 -1.985067077837118429e-02 4.835547747725310965e-04 -7.611559180523442061e-03 5.300421224690656311e-03 5.705907080907449656e-03
2.235980929591963387e-02 2.328001824271515741e-03 -1.841726475810619157e-02 -3.001757692157823107e-03 2.280755670193532810e-03 -1.792319806899876676e-03 5.765158538778289606e-03
6.450075696379946322e-03 1.517995160363841065e-02 -8.823948970780887829e-04 -2.773012955329697774e-03 -5.588349873993837640e-03 4.270247977831976433e-03 1.568087647136287717e-04
1.241053991439570146e-02 1.924303649210858114e-02 8.646668825324374530e-03 -7.461677899559324492e-03 -9.583697796732961252e-03 2.786472926126993578e-03 6.127768040275365091e-03
9.117373782491788176e-03 2.000577337016042068e-02 -1.213089418139654332e-02 -1.530566746685059617e-03 -9.504278645114218674e-03 6.348310056422536152e-03 2.207833839193673944e-03
6.276365725194114724e-03 -3.761137261562013702e-03 1.113504913460400259e-02 -1.070555985526393510e-03 1.226157537956792942e-02 -6.773773885923507591e-03 1.622707589947393217e-04
7.047895074118235188e-03 1.225954046374272410e-02 8.447741066474001581e-03 -3.345656841222902078e-02 1.137091641597868033e-02 6.162027855495438855e-03 -5.478101186783006574e-03
2.232357177876575366e-02 -1.698841753468948584e-02 -1.518550449929831000e-02 -3.333254382109608616e-03 5.348869799346593276e-03 -9.047289073080718586e-03 -7.873304197404461940e-03
3.209083034911395117e-03 -3.220521178747891983e-02 -6.429551545259593048e-03 1.470673870925497118e-03 -1.338895716978230578e-03 3.394019110542466355e-02 -1.763086859428650635e-02
1.515345914301345978e-02 -1.726779355700895982e-02 1.176354653851837892e-02 -4.456556322519470738e-03 -2.339651219103744580e-03 5.929696401016343321e-03 -7.663188950043810579e-03
-1.978157849001297569e-03 2.569626917781955844e-02 7.537667202844872474e-03 -4.179868397469449492e-02 1.868333337626468596e-02 4.121511477876759551e-04 -6.856670114380378038e-03
1.202516039117090992e-02 -6.819901836666063862e-04 1.241764864890295382e-02 -5.908134263007615468e-03 2.936926902682518870e-03 -7.030743659006616526e-03 -4.512626012623446176e-03
-1.256911334138313165e-02 9.079145881550317390e-03 -2.277359106735276500e-02 3.438126067636196239e-03 -3.583787236083789407e-03 1.306760695243506035e-02 4.068567684984327436e-03
2.202902489992122903e-03 -7.015582641917352848e-03 1.083936626262115011e-02 4.929506167899264969e-03 8.678675528279396201e-03 -7.373968132861548862e-03 -1.439572016640938050e-03
-1.616701482966487191e-02 -3.015531625306154626e-03 5.962620708577033926e-03 1.554900871681430367e-02 9.753077271143540533e-03 -4.151015295677346409e-03 -2.111354288107070501e-03
2.227658284818272855e-02 -2.474165129824006104e-02 -4.202858599524825906e-03 5.307796244476890163e-03 -4.035742325590851304e-03 -4.114308123567229046e-03 -1.072607636242597917e-02
1.221911226073161237e-02 2.942328077545831866e-03 -3.272752320215341522e-03 -8.512643344332300813e-03 -3.954760314572534560e-03 -3.324988937203210513e-03 -2.549489679879031814e-03
-7.112763385817187471e-03 -1.391758309609318319e-03 -1.309281811906003699e-02 6.322951812195993018e-03 1.019892497878563571e-03 1.220539820311981709e-02 -1.720103092868899633e-02
1.688373201915486371e-02 -3.387250406062679211e-05 -3.935487151503103999e-03 -1.028900856233195583e-02 -8.715036986840429475e-04 8.822420135560179490e-04 -3.951514371358591168e-03
1.216266631058539674e-02 -5.929791035088278865e-03 -1.459616963898030355e-03 7.213138119231733009e-03 -9.140316260649183552e-03 -2.719384550454523254e-04 -4.701461387407622678e-05
1.271446811302411398e-02 1.182754617942313041e-02 -7.383680880529753274e-05 6.113552250742134483e-04 -8.206807364522623882e-03 1.133561383252409960e-02 4.954477683625874325e-03
7.422282216002318127e-03 -7.980438843389453182e-03 -2.328893325490625707e-02 4.972580361320822970e-03 5.946024470227283601e-03 -4.287913231014354315e-03 -3.959722821858756010e-04
3.395239388822099934e-03 2.406215788862991339e-02 -2.873178087636932623e-02 -7.211020889291055135e-03 8.695640748760205888e-03 -6.539834231855826650e-03 6.320087995695348494e-03
1.715277009794369256e-02 5.077352349015899768e-03 3.362034297819792988e-03 -5.465310017440678375e-04 -1.815598445006919720e-02 1.017700304775779122e-02 1.702289146590442968e-03
-4.905593100230151021e-02 -4.422595750515954938e-02 9.757948990559992333e-03 -1.805977570390332465e-02 -9.061993634379148996e-03 -5.559916844465750616e-03 2.131267105934844808e-02
1.867585921006475330e-02 1.329748568007660175e-03 1.453460387203982262e-04 -2.141780585228813573e-03 -1.632829295033445122e-02 9.142933065754076452e-03 2.274937149877062897e-03
-8.818640208048629308e-04 -6.061126970281008330e-03 7.744698933609134826e-03 4.733936476621857653e-03 6.980395571736810155e-03 -1.433290961071358172e-03 -2.747987130222313747e-03
-3.360202605269730497e-02 1.683061723824750763e-02 -9.518964589715406266e-03 5.653987267082294724e-03 -2.856695736997149748e-03 3.810932612535801976e-03 6.125680121348862917e-03
1.363879458572220954e-02 9.972958753644400876e-03 -8.929626255340225767e-05 -2.181530705398217369e-03 -8.919913926286496958e-03 7.169383282426887091e-03 2.121662333035338743e-03
-7.003280486034810020e-04 1.333809528647623456e-02 -1.246895991492116482e-02 -2.616935447973097774e-03 5.617627913217027209e-03 1.142448443470574400e-02 -2.064634300780440138e-03
-1.150525023265324374e-02 1.003805986122262642e-02 1.887619057035900194e-03 7.586900073962133881e-03 1.968980998421515551e-03 -4.217769836134404346e-04 -1.679691441238113621e-03
-2.905209293101379889e-02 -1.480493773764841002e-02 -1.400126799656231658e-02 -1.275264579512571175e-02 -1.383671574127349341e-02 -3.703804409514218753e-03 1.047368878234654702e-02
1.486917500915427293e-02 1.290593634203215587e-02 7.957597748718936090e-03 -8.199235124621912646e-03 -8.971950887497841948e-03 3.588485787294063041e-03 8.518835802668305729e-03
1.331768758066599612e-02 8.601381822952787470e-03 -7.749953602413470199e-03 3.990583614555824436e-03 -7.489693272607378036e-03 3.612704584268841643e-03 6.592344002745005593e-03
1.564697372591398669e-02 -1.048143359614376116e-02 1.311597399922243001e-02 1.633811800031408946e-03 -8.504599944055292113e-03 4.804220381374440380e-03 1.666232162751526361e-03
-6.033284546540308539e-03 2.656439633277548045e-03 5.889547289570284602e-03 -2.386010853085258291e-03 4.864537676369299485e-03 6.998122712765650170e-03 -7.042667900976909250e-03
1.369903556690729891e-02 1.631745501609775998e-04 1.369965571534177348e-02 7.065000946202087918e-04 -2.135739522175045171e-03 -2.150861976832034970e-03 -9.697265230155934727e-04
3.731893740423123870e-03 4.072730660066818144e-03 1.432911979453322694e-02 4.137485781641014708e-03 1.058025813733622349e-03 -3.807074289207743392e-03 -2.102698263144114693e-04
-1.508788671328114249e-02 4.201230884412869571e-03 1.706176189756381618e-03 -4.048477355823782743e-03 -2.167609264233718788e-02 -2.105428931442010140e-02 -8.494380618127492927e-03
2.488865761814746877e-02 5.812322206010225346e-03 -1.172532654751465503e-03 -2.160490437342136184e-03 -9.015328635670845359e-03 6.025832182823663390e-03 9.486693792883959045e-03
1.852592703311787756e-02 9.843885275791199041e-03 -3.763415995615424295e-03 -1.455758015850485126e-03 -3.088655667288159670e-03 4.815100110361071085e-03 6.855311938660869735e-03
-7.783367189883904844e-03 7.850689644677779798e-04 -2.346215486230408473e-02 2.297267883097585915e-03 1.463339556323686849e-04 1.014986353840242807e-04 9.378797867739180122e-04
1.055207370581531107e-02 9.105306287383026307e-04 -1.277894931116172611e-02 3.195590221964568142e-03 3.127037877037864254e-03 5.910456305264936099e-05 2.187569358831065874e-03
1.557777981429687942e-03 -4.159761927701947047e-03 1.572286597225463697e-02 9.909983296669918479e-03 1.637875345341467887e-03 -5.139005318079085949e-03 7.292159105473621904e-04
-2.535459928069873879e-03 2.017592293823721600e-02 -4.111276651440727396e-03 -2.727851978088964742e-03 -1.992440238149480874e-03 4.822844654246403323e-03 -4.169988178548080415e-04
2.025287821087392789e-02 -1.957648796686033144e-02 -3.515109300678029292e-02 -7.757168003112955255e-03 1.086285243330092389e-04 -1.658745338108867998e-02 -2.280516998802906495e-03
-9.576698907693415030e-03 1.826960290267021225e-02 -2.626607917087337915e-03 -7.027687789188549056e-03 5.699126632189021290e-03 3.150354156785203918e-03 -8.859628748338628512e-03
5.298680567065455413e-03 1.327301709706069782e-02 -1.072110823599527023e-02 3.127812456570195059e-04 -2.382487444313600641e-03 6.262738579939375501e-03 3.561234732238484618e-03
4.615653844298364672e-03 -7.105050031731751032e-04 1.109288055719638913e-02 3.505112960810726017e-03 9.267215857654578087e-03 -1.008512362933099843e-02 -1.016553021201562461e-04
8.030797549157708132e-03 2.009830380564790048e-02 7.588833495916665929e-03 -3.797500134036024128e-02 1.144286280639798467e-02 4.043194769321608976e-03 -1.746656603162700635e-03
2.265764796143044865e-02 3.094478140619773103e-03 -1.587703985109071084e-02 2.694785237434322201e-04 3.479058497155189129e-03 -1.177145139807196997e-02 1.155637745153153574e-02
2.261689005152849388e-02 -5.485463668387619875e-03 -2.357293790561073958e-03 8.132392175666556394e-03 1.318867098266857801e-03 -6.306647455799362090e-03 -2.351440117026310297e-03
-3.137687752372615062e-04 -1.200502547547454852e-03 -3.761199045383967644e-03 -8.555200509987977847e-03 2.021616180962581676e-03 1.015902835601329574e-02 -8.817479667491334369e-03
1.095940836629968884e-02 6.409239585319870432e-03 -3.940896181381167186e-03 3.433665881605781241e-03 -2.768693191933815217e-03 -4.588876926839023694e-04 3.899329762855697004e-03
-3.106608786566814398e-02 -2.881055996216564871e-02 -6.036836528545659782e-03 -2.193828351499410925e-02 -1.414921643271475904e-02 8.545608818362894488e-03 1.587719034024022771e-02
1.895961678647169885e-02 -7.832160059111269168e-03 -9.093591185520876266e-03 -3.058670281860826224e-03 -4.715834623242317475e-03 -6.735486075378369075e-03 -1.960399659729226366e-03
-1.297349251226475111e-02 7.139789994466036981e-04 5.234867021223745453e-04 8.935740917241790510e-03 4.992181629314416599e-03 5.642451276936220634e-04 -4.172973447017854984e-03
1.955105926076564082e-02 -1.711362737384609922e-02 5.720818544274288743e-03 -1.493441803933850997e-03 -1.247970241660092960e-02 6.001940459608385951e-03 -3.567519974427634834e-03
-1.433943020353744061e-02 -4.718375374193953947e-02 -3.172562868569726369e-05 -2.308859231812839669e-03 1.414189052534868714e-02 2.776492532111463074e-02 1.874482433328729727e-02
-2.262988174336912420e-02 -3.664288288925496295e-03 3.342528951194483847e-03 1.528763426422559933e-02 8.210825733953729111e-03 -5.238579337512277827e-03 -2.930915871066342403e-03
-5.674666157144982875e-03 7.117352826185123320e-03 1.410800937707451345e-02 1.026714108286043078e-02 3.454629046716476901e-03 -3.298461802024710895e-03 4.039170689667623271e-03
1.604246933200962830e-02 -1.841336279797335966e-03 3.557030986808271036e-03 -1.212281128622806105e-02 2.089243593925580388e-04 4.255169212037039454e-03 -6.410867816990959908e-03
3.309041702482362624e-02 -2.566527980660595482e-02 -1.696336374100931507e-02 3.166480045901110332e-03 1.330390567338811869e-03 -1.146080105621813394e-02 -5.470438650654016119e-03
1.052866435613461667e-02 1.328780281829228076e-02 -1.084810226680287025e-03 -2.095876429504618492e-03 -6.160457881550915858e-03 6.491455087978397279e-03 2.070690620191618578e-03
2.052628144349396937e-03 8.505041634369884173e-04 1.268964172003609822e-02 -2.989747284457854384e-02 8.930574618819169669e-03 5.108892271102383024e-03 -9.211585526662716475e-03
1.215233707928331519e-02 -8.948719799903286781e-03 1.275042947714399334e-02 2.749265656919821794e-03 9.842178702918150265e-05 -2.637864782619733957e-03 -6.332352896966254169e-04
-1.972136220122801958e-02 1.026131107680970309e-02 -3.430036948944874525e-03 3.598719443812200755e-03 -1.746653745360691491e-03 8.614579315624524376e-04 -2.671421973385539484e-03
9.380050732481087089e-03 -6.501928507703605420e-03 1.303499879988049420e-02 4.640643369751953733e-03 6.243431093456516638e-03 -4.388085084195162029e-03 1.758108153411923986e-03
-3.506057612285552478e-03 1.301876336130823250e-02 -1.551882137494146885e-02 -2.181931177480786813e-03 -1.146535792482297192e-03 -1.241323925346572276e-03 7.507834347132664532e-04
1.345167821330709411e-02 -5.425214899332946906e-03 -6.956762082727306791e-03 4.811940709398877108e-03 -4.688901692686630153e-04 -2.741942092967729686e-03 5.582523743111241638e-03
7.581371257404431047e-03 9.911074867302447494e-03 4.719053218673350224e-03 9.037177814813524565e-04 -7.510810686370730793e-03 4.767937435311661587e-03 9.465611131722023557e-04
-6.727149975155844938e-03 6.546875703630482832e-04 -2.297826590815933712e-02 6.040858289398569857e-03 2.855986411253619186e-04 -6.865075108101832604e-04 1.706024885162933180e-03
1.330164703480808154e-02 -1.485568103748169909e-02 5.824372642266912800e-03 -5.638345771493123194e-04 -8.424289199802287081e-04 3.298194875881457593e-03 -4.559256266351316249e-03
1.527586179508973185e-02 6.496079994298674734e-03 4.440615135206619634e-04 -1.578800834444658982e-03 -1.122166954450687544e-02 7.042291358973253035e-03 2.506890420823379081e-03
-1.486316059599846959e-02 1.104365868567558188e-02 -5.323062779544599811e-04 7.374507517949774847e-03 1.867553195443636413e-03 8.561938256969631612e-04 -2.623873364144802944e-03
1.643770106918482701e-02 -4.670698078271518644e-03 1.197800239772816265e-02 -7.295001373942258845e-03 -3.397757920609157864e-03 1.889370962912242154e-03 -5.049253892879823971e-03
-1.982309379003635921e-02 1.254056582339294415e-02 -2.009239191415422478e-03 9.967881274026259633e-03 1.856346433342833443e-03 -2.175163194620099907e-03 -1.752495668316821987e-03
2.045983225946730946e-02 -2.247201696737852195e-02 -9.310533433838223336e-03 5.049599625990132228e-03 -2.251483631790650048e-03 -7.986350338569396176e-03 -7.345867988195957203e-03
4.519088896949465510e-05 2.746971366405882506e-02 5.470218154538648153e-03 -4.429258638462199582e-02 1.451336666995345359e-02 5.429476443134300875e-04 -5.978506280393382742e-03
1.120618098417883960e-03 2.348892880378199155e-02 4.294966598034215786e-03 -7.910371857654720923e-03 -3.303566779843847018e-03 -8.179030403223419609e-04 3.057865567483144132e-03
-7.754081466880594423e-03 -4.280348030175305796e-02 2.179060160590114988e-05 2.328988405842105733e-03 2.049736468840926765e-02 1.809564824172513187e-02 1.428325743900844651e-02
1.585407884067190076e-02 7.582860587001291619e-03 3.994493317052923848e-03 7.700304630385158399e-04 -1.609408663022110497e-02 9.051822691800834667e-03 1.746936613663626356e-03
2.632944974740586332e-03 5.580124050239360090e-03 9.765182934569393083e-03 -2.121213260568866228e-03 6.250322265912094423e-03 -4.659127184328654657e-03 8.185383664030058655e-04
1.804480210133130313e-02 -1.394456704144659436e-04 9.435194062866317233e-03 -1.764417349463152321e-03 -1.026127865166961452e-02 6.174299440823806558e-03 8.152743213842392634e-04
-1.037711345138427228e-02 1.095576042421561244e-02 -1.462059248048827587e-02 -2.456965749816764858e-03 -9.082318960664475084e-04 1.677447204709571656e-03 1.547047417345301726e-03
-5.682512208924574496e-03 7.100641507321964370e-03 7.983581296418941486e-03 7.301585716658753368e-03 -8.302791502185105470e-04 -3.397118820781799484e-03 -3.393107313994032839e-03
1.587814859287187477e-02 2.702495671689704795e-03 7.051674487153170197e-03 -2.001709044899816891e-03 -1.154485520289662455e-02 5.110776011701823572e-03 -3.119677184822065158e-03
1.021942983049941266e-02 -1.952567903348107143e-03 1.310607312098028589e-02 3.372849185840159480e-03 -3.928972925193112420e-03 3.156588985672968261e-03 1.563838672425457016e-03
-1.509920633952833470e-02 -4.960873207479419428e-02 -1.574708815661063832e-03 3.696935575546946733e-04 2.073018394329814718e-02 2.460349853025965358e-02 1.740887287616949344e-02
7.871766747016091872e-03 3.633316913441971083e-03 9.950231513860107596e-03 3.342142882308184616e-03 6.360851451495785468e-04 1.284391618177289701e-04 1.636190885668051091e-03
1.651256882146833957e-02 -5.964712219489866438e-04 4.137109780592245281e-03 -8.850882435789532085e-03 -2.125794318253056581e-03 4.378728410797933998e-03 -7.097175803816590384e-03
-1.013788205735840532e-02 -2.195060281962525790e-03 2.143079084890807482e-03 6.368557490761489123e-03 4.067064287519391551e-03 -8.945425675238138745e-04 -5.656135123085060008e-03
-7.169251310349963359e-03 -7.776497184620484102e-03 1.080744693876719252e-02 1.392287058048963591e-02 8.789192663362570962e-03 -2.160380762899457956e-03 1.796631068699024446e-05
-5.595087383797395231e-03 1.612924251937252699e-03 8.128660267444274418e-03 1.428567520451671721e-02 4.411356237429162226e-03 3.940929602041384435e-04 -3.329880685226553139e-04
2.128893591150165469e-03 2.009718495324779378e-02 -2.373425109999223459e-03 -1.176926101633898793e-03 -2.541556113381976487e-03 5.762512508798182422e-03 1.185071465621430299e-03
-2.870321472544828251e-02 1.987531731782967402e-03 -1.633351691075441564e-02 -1.931621031066986559e-03 -1.084012383094291876e-02 1.052464398741162835e-02 5.096858946659986629e-03
-1.292541543181057254e-02 6.894348190446336448e-03 9.906100616062327169e-03 1.109118986990980694e-02 6.517247110795570952e-03 -6.471481653450101602e-03 -1.441105274163725393e-04
1.336538211641781211e-04 -8.559950812973281557e-04 1.304266087357606151e-02 4.101872770841466509e-03 -4.821230977958015050e-04 -1.465401115932383992e-03 -3.900864497924644639e-03
-1.382604584115518275e-03 9.839415760753781812e-03 -4.838957887287824444e-03 1.257647097738127419e-02 4.223523923375457770e-04 6.384749385907720169e-03 -1.401872654785161554e-04
4.803446335342327969e-03 2.352450107225575928e-03 1.103814479667824568e-02 -3.796005394467715519e-04 4.957723746251939401e-03 -3.265761305260109996e-03 -2.190264866908417807e-03
8.338997186486830221e-04 2.283560087441415670e-03 6.188428280602254264e-03 9.072476088380208858e-03 3.829526734143152283e-03 2.023869827182255715e-04 1.317833872839028293e-03
1.393985038399912606e-02 -1.585140687164893853e-03 1.482351720370900239e-02 1.877387825669325988e-03 -2.228754419633189633e-03 -2.096223558106316727e-03 1.762167782492462566e-03
1.200685402561891407e-02 9.918761426552106034e-03 -1.042714171978710753e-02 1.458595174580247641e-03 -4.282948974621804232e-03 6.680116806982658480e-03 4.265892278634250516e-03
-7.080505472598106441e-03 1.911608415750903206e-02 -6.128470814418749682e-04 7.618739264210244201e-03 1.258432770523061888e-03 4.961083358475316084e-03 -2.233369010547870976e-03
7.371243757293906816e-03 5.526133536540208009e-03 8.736401864755775210e-03 -5.163604317208481294e-03 -6.159283793965660350e-03 5.468124092451433216e-03 -3.857383639724020104e-03
1.565897746476490552e-03 5.450944151331502119e-03 1.071053082941680890e-02 9.146166010669672455e-03 -3.720554575567792694e-03 -7.530614842613985241e-04 -1.201131754528670043e-03
-2.174877547405031780e-02 -3.068289356012475141e-02 5.061531726821940280e-04 -4.801683923166443629e-03 -7.046330372477532279e-03 3.142679757515910353e-04 -2.131047068684566019e-04
-3.520620151945985220e-03 2.645307916351837246e-03 -8.909335124458911057e-03 8.459915781220773978e-03 1.982725194895370094e-03 7.814095105721251266e-03 -1.441802660884794994e-02
2.022289734541996356e-02 6.221460496110215246e-03 -1.821250376806776705e-03 -2.354372555669427894e-02 -1.488934480434106261e-03 -4.522052905033626421e-04 -2.436922243321395804e-03
4.522164786500075528e-03 3.523064749425794222e-03 1.380202478615590207e-02 6.197673594639572072e-04 6.872290444712588723e-05 1.764934379369927195e-04 2.355460371648026349e-03
-1.358500302148296082e-03 -1.637958278873346066e-02 -8.379104578445801740e-03 9.076692547384461462e-03 1.323336069547148249e-03 7.849429009293010587e-03 -6.997137776747687499e-03
-1.147133513239313556e-02 -2.107643816114356406e-03 -1.586362419832977252e-02 5.699143328385453643e-03 -1.297072304613396598e-03 1.225064109417930806e-02 -1.922661011798747904e-02
-2.860069807536690101e-02 2.319984397768901346e-03 -1.933126743669846478e-02 -2.890435249180668513e-03 -6.482615477252223583e-03 1.081059652790117113e-02 3.820066264186227582e-03
2.015204037611806678e-02 -1.852225241666454955e-02 1.354384725702330837e-03 -1.111515841113959804e-02 7.967719621927411107e-04 1.357234045936025514e-03 -6.322701951863899349e-03
1.006246248232754194e-02 -1.121755586521207444e-02 7.085194702409707175e-03 -2.275363435413363736e-02 2.230418006105672462e-03 4.808142263794632464e-03 -1.516766313448931862e-02
-2.024655075180659212e-03 -6.083362518458272118e-03 7.062754369498802295e-03 -2.417805511433858065e-02 7.732176699835824167e-03 1.089643928056049232e-02 -1.555038297384211086e-02
-5.926166644586824093e-03 6.163657669078597551e-03 9.097411621532981024e-03 7.647404169776195713e-03 3.228124193719950855e-03 -5.027526363759881635e-03 -1.859953697943095589e-03
-2.073501672567876555e-02 2.687878919330702679e-02 -8.025110174814631750e-03 -3.118491611073906031e-03 3.474523189978569529e-03 4.811730277381030645e-03 -6.669957724836600259e-03
-6.669338428025784436e-03 1.436283854351961056e-02 -1.267716784754897505e-02 -7.494392515044763893e-04 2.016372720984548755e-03 -3.082756734139889586e-04 4.087190748121536168e-03
-6.953659327368233271e-03 7.812352385311837830e-03 1.185158511482431974e-02 1.165321259810540334e-02 6.104233409352128291e-03 -5.023708890418994606e-03 2.544108181402617540e-03
5.967673101539576822e-03 2.380583783879871088e-02 6.235372228786086740e-03 -1.264956869661338669e-02 -2.052024262018555673e-03 9.021727301255145397e-04 4.739898041776169531e-03
2.135631340327381888e-02 -1.545977271372880706e-02 1.679324174849363902e-02 -4.076804954956648433e-04 -1.390248368364660828e-02 -5.876820531064173153e-03 9.429031588409788169e-04
1.060630043603396147e-02 -1.064735161891759707e-02 1.321398977101294336e-02 -1.161265642545210482e-03 4.146586641561928431e-03 -4.962450606788489441e-03 2.596496396033445841e-03
-3.639709299153263966e-02 -2.972863202950403252e-02 3.281249676284139771e-03 -1.383743438257170784e-02 -4.451895223654603502e-03 1.180885495573140258e-03 2.637551208110562768e-03
2.010664461625659774e-02 -9.571983900705812939e-03 1.040892253651906109e-02 -6.206781881065967336e-03 -7.629663367389355987e-03 8.080752495426314630e-03 1.553093274131914399e-03
9.175005289107354342e-03 1.099526543959263893e-02 -1.015419435658419453e-02 5.087752052369677244e-03 -4.485907164073424033e-03 2.816471677849593808e-03 9.549195658275919790e-03
1.956698733162760134e-02 -3.854371157114371525e-03 -1.333556394192754457e-03 -5.977493293268778575e-03 -5.498344754090174480e-03 2.639602821618073931e-03 -2.743268459140832654e-03
1.607715143807779759e-02 9.719833919440271086e-03 1.613947533955610580e-02 -2.344885492581794822e-02 7.280344288857103392e-03 -2.962598876980291653e-03 3.360872220527613523e-03
-4.329533233495902467e-02 -3.241879972920552050e-02 6.326871591261052676e-03 -1.731818474489636370e-02 -1.439013762745773757e-02 -7.784373559368854868e-03 1.250406968387477585e-02
2.059283802862433514e-03 3.719524759932647286e-03 4.610741223776812850e-03 7.903929690097359975e-03 -3.894664406018284036e-03 8.886874321838824156e-03 -5.377349247020629663e-04
-4.855267916285322533e-02 -4.266473516927628273e-02 6.612421002075530123e-03 -1.345735199042434257e-02 -1.173490384122045233e-02 -1.559407594283973054e-02 1.663828483017868246e-02
-3.807857680096294467e-02 -4.635568541158287086e-03 -7.567572530137272463e-03 1.900240804939407968e-03 -1.097389770276946917e-02 -7.795329594148487501e-03 -1.483611018369334136e-02
2.000629227859285209e-02 -1.244630973620286345e-02 5.885180840415753754e-03 -4.547879117751626489e-03 -1.703481281129791067e-02 1.775453800497528477e-03 2.221180129336093600e-03
-9.417900458889584200e-03 -1.037228597879568531e-02 -2.579230994084311026e-03 6.522491377628406896e-03 1.792706365862011680e-02 -1.090390974231012639e-02 2.811919724421934729e-04
1.294465822645203719e-02 1.321490544930409988e-02 1.503494626930510468e-02 -2.463226622628769333e-02 1.046681420016110260e-02 -5.814341218231546329e-03 4.570016475956002028e-04
-2.004388418735407636e-03 -4.066290890860645851e-03 9.290716050234910928e-03 1.032795234478698330e-02 3.548874090160490224e-03 3.379989030677648808e-04 1.702566218275451074e-03
-7.109314215370758812e-03 -2.509780145427431899e-02 -5.981894877953309632e-03 1.396188241743764186e-02 1.387332440922753839e-02 4.238505290626204576e-03 -4.533340988845365252e-03
-9.156878405838696222e-03 9.932912662048940314e-03 4.099254692750603501e-03 5.843200657944235335e-03 1.368923515794518396e-03 3.147518211732781889e-04 -5.598325687506323922e-03
1.584724147468713831e-02 -5.905887736883094763e-03 1.050374681068060902e-02 1.104111590302053400e-03 -1.679763265193959937e-02 6.619115951546670519e-03 4.139853603277963696e-04
-3.553431539173941296e-03 1.331787920570385447e-02 4.800764400297774862e-03 1.181187311758747282e-03 -2.563627002785083975e-03 2.677219846428382458e-04 -4.166919736842229424e-03
-1.019802832438853474e-02 2.021952874913411288e-02 4.528980182663609223e-03 -6.109975963571345238e-03 7.351795735098306389e-03 -9.856737324006013552e-05 -8.703304418652028441e-04
-3.911658496551930625e-02 -1.041562798240074778e-02 -4.300120907898578523e-03 2.513000649528790605e-03 -1.290383797788601308e-02 -8.364952817478647426e-03 -1.071255865863450334e-02
-8.000022664637543648e-03 1.438440065249793794e-02 6.911060335922952769e-03 7.684006418741741104e-03 1.904179445778180196e-03 -2.469963800794846166e-03 -3.246391683846612964e-03
8.057345563481417170e-04 2.176601666382470702e-03 1.118541102461190033e-02 2.145470045046156057e-03 5.501970553954716424e-03 -3.336393064960854835e-03 -2.577934736492279964e-03
-4.196265145620962228e-02 -2.955633560425703632e-02 -6.946059539085132090e-04 -1.932833843313383135e-02 -6.606061167071271625e-03 -2.119975041526751293e-03 1.371306924159882042e-02
-2.721208009923392970e-02 1.742912840685757400e-02 5.521701487101610302e-03 1.360082969593645694e-03 5.805897275540167907e-03 -5.920599868566408380e-03 -3.355048608694545520e-03
-1.574584315112546526e-02 5.102368858403033038e-03 1.026122889016905636e-03 9.041730035334103258e-03 9.853394916892055030e-03 -7.170061192011643707e-03 7.023662451999707372e-04
-2.660884062429002064e-02 2.670397749462780079e-02 -1.404722790574333604e-03 1.170531459960871302e-03 4.934083764206660325e-03 -5.590098632354412699e-03 2.981601434747251176e-03
-6.891946821681605925e-03 1.353529434495882866e-02 6.333582059853862245e-03 -1.187089528582273290e-02 3.047636675798292422e-02 -4.316676157425534607e-03 6.900062951385803681e-03
1.978654235060364405e-02 -1.572923485906441848e-02 -1.586650356647964846e-02 -1.243638301788394136e-02 6.789610179058721585e-03 -3.314334984537696972e-03 -4.611224557309125962e-04
-4.633430004763277460e-03 -2.424615931302185300e-03 7.366039750238899224e-03 1.086038479042859307e-02 5.893045902159919219e-03 3.719394536774872921e-04 1.040044802865022679e-03
3.172249050725896823e-03 -2.224938122846332154e-03 9.696769166574267448e-03 -1.957157376160867379e-03 1.278436107306605771e-02 -1.094023308506451332e-02 4.033646260104722155e-04
9.382430649418434590e-03 7.467683383976015180e-03 -7.996182362819785616e-03 -5.125552541516589615e-03 -1.609284258574684339e-03 -5.719620499346797331e-03 5.292513335213419080e-03
-6.850201652198333740e-03 1.089460010820789831e-02 5.890487535712689293e-03 -1.867229229095463989e-04 -1.951001290126888957e-02 -1.487168036690258294e-02 -1.655859260864800050e-02
1.484014340527951489e-02 2.400971566879559795e-03 1.061360995030103185e-02 -4.866650855895580138e-04 -9.207644382479259273e-03 3.489249652408011118e-03 -8.137083730583434494e-04
1.883955052025378801e-02 -5.420001019979294940e-03 1.656891763383570859e-02 -1.500284679944775129e-02 -7.664359558270283229e-03 -4.007173433520445287e-04 7.455043450005272368e-03
-9.904708326132240920e-03 -4.206411666655327473e-03 4.732890344680389279e-03 1.180025136139040316e-02 9.065632268781110767e-03 -6.268426560462487520e-04 -4.772887427084130827e-04
-2.490501253803641124e-02 1.579263809462830119e-03 -3.481648369525460417e-04 7.857196310411268189e-03 9.966581657199260688e-03 -7.707276046803079525e-03 -7.699250121729126059e-04
-4.352292236997128833e-02 -1.308071868722891079e-02 -2.650999470613648983e-03 1.496694901530114469e-04 -1.438128038233486665e-02 -9.552453995212513774e-03 -4.322814829303015492e-03
1.105743118471487312e-02 -1.235332656867154863e-03 -7.469994351127815825e-03 4.161968776921045991e-03 -3.850681947103545659e-03 5.334073967325977939e-03 5.038619917970403941e-03
1.435314527476133336e-03 -1.444778824211428656e-02 -9.640672220869215365e-04 -5.701265565967540477e-04 -8.216769338287755083e-04 1.446994940494749152e-02 -1.211717796817349431e-02
3.512553395142112463e-03 -7.966295901094204435e-03 1.056158509501714873e-02 -6.681269682702090269e-04 1.388670582132588149e-02 -5.583562673563156886e-03 -1.902947078285843242e-04
-3.840132144569210343e-02 -2.274302262096987784e-02 4.498719920763654539e-03 -1.173721352513082058e-02 -1.071061489558577072e-02 -1.785318759347687525e-03 2.976391350908536276e-03
7.990095534846135272e-03 3.894656573285022565e-03 9.925321711247315354e-03 2.582830573040119197e-03 -2.412076356842008176e-03 3.067584391768036350e-03 4.595186354074674872e-04
-6.406553393421690785e-03 1.339587970356786659e-02 2.344925759383004269e-03 5.815564372171579642e-03 -1.763499741514835831e-03 1.944234078200617402e-03 -9.955678870864511070e-04
-1.194230177840234193e-03 3.411618598759483343e-03 7.503049653187105449e-03 7.540007683998321136e-03 7.323360684274258028e-03 -8.863366574817965055e-03 2.385305028536130380e-03
-2.783550330008887838e-02 5.077499547266864713e-03 3.467078240935019939e-03 1.082055013216313109e-02 3.562784109617044004e-03 -3.103972272190506660e-03 -1.720910191212781694e-03
6.528824067436191959e-03 -5.431921026251901839e-03 1.408664145524515278e-02 4.274144296065035889e-03 1.230603855111558854e-03 3.618663816580474182e-04 2.277972908883693637e-03
1.996123302843491945e-02 7.229571255831461658e-03 -4.283970673428143770e-03 -1.636679384122899329e-03 -4.734613169464838359e-03 4.876408086669878350e-03 4.904770147381969612e-03
-1.097464475563730141e-02 1.258128498596919158e-02 -7.771689055784315563e-03 9.029441707390629610e-03 -5.843818194147373281e-03 5.799941555572153684e-03 -1.292284982281375304e-02
2.759551389313449204e-02 -1.608479668344690167e-02 -8.842393848896746775e-03 -1.080154040701491059e-03 -1.332626552946490281e-02 -2.785262097876707653e-04 5.023852667014280272e-03
-6.017105758600453311e-03 2.280897610864527844e-02 5.883503335758215498e-03 -4.297883680893818496e-03 4.411616103623233406e-03 -7.446894484323052709e-04 -1.361570611425454635e-03
1.777480897986981117e-03 9.860040728542188854e-03 1.100368021768151003e-02 -4.183880420697161200e-03 7.524432816649132168e-03 -4.451966852979096986e-03 6.565189516427258083e-04
-3.419529743705839592e-02 7.448813749792460200e-03 -1.965449436051525112e-02 -6.040588648078742962e-03 -9.879557662367914606e-03 9.303934035456493459e-03 6.074350720634699545e-03
1.734782261865457087e-02 1.882895138404628438e-02 -1.063766591374934109e-02 -7.483336034133152188e-03 4.077355500675029602e-03 3.633276268807788807e-04 1.272218025846698179e-02
1.170377123305244710e-02 1.319465678862935705e-02 -7.569098072380682843e-03 4.644089557665593941e-03 -7.116318249421401017e-03 7.574193077571542403e-04 7.652408211838631139e-03
-3.473266277394711503e-04 -5.768973154096597618e-03 9.924066096292797137e-03 5.503138233850826157e-03 4.985786196575569922e-03 9.724080713855911412e-04 -7.312158674313859116e-03
