#Cornell Digital HI Archive
#Springob, C. M., Haynes, M. P., Giovanelli, R. and Kent, B. R. 2005, ApJS, 160,149
#ASCII Table format
#Generated by Brian Kent  Wed Jan 17 16:35:23 2007
# 
#Telescope:      Green Bank 91 meter
#Beam size:      10.0 [arcminutes]
#Object:         AGC 4036
#RA:             117.97792  (J2000) decimal degrees
#DEC:            73.015833  (J2000) decimal degrees
#Rest Frequency: 1.4204058e+09 [Hz]
#Bandwidth:      10000 [kHz]
#Channels:       192
#Ref Code:       2005ApJS..160..149S
#Spectrum codes:  Single Hanning only;  Good quality;  (see reference)
#HI Archive at http://arecibo.tc.cornell.edu/hiarchive/
#This spectrum is not baselined.  For a baselined spectrum, subtract the provided polynomial fit.
#Table FORMAT:  (f8.1,1x,f12.6,1x,f10.4,1x,f10.4)
# 
#Column descriptions:
# 1. Heliocentric velocity [km/s]
# 2. Radio frequency [MHz]
# 3. Flux Density [mJy]
# 4. Polynomial baseline fit
# 
####################################################################
# 
  2523.1  1408.551214    57.5600     4.2730
  2534.3  1408.499131   173.7000     4.1889
  2545.5  1408.447047   141.9000     4.1039
  2556.6  1408.394964   124.5000     4.0182
  2567.8  1408.342881    93.8000     3.9317
  2579.0  1408.290797    41.4100     3.8446
  2590.2  1408.238714     3.3500     3.7568
  2601.4  1408.186631     5.2400     3.6683
  2612.6  1408.134547    22.1300     3.5792
  2623.7  1408.082464    16.9000     3.4896
  2634.9  1408.030381     4.4990     3.3995
  2646.1  1407.978297     6.1900     3.3089
  2657.3  1407.926214    12.9300     3.2178
  2668.5  1407.874131    14.3200     3.1263
  2679.7  1407.822047     6.3260     3.0344
  2690.9  1407.769964     0.2270     2.9421
  2702.1  1407.717881     2.7190     2.8495
  2713.3  1407.665797     2.7710     2.7567
  2724.4  1407.613714    -1.7590     2.6636
  2735.6  1407.561631    -0.8890     2.5702
  2746.8  1407.509547     3.2480     2.4767
  2758.0  1407.457464     4.4100     2.3831
  2769.2  1407.405381     4.5150     2.2893
  2780.4  1407.353297     4.4940     2.1955
  2791.6  1407.301214     2.6130     2.1016
  2802.8  1407.249131    -0.1820     2.0077
  2814.0  1407.197047     0.3220     1.9139
  2825.2  1407.144964     2.3280     1.8201
  2836.4  1407.092881     3.7740     1.7264
  2847.6  1407.040797     7.0180     1.6329
  2858.8  1406.988714     5.0620     1.5395
  2870.0  1406.936631    -1.4950     1.4463
  2881.2  1406.884547     1.9010     1.3534
  2892.4  1406.832464     9.0030     1.2607
  2903.7  1406.780381    10.3700     1.1683
  2914.9  1406.728297     8.4780     1.0763
  2926.1  1406.676214     3.5800     0.9846
  2937.3  1406.624131    -1.4530     0.8934
  2948.5  1406.572047    -3.5520     0.8026
  2959.7  1406.519964    -3.3770     0.7123
  2970.9  1406.467881    -4.1400     0.6225
  2982.1  1406.415797    -6.0800     0.5332
  2993.3  1406.363714    -4.5010     0.4446
  3004.5  1406.311631    -1.3430     0.3565
  3015.8  1406.259547    -1.9980     0.2691
  3027.0  1406.207464    -2.9500     0.1824
  3038.2  1406.155381    -1.7550     0.0965
  3049.4  1406.103297    -0.3510     0.0113
  3060.6  1406.051214     0.5520    -0.0732
  3071.8  1405.999131    -3.0230    -0.1568
  3083.1  1405.947047    -9.3200    -0.2395
  3094.3  1405.894964    -7.9600    -0.3213
  3105.5  1405.842881    -2.4920    -0.4022
  3116.7  1405.790797     1.2750    -0.4822
  3128.0  1405.738714     2.4560    -0.5611
  3139.2  1405.686631     1.5490    -0.6390
  3150.4  1405.634547     0.9070    -0.7158
  3161.6  1405.582464    -0.8690    -0.7916
  3172.9  1405.530381    -1.4860    -0.8661
  3184.1  1405.478297    -1.4010    -0.9395
  3195.3  1405.426214    -2.0390    -1.0117
  3206.5  1405.374131    -4.4370    -1.0827
  3217.8  1405.322047    -2.6010    -1.1523
  3229.0  1405.269964     4.5220    -1.2207
  3240.2  1405.217881     4.4260    -1.2877
  3251.5  1405.165797    -2.2270    -1.3533
  3262.7  1405.113714    -2.1040    -1.4175
  3273.9  1405.061631     4.1040    -1.4803
  3285.2  1405.009547     5.3990    -1.5415
  3296.4  1404.957464     2.1470    -1.6013
  3307.6  1404.905381     0.5660    -1.6594
  3318.9  1404.853297     0.9240    -1.7160
  3330.1  1404.801214     2.6420    -1.7710
  3341.3  1404.749131     6.3980    -1.8243
  3352.6  1404.697047     5.1580    -1.8759
  3363.8  1404.644964     1.0580    -1.9258
  3375.1  1404.592881     3.7000    -1.9739
  3386.3  1404.540797    16.9400    -2.0202
  3397.6  1404.488714    51.9500    -2.0646
  3408.8  1404.436631    88.6500    -2.1072
  3420.0  1404.384547    91.8100    -2.1479
  3431.3  1404.332464    80.6400    -2.1866
  3442.5  1404.280381    73.5100    -2.2234
  3453.8  1404.228297    67.8000    -2.2582
  3465.0  1404.176214    68.6600    -2.2909
  3476.3  1404.124131    72.5300    -2.3215
  3487.5  1404.072047    76.7600    -2.3501
  3498.8  1404.019964    82.5800    -2.3764
  3510.0  1403.967881    80.6700    -2.4006
  3521.3  1403.915797    53.7900    -2.4226
  3532.5  1403.863714    19.3500    -2.4423
  3543.8  1403.811631     5.7990    -2.4598
  3555.0  1403.759547     1.4790    -2.4749
  3566.3  1403.707464    -2.4740    -2.4876
  3577.6  1403.655381    -3.1370    -2.4980
  3588.8  1403.603297    -4.0210    -2.5059
  3600.1  1403.551214    -4.5660    -2.5114
  3611.3  1403.499131    -1.8370    -2.5144
  3622.6  1403.447047     1.9130    -2.5148
  3633.8  1403.394964     0.9420    -2.5127
  3645.1  1403.342881    -3.7210    -2.5080
  3656.4  1403.290797    -5.2800    -2.5006
  3667.6  1403.238714    -2.3480    -2.4906
  3678.9  1403.186631    -1.8740    -2.4779
  3690.2  1403.134547    -4.4430    -2.4624
  3701.4  1403.082464    -6.3600    -2.4442
  3712.7  1403.030381    -5.1400    -2.4231
  3724.0  1402.978297    -1.2990    -2.3992
  3735.2  1402.926214    -2.3580    -2.3725
  3746.5  1402.874131    -6.3000    -2.3428
  3757.8  1402.822047    -5.2200    -2.3101
  3769.0  1402.769964    -2.2950    -2.2745
  3780.3  1402.717881    -1.5020    -2.2359
  3791.6  1402.665797    -1.5610    -2.1942
  3802.9  1402.613714    -3.9950    -2.1494
  3814.1  1402.561631    -7.5300    -2.1015
  3825.4  1402.509547    -8.3400    -2.0505
  3836.7  1402.457464    -5.4800    -1.9962
  3848.0  1402.405381    -2.1060    -1.9388
  3859.2  1402.353297    -1.1240    -1.8780
  3870.5  1402.301214     0.4650    -1.8140
  3881.8  1402.249131     2.2420    -1.7467
  3893.1  1402.197047     0.4080    -1.6759
  3904.3  1402.144964    -1.0060    -1.6018
  3915.6  1402.092881     0.4500    -1.5243
  3926.9  1402.040797     0.5310    -1.4433
  3938.2  1401.988714    -0.7310    -1.3587
  3949.5  1401.936631    -1.2880    -1.2707
  3960.8  1401.884547    -1.2030    -1.1790
  3972.0  1401.832464    -1.3780    -1.0838
  3983.3  1401.780381    -1.9580    -0.9849
  3994.6  1401.728297    -1.9700    -0.8823
  4005.9  1401.676214    -1.8480    -0.7760
  4017.2  1401.624131    -0.4990    -0.6660
  4028.5  1401.572047     2.7010    -0.5522
  4039.8  1401.519964     4.4870    -0.4346
  4051.1  1401.467881     3.9730    -0.3131
  4062.4  1401.415797     4.3330    -0.1877
  4073.7  1401.363714     5.9440    -0.0584
  4085.0  1401.311631     3.7600     0.0748
  4096.2  1401.259547    -2.3540     0.2120
  4107.5  1401.207464    -4.4540     0.3533
  4118.8  1401.155381    -2.9810     0.4986
  4130.1  1401.103297    -3.3930     0.6480
  4141.4  1401.051214    -2.0770     0.8016
  4152.7  1400.999131     1.4750     0.9593
  4164.0  1400.947047     4.2830     1.1212
  4175.3  1400.894964     5.2640     1.2873
  4186.6  1400.842881     4.3940     1.4577
  4197.9  1400.790797     2.5500     1.6325
  4209.2  1400.738714     2.5940     1.8115
  4220.5  1400.686631     4.0420     1.9949
  4231.8  1400.634547     1.7660     2.1828
  4243.2  1400.582464    -1.3410     2.3750
  4254.5  1400.530381    -1.1060     2.5718
  4265.8  1400.478297     1.7620     2.7730
  4277.1  1400.426214     4.8350     2.9788
  4288.4  1400.374131     1.0410     3.1892
  4299.7  1400.322047    -2.4300     3.4042
  4311.0  1400.269964     0.5050     3.6239
  4322.3  1400.217881    -0.8320     3.8482
  4333.6  1400.165797    -7.4700     4.0773
  4344.9  1400.113714   -11.9800     4.3111
  4356.3  1400.061631   -12.4100     4.5497
  4367.6  1400.009547   -26.2900     4.7931
  4378.9  1399.957464   -30.5500     5.0414
  4390.2  1399.905381    -6.5600     5.2946
  4401.5  1399.853297     7.0030     5.5527
  4412.8  1399.801214     6.3510     5.8158
  4424.2  1399.749131     5.8810     6.0839
  4435.5  1399.697047     2.4540     6.3570
  4446.8  1399.644964    -3.0820     6.6352
  4458.1  1399.592881    -5.1400     6.9185
  4469.4  1399.540797    -4.6850     7.2069
  4480.8  1399.488714    -3.6690     7.5005
  4492.1  1399.436631    -4.8990     7.7993
  4503.4  1399.384547    -5.6000     8.1033
  4514.7  1399.332464    -6.3800     8.4126
  4526.1  1399.280381   -14.5800     8.7272
  4537.4  1399.228297   -20.4700     9.0472
  4548.7  1399.176214   -16.6900     9.3725
  4560.1  1399.124131     3.4340     9.7033
  4571.4  1399.072047    13.8400    10.0395
  4582.7  1399.019964    -5.6500    10.3812
  4594.0  1398.967881   -66.7000    10.7284
  4605.4  1398.915797   -86.4900    11.0812
  4616.7  1398.863714    25.4800    11.4396
  4628.0  1398.811631     9.9130    11.8036
  4639.4  1398.759547  -110.3000    12.1732
  4650.7  1398.707464  -123.1000    12.5486
  4662.1  1398.655381  -260.6000    12.9296
  4673.4  1398.603297  -243.6000    13.3165
