# ic_5179_drift_060_130.txt
# RA = 334.04242 [degree, J2000]
# DEC = -36.85342 [degree, J2000]
# APERTURE = 130 x 60 [sq. arcsec]
# POSANGLE = 90 [degree, N-->E]
# 
# 1 Wavelength [Angstrom]
# 2 Spectrum   [erg/s/cm2/A]
# 3 Error      [erg/s/cm2/A]
# 4 Sky        [erg/s/cm2/A]
# 
  3667.80    3.75404E-14    8.73843E-15    2.95088E-13
  3670.55    4.45307E-14    8.31893E-15    2.85668E-13
  3673.30    2.95709E-14    8.09030E-15    2.84312E-13
  3676.05    4.54714E-14    7.81931E-15    2.48646E-13
  3678.80    4.08617E-14    7.51132E-15    2.27859E-13
  3681.55    3.44290E-14    7.23412E-15    2.13340E-13
  3684.30    3.90638E-14    7.06026E-15    1.96210E-13
  3687.05    3.33337E-14    6.82442E-15    1.86052E-13
  3689.80    3.13655E-14    6.67277E-15    1.79634E-13
  3692.55    3.67465E-14    6.64116E-15    1.76607E-13
  3695.30    4.38620E-14    6.59340E-15    1.70310E-13
  3698.05    3.34343E-14    6.56926E-15    1.83451E-13
  3700.80    3.78442E-14    6.66937E-15    1.93287E-13
  3703.55    4.15999E-14    6.82042E-15    2.10013E-13
  3706.30    4.63347E-14    7.06338E-15    2.36780E-13
  3709.05    4.30584E-14    7.31050E-15    2.69340E-13
  3711.80    3.62544E-14    7.35392E-15    2.86255E-13
  3714.55    4.20640E-14    7.26310E-15    2.76083E-13
  3717.30    4.26238E-14    7.08565E-15    2.61339E-13
  3720.05    4.33324E-14    6.85601E-15    2.43804E-13
  3722.80    3.71526E-14    6.60069E-15    2.28015E-13
  3725.55    3.10132E-14    6.40422E-15    2.18259E-13
  3728.30    3.01741E-14    6.22450E-15    2.05093E-13
  3731.05    4.04506E-14    6.16731E-15    1.94461E-13
  3733.80    4.09845E-14    6.19742E-15    2.02223E-13
  3736.55    3.94508E-14    6.35721E-15    2.25052E-13
  3739.30    4.20831E-14    6.64041E-15    2.59392E-13
  3742.05    4.10143E-14    6.94743E-15    3.01735E-13
  3744.80    3.70561E-14    7.16008E-15    3.34496E-13
  3747.55    3.28659E-14    7.23372E-15    3.53253E-13
  3750.30    3.63713E-14    7.12247E-15    3.45409E-13
  3753.05    4.17412E-14    6.90540E-15    3.16590E-13
  3755.80    3.94230E-14    6.59281E-15    2.86507E-13
  3758.55    4.12642E-14    6.37998E-15    2.64090E-13
  3761.30    3.85381E-14    6.22518E-15    2.51480E-13
  3764.05    4.57568E-14    6.11171E-15    2.34702E-13
  3766.80    5.18469E-14    6.03562E-15    2.12930E-13
  3769.55    5.14832E-14    5.86818E-15    1.94686E-13
  3772.30    6.09463E-14    5.67881E-15    1.84352E-13
  3775.05    7.80775E-14    5.74615E-15    1.82802E-13
  3777.80    8.62029E-14    5.83854E-15    1.90504E-13
  3780.55    8.25738E-14    5.86516E-15    2.03164E-13
  3783.30    7.24138E-14    5.75235E-15    2.02016E-13
  3786.05    6.16286E-14    5.58336E-15    1.96161E-13
  3788.80    4.05790E-14    5.35973E-15    1.96024E-13
  3791.55    4.42178E-14    5.28947E-15    1.86125E-13
  3794.30    4.22623E-14    5.23369E-15    1.84126E-13
  3797.05    3.87247E-14    5.22525E-15    1.90838E-13
  3799.80    4.20572E-14    5.24691E-15    1.94061E-13
  3802.55    3.74680E-14    5.22567E-15    2.00063E-13
  3805.30    3.84074E-14    5.12443E-15    1.90463E-13
  3808.05    4.35134E-14    5.03783E-15    1.78468E-13
  3810.80    4.65438E-14    5.00322E-15    1.74205E-13
  3813.55    3.69762E-14    4.92311E-15    1.72318E-13
  3816.30    4.29206E-14    5.02709E-15    1.73112E-13
  3819.05    3.68834E-14    5.03925E-15    1.86122E-13
  3821.80    4.10732E-14    5.08441E-15    1.97585E-13
  3824.55    4.06215E-14    5.10170E-15    2.07400E-13
  3827.30    4.21593E-14    5.11350E-15    2.09152E-13
  3830.05    4.42068E-14    5.07155E-15    2.08079E-13
  3832.80    5.05625E-14    5.19034E-15    2.19654E-13
  3835.55    5.46275E-14    5.42336E-15    2.50012E-13
  3838.30    5.87068E-14    5.67148E-15    2.81424E-13
  3841.05    5.37131E-14    5.70494E-15    2.96281E-13
  3843.80    5.65767E-14    5.53771E-15    2.74582E-13
  3846.55    3.94566E-14    5.27625E-15    2.59139E-13
  3849.30    4.13470E-14    5.15277E-15    2.44091E-13
  3852.05    4.77141E-14    5.05042E-15    2.28457E-13
  3854.80    4.98641E-14    4.96971E-15    2.18747E-13
  3857.55    4.51464E-14    4.81149E-15    2.09171E-13
  3860.30    5.36371E-14    4.73992E-15    1.94404E-13
  3863.05    5.49667E-14    4.59159E-15    1.77557E-13
  3865.80    5.46791E-14    4.49876E-15    1.68437E-13
  3868.55    5.34975E-14    4.38481E-15    1.59376E-13
  3871.30    4.92002E-14    4.33037E-15    1.60816E-13
  3874.05    5.47911E-14    4.23677E-15    1.47914E-13
  3876.80    5.35116E-14    4.12068E-15    1.39199E-13
  3879.55    4.83526E-14    4.04365E-15    1.37666E-13
  3882.30    4.08524E-14    3.96837E-15    1.38327E-13
  3885.05    3.91924E-14    3.89099E-15    1.34830E-13
  3887.80    4.10602E-14    3.83393E-15    1.29170E-13
  3890.55    3.68942E-14    3.79595E-15    1.29171E-13
  3893.30    4.36268E-14    3.79142E-15    1.25985E-13
  3896.05    5.41930E-14    3.83556E-15    1.24553E-13
  3898.80    5.67746E-14    3.85368E-15    1.26170E-13
  3901.55    6.36442E-14    3.89371E-15    1.27747E-13
  3904.30    5.73938E-14    3.92176E-15    1.37184E-13
  3907.05    5.75218E-14    4.00546E-15    1.49565E-13
  3909.80    6.19231E-14    4.17562E-15    1.70289E-13
  3912.55    5.92094E-14    4.40021E-15    2.03215E-13
  3915.30    6.13860E-14    4.56102E-15    2.28614E-13
  3918.05    5.31092E-14    4.53853E-15    2.35868E-13
  3920.80    5.38936E-14    4.50923E-15    2.30928E-13
  3923.55    5.24483E-14    4.31376E-15    2.09555E-13
  3926.30    6.00662E-14    4.15700E-15    1.80197E-13
  3929.05    5.67610E-14    3.93891E-15    1.61475E-13
  3931.80    5.44682E-14    3.78883E-15    1.45130E-13
  3934.55    4.95070E-14    3.68435E-15    1.37238E-13
  3937.30    4.56610E-14    3.60299E-15    1.33153E-13
  3940.05    4.51007E-14    3.57931E-15    1.34316E-13
  3942.80    4.98417E-14    3.60079E-15    1.35337E-13
  3945.55    5.02964E-14    3.76216E-15    1.55600E-13
  3948.30    5.31637E-14    3.92306E-15    1.77005E-13
  3951.05    5.80651E-14    4.01220E-15    1.86120E-13
  3953.80    5.84236E-14    4.02174E-15    1.87789E-13
  3956.55    6.38887E-14    3.95274E-15    1.75557E-13
  3959.30    6.41517E-14    3.84224E-15    1.62881E-13
  3962.05    6.74836E-14    3.76429E-15    1.51084E-13
  3964.80    6.38207E-14    3.66196E-15    1.42204E-13
  3967.55    6.52942E-14    3.59610E-15    1.35639E-13
  3970.30    6.44694E-14    3.47556E-15    1.22112E-13
  3973.05    6.64723E-14    3.38752E-15    1.11996E-13
  3975.80    5.82628E-14    3.33119E-15    1.13336E-13
  3978.55    5.47189E-14    3.35730E-15    1.20311E-13
  3981.30    5.97374E-14    3.46890E-15    1.30218E-13
  3984.05    5.13759E-14    3.50084E-15    1.44114E-13
  3986.80    4.56924E-14    3.51359E-15    1.52104E-13
  3989.55    5.12355E-14    3.51928E-15    1.49040E-13
  3992.30    5.01723E-14    3.49790E-15    1.49379E-13
  3995.05    5.25332E-14    3.48293E-15    1.47657E-13
  3997.80    5.86695E-14    3.46443E-15    1.40807E-13
  4000.55    6.25541E-14    3.44133E-15    1.35455E-13
  4003.30    5.77526E-14    3.42092E-15    1.37989E-13
  4006.05    6.18315E-14    3.41790E-15    1.35899E-13
  4008.80    6.18871E-14    3.45117E-15    1.39319E-13
  4011.55    5.22927E-14    3.48519E-15    1.53402E-13
  4014.30    5.48643E-14    3.54632E-15    1.62543E-13
  4017.05    5.04604E-14    3.62499E-15    1.77715E-13
  4019.80    4.29230E-14    3.60540E-15    1.83399E-13
  4022.55    4.24596E-14    3.59383E-15    1.82256E-13
  4025.30    4.60349E-14    3.56330E-15    1.75736E-13
  4028.05    5.08683E-14    3.54816E-15    1.71941E-13
  4030.80    5.14756E-14    3.55345E-15    1.72374E-13
  4033.55    6.00215E-14    3.51050E-15    1.60257E-13
  4036.30    5.96871E-14    3.47037E-15    1.55932E-13
  4039.05    5.90794E-14    3.44343E-15    1.53804E-13
  4041.80    5.98411E-14    3.46514E-15    1.56214E-13
  4044.55    6.15104E-14    3.52940E-15    1.63911E-13
  4047.30    6.94860E-14    3.68154E-15    1.80114E-13
  4050.05    6.83005E-14    3.86279E-15    2.08053E-13
  4052.80    6.78505E-14    4.02081E-15    2.32985E-13
  4055.55    7.05051E-14    3.99584E-15    2.33994E-13
  4058.30    6.55863E-14    3.83060E-15    2.12707E-13
  4061.05    6.46427E-14    3.65260E-15    1.86440E-13
  4063.80    6.56683E-14    3.56821E-15    1.75026E-13
  4066.55    6.99496E-14    3.61258E-15    1.77398E-13
  4069.30    6.69022E-14    3.68635E-15    1.92907E-13
  4072.05    7.11289E-14    3.76984E-15    2.04024E-13
  4074.80    6.97071E-14    3.79343E-15    2.08626E-13
  4077.55    6.78376E-14    3.73959E-15    2.04472E-13
  4080.30    6.69487E-14    3.68166E-15    1.99882E-13
  4083.05    7.07798E-14    3.67770E-15    1.96103E-13
  4085.80    7.33140E-14    3.66571E-15    1.92106E-13
  4088.55    7.18411E-14    3.61774E-15    1.87238E-13
  4091.30    6.75041E-14    3.55423E-15    1.81393E-13
  4094.05    6.94525E-14    3.48364E-15    1.71507E-13
  4096.80    6.71797E-14    3.38964E-15    1.61347E-13
  4099.55    6.34509E-14    3.31489E-15    1.55367E-13
  4102.30    6.44865E-14    3.27215E-15    1.49578E-13
  4105.05    6.83303E-14    3.23902E-15    1.42350E-13
  4107.80    7.07874E-14    3.18661E-15    1.34924E-13
  4110.55    6.45161E-14    3.11457E-15    1.32288E-13
  4113.30    6.70890E-14    3.09577E-15    1.28467E-13
  4116.05    6.71223E-14    3.07554E-15    1.27052E-13
  4118.80    6.92481E-14    3.07067E-15    1.26269E-13
  4121.55    7.02702E-14    3.06435E-15    1.25875E-13
  4124.30    6.62086E-14    3.04307E-15    1.26972E-13
  4127.05    6.77445E-14    3.06215E-15    1.29916E-13
  4129.80    6.37169E-14    3.07558E-15    1.37403E-13
  4132.55    6.50753E-14    3.13179E-15    1.45295E-13
  4135.30    6.23692E-14    3.14710E-15    1.51385E-13
  4138.05    6.27041E-14    3.16043E-15    1.53409E-13
  4140.80    6.38714E-14    3.16086E-15    1.53409E-13
  4143.55    6.01281E-14    3.13149E-15    1.54877E-13
  4146.30    5.72137E-14    3.06482E-15    1.49224E-13
  4149.05    5.66160E-14    2.98999E-15    1.40625E-13
  4151.80    5.38321E-14    2.90395E-15    1.32869E-13
  4154.55    5.39265E-14    2.88260E-15    1.30407E-13
  4157.30    5.69342E-14    2.92884E-15    1.31508E-13
  4160.05    5.84562E-14    3.00065E-15    1.41392E-13
  4162.80    5.75880E-14    3.05649E-15    1.55538E-13
  4165.55    5.82786E-14    3.12486E-15    1.67356E-13
  4168.30    5.93573E-14    3.18492E-15    1.77107E-13
  4171.05    6.18393E-14    3.27842E-15    1.90096E-13
  4173.80    6.39515E-14    3.34793E-15    1.99836E-13
  4176.55    6.51098E-14    3.35632E-15    2.02232E-13
  4179.30    6.40081E-14    3.29835E-15    1.96339E-13
  4182.05    6.49809E-14    3.22532E-15    1.85392E-13
  4184.80    6.30168E-14    3.14948E-15    1.74956E-13
  4187.55    6.37480E-14    3.08094E-15    1.64180E-13
  4190.30    6.68920E-14    3.02730E-15    1.53029E-13
  4193.05    6.59597E-14    2.95023E-15    1.44198E-13
  4195.80    6.62241E-14    2.90209E-15    1.37876E-13
  4198.55    6.68275E-14    2.87599E-15    1.34509E-13
  4201.30    6.57339E-14    2.83172E-15    1.30488E-13
  4204.05    6.55210E-14    2.79333E-15    1.24504E-13
  4206.80    6.51484E-14    2.74132E-15    1.19217E-13
  4209.55    6.60786E-14    2.73844E-15    1.19282E-13
  4212.30    7.06203E-14    2.75689E-15    1.18253E-13
  4215.05    7.08598E-14    2.76589E-15    1.21243E-13
  4217.80    7.16181E-14    2.75433E-15    1.20610E-13
  4220.55    6.90332E-14    2.71754E-15    1.18158E-13
  4223.30    6.75781E-14    2.66436E-15    1.14079E-13
  4226.05    6.77678E-14    2.63121E-15    1.09984E-13
  4228.80    6.64479E-14    2.60356E-15    1.08081E-13
  4231.55    6.41589E-14    2.57833E-15    1.07912E-13
  4234.30    6.41183E-14    2.55823E-15    1.06365E-13
  4237.05    6.55633E-14    2.55992E-15    1.06580E-13
  4239.80    6.62592E-14    2.56199E-15    1.07806E-13
  4242.55    6.65180E-14    2.53990E-15    1.05574E-13
  4245.30    6.84965E-14    2.53814E-15    1.04125E-13
  4248.05    6.83806E-14    2.53030E-15    1.04071E-13
  4250.80    6.49927E-14    2.55122E-15    1.12128E-13
  4253.55    6.44913E-14    2.61947E-15    1.23905E-13
  4256.30    6.88366E-14    2.66231E-15    1.28504E-13
  4259.05    7.05870E-14    2.65538E-15    1.25199E-13
  4261.80    6.67212E-14    2.63943E-15    1.27360E-13
  4264.55    7.11845E-14    2.64168E-15    1.25481E-13
  4267.30    7.06809E-14    2.61470E-15    1.21401E-13
  4270.05    6.84715E-14    2.58591E-15    1.18957E-13
  4272.80    6.82207E-14    2.59328E-15    1.20101E-13
  4275.55    6.72129E-14    2.58358E-15    1.22022E-13
  4278.30    6.31409E-14    2.56022E-15    1.23494E-13
  4281.05    6.46618E-14    2.53145E-15    1.19516E-13
  4283.80    6.59584E-14    2.53056E-15    1.18866E-13
  4286.55    6.67618E-14    2.52848E-15    1.19165E-13
  4289.30    6.27216E-14    2.49472E-15    1.19503E-13
  4292.05    6.67419E-14    2.50458E-15    1.13638E-13
  4294.80    6.64882E-14    2.55083E-15    1.12921E-13
  4297.55    7.05775E-14    2.52669E-15    1.11743E-13
  4300.30    6.91973E-14    2.50697E-15    1.16002E-13
  4303.05    6.88463E-14    2.48930E-15    1.15129E-13
  4305.80    6.50868E-14    2.46193E-15    1.14361E-13
  4308.55    6.25302E-14    2.43373E-15    1.13892E-13
  4311.30    6.59571E-14    2.42972E-15    1.12010E-13
  4314.05    6.44311E-14    2.46338E-15    1.18461E-13
  4316.80    6.98080E-14    2.52999E-15    1.25606E-13
  4319.55    6.73710E-14    2.57411E-15    1.37493E-13
  4322.30    6.60552E-14    2.60789E-15    1.43348E-13
  4325.05    6.80369E-14    2.59961E-15    1.41135E-13
  4327.80    6.99659E-14    2.53922E-15    1.30694E-13
  4330.55    6.39120E-14    2.47569E-15    1.26519E-13
  4333.30    6.61646E-14    2.43818E-15    1.19813E-13
  4336.05    6.92937E-14    2.41237E-15    1.12218E-13
  4338.80    6.65943E-14    2.37583E-15    1.11000E-13
  4341.55    6.70287E-14    2.36935E-15    1.10455E-13
  4344.30    6.29901E-14    2.35850E-15    1.12065E-13
  4347.05    6.45756E-14    2.33588E-15    1.08969E-13
  4349.80    6.32184E-14    2.34853E-15    1.12791E-13
  4352.55    6.37127E-14    2.38281E-15    1.17819E-13
  4355.30    6.07747E-14    2.40102E-15    1.23719E-13
  4358.05    5.81115E-14    2.43309E-15    1.32377E-13
  4360.80    6.09684E-14    2.56954E-15    1.54425E-13
  4363.55    6.15606E-14    2.81289E-15    1.99410E-13
  4366.30    6.59069E-14    2.94238E-15    2.23200E-13
  4369.05    6.06317E-14    2.81823E-15    2.03291E-13
  4371.80    6.23458E-14    2.59122E-15    1.59921E-13
  4374.55    6.20040E-14    2.43102E-15    1.33638E-13
  4377.30    6.19567E-14    2.38526E-15    1.25887E-13
  4380.05    6.19383E-14    2.36080E-15    1.23282E-13
  4382.80    6.27452E-14    2.36757E-15    1.24901E-13
  4385.55    6.06266E-14    2.37526E-15    1.28191E-13
  4388.30    6.05908E-14    2.35121E-15    1.24004E-13
  4391.05    5.81463E-14    2.30878E-15    1.19452E-13
  4393.80    6.35363E-14    2.29363E-15    1.12768E-13
  4396.55    6.38000E-14    2.29484E-15    1.13481E-13
  4399.30    6.56963E-14    2.29538E-15    1.12617E-13
  4402.05    6.56145E-14    2.29806E-15    1.13446E-13
  4404.80    6.17685E-14    2.31395E-15    1.19630E-13
  4407.55    6.04803E-14    2.36501E-15    1.30649E-13
  4410.30    5.88517E-14    2.45890E-15    1.47735E-13
  4413.05    6.25070E-14    2.52996E-15    1.59087E-13
  4415.80    6.34179E-14    2.57751E-15    1.67003E-13
  4418.55    6.94692E-14    2.60764E-15    1.67053E-13
  4421.30    6.83478E-14    2.59087E-15    1.66321E-13
  4424.05    6.61206E-14    2.56367E-15    1.64468E-13
  4426.80    6.57089E-14    2.55851E-15    1.62831E-13
  4429.55    6.86091E-14    2.54087E-15    1.58098E-13
  4432.30    7.18679E-14    2.53675E-15    1.51518E-13
  4435.05    6.79036E-14    2.48858E-15    1.48051E-13
  4437.80    6.79148E-14    2.45385E-15    1.42186E-13
  4440.55    6.53344E-14    2.39247E-15    1.35568E-13
  4443.30    6.42357E-14    2.38204E-15    1.34990E-13
  4446.05    6.49442E-14    2.37879E-15    1.33440E-13
  4448.80    6.60915E-14    2.37942E-15    1.32401E-13
  4451.55    6.59370E-14    2.35544E-15    1.29586E-13
  4454.30    6.53253E-14    2.32813E-15    1.25503E-13
  4457.05    6.51075E-14    2.32053E-15    1.23823E-13
  4459.80    6.67577E-14    2.29789E-15    1.17538E-13
  4462.55    6.89835E-14    2.29093E-15    1.10277E-13
  4465.30    6.18427E-14    2.23425E-15    1.12959E-13
  4468.05    6.62187E-14    2.23374E-15    1.09004E-13
  4470.80    6.53896E-14    2.23268E-15    1.10749E-13
  4473.55    6.93573E-14    2.24202E-15    1.08055E-13
  4476.30    6.84069E-14    2.23165E-15    1.07438E-13
  4479.05    6.48914E-14    2.21064E-15    1.07829E-13
  4481.80    6.35321E-14    2.20637E-15    1.09688E-13
  4484.55    6.85631E-14    2.21870E-15    1.06146E-13
  4487.30    6.90559E-14    2.22175E-15    1.06217E-13
  4490.05    6.49029E-14    2.21472E-15    1.10312E-13
  4492.80    6.51118E-14    2.22191E-15    1.11448E-13
  4495.55    6.56752E-14    2.22127E-15    1.12199E-13
  4498.30    6.73518E-14    2.22798E-15    1.12126E-13
  4501.05    6.76605E-14    2.23950E-15    1.13151E-13
  4503.80    6.94794E-14    2.24104E-15    1.13327E-13
  4506.55    6.50445E-14    2.22811E-15    1.15739E-13
  4509.30    6.77681E-14    2.22534E-15    1.13403E-13
  4512.05    6.96451E-14    2.21862E-15    1.11072E-13
  4514.80    6.99422E-14    2.22386E-15    1.11087E-13
  4517.55    6.82466E-14    2.21886E-15    1.13025E-13
  4520.30    6.88796E-14    2.21717E-15    1.11973E-13
  4523.05    6.73983E-14    2.21162E-15    1.12385E-13
  4525.80    6.73538E-14    2.21167E-15    1.13949E-13
  4528.55    6.87461E-14    2.23456E-15    1.17038E-13
  4531.30    6.90114E-14    2.26190E-15    1.22446E-13
  4534.05    6.72067E-14    2.28597E-15    1.28074E-13
  4536.80    6.99050E-14    2.32598E-15    1.33520E-13
  4539.55    6.80888E-14    2.34766E-15    1.40935E-13
  4542.30    7.03878E-14    2.35296E-15    1.40857E-13
  4545.05    6.92008E-14    2.33748E-15    1.39065E-13
  4547.80    6.95473E-14    2.33634E-15    1.38774E-13
  4550.55    7.04251E-14    2.33557E-15    1.39246E-13
  4553.30    6.88795E-14    2.32423E-15    1.40040E-13
  4556.05    6.94397E-14    2.30823E-15    1.37497E-13
  4558.80    7.10794E-14    2.28625E-15    1.31943E-13
  4561.55    7.42901E-14    2.28373E-15    1.26232E-13
  4564.30    7.17906E-14    2.26838E-15    1.23282E-13
  4567.05    7.20020E-14    2.23458E-15    1.19974E-13
  4569.80    7.28034E-14    2.21629E-15    1.18033E-13
  4572.55    7.26907E-14    2.19354E-15    1.14504E-13
  4575.30    7.41734E-14    2.18096E-15    1.10792E-13
  4578.05    7.32460E-14    2.17524E-15    1.11551E-13
  4580.80    7.12679E-14    2.16948E-15    1.13934E-13
  4583.55    6.95541E-14    2.16874E-15    1.16595E-13
  4586.30    7.02357E-14    2.19715E-15    1.20933E-13
  4589.05    7.04472E-14    2.20818E-15    1.23656E-13
  4591.80    7.03767E-14    2.19807E-15    1.22367E-13
  4594.55    6.97296E-14    2.18499E-15    1.20789E-13
  4597.30    7.09910E-14    2.17520E-15    1.18331E-13
  4600.05    7.29477E-14    2.15992E-15    1.14448E-13
  4602.80    7.35635E-14    2.14076E-15    1.11191E-13
  4605.55    7.19519E-14    2.11157E-15    1.08677E-13
  4608.30    7.08084E-14    2.09936E-15    1.07566E-13
  4611.05    6.99176E-14    2.08716E-15    1.06139E-13
  4613.80    7.21653E-14    2.08907E-15    1.04995E-13
  4616.55    7.57549E-14    2.10329E-15    1.04547E-13
  4619.30    7.43079E-14    2.09436E-15    1.05130E-13
  4622.05    7.44576E-14    2.08972E-15    1.04163E-13
  4624.80    7.30615E-14    2.07655E-15    1.03258E-13
  4627.55    7.41657E-14    2.07840E-15    1.03414E-13
  4630.30    7.56680E-14    2.08049E-15    1.03232E-13
  4633.05    7.52810E-14    2.07108E-15    1.02573E-13
  4635.80    7.52414E-14    2.06897E-15    1.02576E-13
  4638.55    7.26272E-14    2.05147E-15    1.02198E-13
  4641.30    7.33989E-14    2.03753E-15    9.96872E-14
  4644.05    7.37951E-14    2.03292E-15    9.85895E-14
  4646.80    7.42132E-14    2.03292E-15    9.78962E-14
  4649.55    7.38530E-14    2.02659E-15    9.78187E-14
  4652.30    7.56687E-14    2.03227E-15    9.72891E-14
  4655.05    7.50774E-14    2.03200E-15    9.78934E-14
  4657.80    7.33624E-14    2.03120E-15    1.00717E-13
  4660.55    7.38836E-14    2.06082E-15    1.06087E-13
  4663.30    7.57191E-14    2.10624E-15    1.12974E-13
  4666.05    7.62614E-14    2.15291E-15    1.21750E-13
  4668.80    7.43343E-14    2.17287E-15    1.28327E-13
  4671.55    7.60333E-14    2.18489E-15    1.29522E-13
  4674.30    7.56491E-14    2.17443E-15    1.28133E-13
  4677.05    7.52639E-14    2.17467E-15    1.29106E-13
  4679.80    7.54187E-14    2.18763E-15    1.31691E-13
  4682.55    7.55612E-14    2.18786E-15    1.31041E-13
  4685.30    7.46402E-14    2.17293E-15    1.28713E-13
  4688.05    7.54594E-14    2.15729E-15    1.25688E-13
  4690.80    7.61539E-14    2.13720E-15    1.21854E-13
  4693.55    7.68477E-14    2.12202E-15    1.18889E-13
  4696.30    7.38588E-14    2.10522E-15    1.18331E-13
  4699.05    7.13018E-14    2.08508E-15    1.16712E-13
  4701.80    7.22219E-14    2.06331E-15    1.12953E-13
  4704.55    7.41705E-14    2.05067E-15    1.09475E-13
  4707.30    7.23564E-14    2.03856E-15    1.09529E-13
  4710.05    7.33899E-14    2.03965E-15    1.09274E-13
  4712.80    7.62423E-14    2.04981E-15    1.08615E-13
  4715.55    7.58125E-14    2.05481E-15    1.10997E-13
  4718.30    7.42168E-14    2.05905E-15    1.14052E-13
  4721.05    7.21180E-14    2.04452E-15    1.13362E-13
  4723.80    7.15185E-14    2.02649E-15    1.10813E-13
  4726.55    7.39465E-14    2.02991E-15    1.08498E-13
  4729.30    7.23257E-14    2.01515E-15    1.07722E-13
  4732.05    7.01136E-14    2.00485E-15    1.08820E-13
  4734.80    7.24663E-14    2.01713E-15    1.07875E-13
  4737.55    7.12505E-14    2.01686E-15    1.10004E-13
  4740.30    6.88303E-14    2.00721E-15    1.11085E-13
  4743.05    7.12644E-14    2.02302E-15    1.10919E-13
  4745.80    7.08632E-14    2.03152E-15    1.13746E-13
  4748.55    7.44539E-14    2.04602E-15    1.14579E-13
  4751.30    7.21312E-14    2.02256E-15    1.12727E-13
  4754.05    7.13574E-14    1.99604E-15    1.08420E-13
  4756.80    7.13885E-14    1.97551E-15    1.05066E-13
  4759.55    7.02513E-14    1.95797E-15    1.03533E-13
  4762.30    6.92174E-14    1.94350E-15    1.01909E-13
  4765.05    6.82701E-14    1.93213E-15    1.00213E-13
  4767.80    6.93032E-14    1.92039E-15    9.71145E-14
  4770.55    6.77947E-14    1.90417E-15    9.60475E-14
  4773.30    6.98150E-14    1.90784E-15    9.46806E-14
  4776.05    7.00622E-14    1.90460E-15    9.46722E-14
  4778.80    6.89442E-14    1.91005E-15    9.56846E-14
  4781.55    7.09570E-14    1.93236E-15    9.65296E-14
  4784.30    7.33612E-14    1.94540E-15    9.69559E-14
  4787.05    7.22397E-14    1.93815E-15    9.84139E-14
  4789.80    7.02954E-14    1.92227E-15    9.82783E-14
  4792.55    7.07612E-14    1.92068E-15    9.80542E-14
  4795.30    6.90231E-14    1.91135E-15    9.86091E-14
  4798.05    6.90487E-14    1.91936E-15    1.00010E-13
  4800.80    7.03353E-14    1.92922E-15    1.01095E-13
  4803.55    7.14988E-14    1.93181E-15    1.00567E-13
  4806.30    7.13027E-14    1.92435E-15    9.99049E-14
  4809.05    7.12045E-14    1.92960E-15    1.01144E-13
  4811.80    7.27486E-14    1.93476E-15    1.01252E-13
  4814.55    7.16293E-14    1.94132E-15    1.03955E-13
  4817.30    7.05134E-14    1.94365E-15    1.05690E-13
  4820.05    6.81720E-14    1.94782E-15    1.09298E-13
  4822.80    6.78923E-14    1.98674E-15    1.17049E-13
  4825.55    7.11719E-14    2.03425E-15    1.23786E-13
  4828.30    7.17138E-14    2.06962E-15    1.29950E-13
  4831.05    6.87776E-14    2.07240E-15    1.33601E-13
  4833.80    7.04180E-14    2.08007E-15    1.33930E-13
  4836.55    7.02371E-14    2.07492E-15    1.33519E-13
  4839.30    7.19697E-14    2.08706E-15    1.35418E-13
  4842.05    7.25701E-14    2.08829E-15    1.35554E-13
  4844.80    7.12041E-14    2.08869E-15    1.36999E-13
  4847.55    6.61855E-14    2.06068E-15    1.36783E-13
  4850.30    6.84286E-14    2.04578E-15    1.31549E-13
  4853.05    7.09779E-14    2.02476E-15    1.25258E-13
  4855.80    7.40490E-14    2.00471E-15    1.18588E-13
  4858.55    7.38420E-14    1.98849E-15    1.15353E-13
  4861.30    7.12850E-14    1.95090E-15    1.11437E-13
  4864.05    6.93282E-14    1.93038E-15    1.09304E-13
  4866.80    7.05378E-14    1.91352E-15    1.06204E-13
  4869.55    7.08967E-14    1.91660E-15    1.06004E-13
  4872.30    7.36850E-14    1.92070E-15    1.04459E-13
  4875.05    7.36403E-14    1.91935E-15    1.04987E-13
  4877.80    7.23628E-14    1.92084E-15    1.05050E-13
  4880.55    7.47365E-14    1.92217E-15    1.03404E-13
  4883.30    6.93382E-14    1.91326E-15    1.08386E-13
  4886.05    6.68818E-14    1.93437E-15    1.14883E-13
  4888.80    7.01693E-14    1.96292E-15    1.16625E-13
  4891.55    7.09522E-14    1.96656E-15    1.17688E-13
  4894.30    6.89921E-14    1.95306E-15    1.17590E-13
  4897.05    7.00886E-14    1.94862E-15    1.15885E-13
  4899.80    6.67281E-14    1.92903E-15    1.15629E-13
  4902.55    6.66718E-14    1.90978E-15    1.12370E-13
  4905.30    6.99516E-14    1.90267E-15    1.08499E-13
  4908.05    6.61542E-14    1.88331E-15    1.07862E-13
  4910.80    6.81605E-14    1.88727E-15    1.07156E-13
  4913.55    6.38383E-14    1.86259E-15    1.07015E-13
  4916.30    6.58774E-14    1.86879E-15    1.06372E-13
  4919.05    7.17521E-14    1.89404E-15    1.05904E-13
  4921.80    8.43751E-14    1.94530E-15    1.05073E-13
  4924.55    9.20831E-14    1.97865E-15    1.04375E-13
  4927.30    9.14732E-14    1.96271E-15    1.02374E-13
  4930.05    7.89729E-14    1.90627E-15    1.02932E-13
  4932.80    6.66510E-14    1.85380E-15    1.04090E-13
  4935.55    6.29248E-14    1.83099E-15    1.02957E-13
  4938.30    6.35525E-14    1.83061E-15    1.02741E-13
  4941.05    6.53732E-14    1.84521E-15    1.03847E-13
  4943.80    6.28849E-14    1.85089E-15    1.07192E-13
  4946.55    6.45201E-14    1.85686E-15    1.07027E-13
  4949.30    6.60494E-14    1.84384E-15    1.03802E-13
  4952.05    6.57419E-14    1.83469E-15    1.02037E-13
  4954.80    6.76347E-14    1.84590E-15    1.02268E-13
  4957.55    6.80594E-14    1.88632E-15    1.04755E-13
  4960.30    7.22592E-14    1.91111E-15    1.04019E-13
  4963.05    7.23751E-14    1.88437E-15    1.04483E-13
  4965.80    6.93272E-14    1.86562E-15    1.04263E-13
  4968.55    6.76709E-14    1.86342E-15    1.05897E-13
  4971.30    6.87182E-14    1.89733E-15    1.10464E-13
  4974.05    6.92587E-14    1.91954E-15    1.14319E-13
  4976.80    7.04542E-14    1.93976E-15    1.18677E-13
  4979.55    6.75607E-14    1.95707E-15    1.23774E-13
  4982.30    7.05306E-14    1.99364E-15    1.28629E-13
  4985.05    6.65630E-14    2.01360E-15    1.35953E-13
  4987.80    6.65781E-14    2.03656E-15    1.41246E-13
  4990.55    6.84169E-14    2.04944E-15    1.43004E-13
  4993.30    6.85680E-14    2.03924E-15    1.39696E-13
  4996.05    7.00823E-14    2.02684E-15    1.35138E-13
  4998.80    6.65865E-14    1.99705E-15    1.31908E-13
  5001.55    6.62108E-14    1.96409E-15    1.27218E-13
  5004.30    6.93481E-14    1.93491E-15    1.17615E-13
  5007.05    6.96396E-14    1.91935E-15    1.14244E-13
  5009.80    7.02363E-14    1.90433E-15    1.11750E-13
  5012.55    6.89497E-14    1.89056E-15    1.10577E-13
  5015.30    7.17223E-14    1.89253E-15    1.08093E-13
  5018.05    7.10044E-14    1.88284E-15    1.05972E-13
  5020.80    7.15953E-14    1.87974E-15    1.06070E-13
  5023.55    7.34528E-14    1.88278E-15    1.04674E-13
  5026.30    7.23283E-14    1.88050E-15    1.04642E-13
  5029.05    7.02167E-14    1.86128E-15    1.03234E-13
  5031.80    6.85493E-14    1.83653E-15    1.00194E-13
  5034.55    6.67787E-14    1.83254E-15    1.00517E-13
  5037.30    6.65399E-14    1.83257E-15    1.00109E-13
  5040.05    6.67205E-14    1.82561E-15    9.95652E-14
  5042.80    6.62868E-14    1.81805E-15    9.86217E-14
  5045.55    6.56128E-14    1.79200E-15    9.55072E-14
  5048.30    6.55086E-14    1.77894E-15    9.29673E-14
  5051.05    6.64409E-14    1.78612E-15    9.34712E-14
  5053.80    6.66982E-14    1.78416E-15    9.33628E-14
  5056.55    6.77102E-14    1.78714E-15    9.33716E-14
  5059.30    6.84670E-14    1.79025E-15    9.27818E-14
  5062.05    6.84607E-14    1.78751E-15    9.27195E-14
  5064.80    6.78360E-14    1.79665E-15    9.45833E-14
  5067.55    7.29119E-14    1.81746E-15    9.47510E-14
  5070.30    7.71882E-14    1.85208E-15    9.67235E-14
  5073.05    7.88789E-14    1.86754E-15    9.87999E-14
  5075.80    7.64661E-14    1.86264E-15    1.00470E-13
  5078.55    7.02829E-14    1.83260E-15    9.94368E-14
  5081.30    6.84954E-14    1.80824E-15    9.73976E-14
  5084.05    6.67813E-14    1.80848E-15    9.91111E-14
  5086.80    6.91577E-14    1.83648E-15    1.02669E-13
  5089.55    6.63128E-14    1.90168E-15    1.12719E-13
  5092.30    7.02967E-14    1.91117E-15    1.16978E-13
  5095.05    6.84895E-14    1.89387E-15    1.15658E-13
  5097.80    6.84178E-14    1.85964E-15    1.08499E-13
  5100.55    6.91667E-14    1.82004E-15    1.00687E-13
  5103.30    6.54661E-14    1.79603E-15    9.94961E-14
  5106.05    6.62010E-14    1.80755E-15    1.00558E-13
  5108.80    6.48166E-14    1.79947E-15    1.00400E-13
  5111.55    6.75951E-14    1.79504E-15    9.66135E-14
  5114.30    6.52706E-14    1.77250E-15    9.54310E-14
  5117.05    6.69710E-14    1.77299E-15    9.33112E-14
  5119.80    6.81314E-14    1.76841E-15    9.28485E-14
  5122.55    6.97618E-14    1.77029E-15    9.28115E-14
  5125.30    7.18520E-14    1.78101E-15    9.20828E-14
  5128.05    7.08992E-14    1.76706E-15    9.00956E-14
  5130.80    6.96000E-14    1.75820E-15    9.00250E-14
  5133.55    6.95296E-14    1.75419E-15    8.95486E-14
  5136.30    6.81755E-14    1.76960E-15    9.41493E-14
  5139.05    6.42371E-14    1.79732E-15    1.02794E-13
  5141.80    6.44207E-14    1.83004E-15    1.08047E-13
  5144.55    6.59975E-14    1.84190E-15    1.09922E-13
  5147.30    6.63689E-14    1.84479E-15    1.10257E-13
  5150.05    6.61231E-14    1.84894E-15    1.11650E-13
  5152.80    6.68133E-14    1.85864E-15    1.13504E-13
  5155.55    6.83192E-14    1.87595E-15    1.15389E-13
  5158.30    7.01890E-14    1.88463E-15    1.16022E-13
  5161.05    6.57968E-14    1.87747E-15    1.19233E-13
  5163.80    6.50528E-14    1.86826E-15    1.17593E-13
  5166.55    6.77296E-14    1.85365E-15    1.12500E-13
  5169.30    6.69932E-14    1.81711E-15    1.06505E-13
  5172.05    6.79493E-14    1.80704E-15    1.02730E-13
  5174.80    6.81009E-14    1.78409E-15    9.81610E-14
  5177.55    6.65121E-14    1.76257E-15    9.67137E-14
  5180.30    6.65628E-14    1.75918E-15    9.50555E-14
  5183.05    6.90340E-14    1.76468E-15    9.48995E-14
  5185.80    6.59799E-14    1.76346E-15    9.69020E-14
  5188.55    6.52259E-14    1.74733E-15    9.51618E-14
  5191.30    6.53406E-14    1.75291E-15    9.54109E-14
  5194.05    6.42115E-14    1.77937E-15    1.01846E-13
  5196.80    6.65923E-14    1.81031E-15    1.05901E-13
  5199.55    6.73932E-14    1.85710E-15    1.15328E-13
  5202.30    6.81311E-14    1.99898E-15    1.44247E-13
  5205.05    7.19555E-14    2.15795E-15    1.77131E-13
  5207.80    6.88645E-14    2.19480E-15    1.89076E-13
  5210.55    6.30651E-14    2.06706E-15    1.63471E-13
  5213.30    6.36337E-14    1.89852E-15    1.27954E-13
  5216.05    6.40915E-14    1.80226E-15    1.09002E-13
  5218.80    6.43529E-14    1.78706E-15    1.03966E-13
  5221.55    6.71855E-14    1.79329E-15    1.02218E-13
  5224.30    6.56782E-14    1.79889E-15    1.05722E-13
  5227.05    6.68342E-14    1.81380E-15    1.08541E-13
  5229.80    6.58392E-14    1.82223E-15    1.11114E-13
  5232.55    6.23318E-14    1.80806E-15    1.10941E-13
  5235.30    5.95549E-14    1.78007E-15    1.07667E-13
  5238.05    5.99299E-14    1.76261E-15    1.04087E-13
  5240.80    6.01845E-14    1.77108E-15    1.05478E-13
  5243.55    6.46664E-14    1.79532E-15    1.06556E-13
  5246.30    6.26152E-14    1.80718E-15    1.10254E-13
  5249.05    6.36455E-14    1.79898E-15    1.08035E-13
  5251.80    6.43095E-14    1.77245E-15    1.02355E-13
  5254.55    6.51573E-14    1.76936E-15    1.00977E-13
  5257.30    6.50866E-14    1.77572E-15    1.02318E-13
  5260.05    6.64290E-14    1.80583E-15    1.06815E-13
  5262.80    6.77770E-14    1.83362E-15    1.10697E-13
  5265.55    6.98848E-14    1.83490E-15    1.09527E-13
  5268.30    7.11978E-14    1.80076E-15    1.02513E-13
  5271.05    6.82540E-14    1.75871E-15    9.56423E-14
  5273.80    6.84242E-14    1.72847E-15    9.03458E-14
  5276.55    6.63246E-14    1.72842E-15    9.27922E-14
  5279.30    6.73081E-14    1.76329E-15    9.72454E-14
  5282.05    7.00849E-14    1.78936E-15    1.00725E-13
  5284.80    6.72845E-14    1.79540E-15    1.04063E-13
  5287.55    6.65166E-14    1.77748E-15    1.01934E-13
  5290.30    6.84230E-14    1.76380E-15    9.76872E-14
  5293.05    6.84842E-14    1.75280E-15    9.54424E-14
  5295.80    6.54407E-14    1.75401E-15    9.85119E-14
  5298.55    6.64047E-14    1.76312E-15    9.93599E-14
  5301.30    6.48800E-14    1.77529E-15    1.02464E-13
  5304.05    6.98018E-14    1.79978E-15    1.02397E-13
  5306.80    7.01356E-14    1.81525E-15    1.05275E-13
  5309.55    7.09945E-14    1.82793E-15    1.06311E-13
  5312.30    7.02781E-14    1.81919E-15    1.06545E-13
  5315.05    7.16314E-14    1.82201E-15    1.06492E-13
  5317.80    7.09135E-14    1.83845E-15    1.09314E-13
  5320.55    7.05372E-14    1.84122E-15    1.10291E-13
  5323.30    7.04518E-14    1.83999E-15    1.09429E-13
  5326.05    6.78646E-14    1.83701E-15    1.11968E-13
  5328.80    6.97715E-14    1.84271E-15    1.11829E-13
  5331.55    6.69929E-14    1.83563E-15    1.12724E-13
  5334.30    6.63040E-14    1.84398E-15    1.14806E-13
  5337.05    6.59894E-14    1.85106E-15    1.16406E-13
  5339.80    6.45183E-14    1.85024E-15    1.17426E-13
  5342.55    6.64067E-14    1.84276E-15    1.15360E-13
  5345.30    6.72505E-14    1.83534E-15    1.13997E-13
  5348.05    7.07600E-14    1.84302E-15    1.11645E-13
  5350.80    7.11907E-14    1.84612E-15    1.11501E-13
  5353.55    7.14318E-14    1.86099E-15    1.14418E-13
  5356.30    7.14859E-14    1.86569E-15    1.16021E-13
  5359.05    7.34962E-14    1.87896E-15    1.16815E-13
  5361.80    7.21000E-14    1.87683E-15    1.16689E-13
  5364.55    7.06868E-14    1.86277E-15    1.15750E-13
  5367.30    7.39004E-14    1.83791E-15    1.08492E-13
  5370.05    7.07919E-14    1.80798E-15    1.05197E-13
  5372.80    7.40752E-14    1.81645E-15    1.03847E-13
  5375.55    7.18756E-14    1.81982E-15    1.06715E-13
  5378.30    7.16199E-14    1.83722E-15    1.10450E-13
  5381.05    7.08174E-14    1.84411E-15    1.11950E-13
  5383.80    7.14118E-14    1.84236E-15    1.11395E-13
  5386.55    7.13992E-14    1.83325E-15    1.09552E-13
  5389.30    7.07541E-14    1.81995E-15    1.08146E-13
  5392.05    6.86957E-14    1.80051E-15    1.06116E-13
  5394.80    6.87474E-14    1.79748E-15    1.05771E-13
  5397.55    6.81565E-14    1.80491E-15    1.07576E-13
  5400.30    6.68293E-14    1.79996E-15    1.08020E-13
  5403.05    7.14649E-14    1.80254E-15    1.04185E-13
  5405.80    6.99601E-14    1.79405E-15    1.03750E-13
  5408.55    6.83625E-14    1.77929E-15    1.02687E-13
  5411.30    7.07882E-14    1.78612E-15    1.02538E-13
  5414.05    7.04899E-14    1.77774E-15    1.01639E-13
  5416.80    7.09272E-14    1.78125E-15    1.01390E-13
  5419.55    7.09618E-14    1.79711E-15    1.04923E-13
  5422.30    7.30783E-14    1.81430E-15    1.05296E-13
  5425.05    7.32417E-14    1.81394E-15    1.06458E-13
  5427.80    7.03706E-14    1.80187E-15    1.06692E-13
  5430.55    6.93395E-14    1.79729E-15    1.06277E-13
  5433.30    7.01679E-14    1.80091E-15    1.06753E-13
  5436.05    6.98517E-14    1.80863E-15    1.07782E-13
  5438.80    7.05593E-14    1.85927E-15    1.08789E-13
  5441.55    7.14342E-14    1.87397E-15    1.09352E-13
  5444.30    7.23926E-14    1.84292E-15    1.10687E-13
  5447.05    7.29105E-14    1.83283E-15    1.10734E-13
  5449.80    7.26441E-14    1.84291E-15    1.12401E-13
  5452.55    6.96066E-14    1.83707E-15    1.14185E-13
  5455.30    6.86380E-14    1.83262E-15    1.14545E-13
  5458.05    6.93091E-14    1.84106E-15    1.15888E-13
  5460.80    6.96076E-14    1.87455E-15    1.22929E-13
  5463.55    6.85988E-14    1.97988E-15    1.47196E-13
  5466.30    7.28162E-14    2.18172E-15    1.87155E-13
  5469.05    7.04604E-14    2.27490E-15    2.13263E-13
  5471.80    6.44959E-14    2.18032E-15    1.96944E-13
  5474.55    6.54537E-14    2.00992E-15    1.56912E-13
  5477.30    6.87138E-14    1.90104E-15    1.29609E-13
  5480.05    6.81167E-14    1.85798E-15    1.20796E-13
  5482.80    6.83680E-14    1.85627E-15    1.19503E-13
  5485.55    6.84329E-14    1.86224E-15    1.20315E-13
  5488.30    7.09041E-14    1.87913E-15    1.22111E-13
  5491.05    7.01982E-14    1.88975E-15    1.24884E-13
  5493.80    6.85313E-14    1.87865E-15    1.24299E-13
  5496.55    6.93926E-14    1.86451E-15    1.21117E-13
  5499.30    6.93498E-14    1.85318E-15    1.18928E-13
  5502.05    7.07703E-14    1.85808E-15    1.18440E-13
  5504.80    7.05429E-14    1.87281E-15    1.21263E-13
  5507.55    7.18617E-14    1.88984E-15    1.23860E-13
  5510.30    7.17699E-14    1.89633E-15    1.24630E-13
  5513.05    7.11305E-14    1.89896E-15    1.25962E-13
  5515.80    7.12065E-14    1.90367E-15    1.26553E-13
  5518.55    6.97660E-14    1.90105E-15    1.28572E-13
  5521.30    7.10389E-14    1.91300E-15    1.30178E-13
  5524.05    7.26420E-14    1.92208E-15    1.30733E-13
  5526.80    7.19363E-14    1.91675E-15    1.30361E-13
  5529.55    6.83610E-14    1.90822E-15    1.31681E-13
  5532.30    6.71549E-14    1.90261E-15    1.31365E-13
  5535.05    6.80667E-14    1.88652E-15    1.27293E-13
  5537.80    7.00846E-14    1.88671E-15    1.25440E-13
  5540.55    6.91343E-14    1.88187E-15    1.25146E-13
  5543.30    6.84867E-14    1.89146E-15    1.27936E-13
  5546.05    6.72598E-14    1.91617E-15    1.34520E-13
  5548.80    6.68084E-14    1.95698E-15    1.43385E-13
  5551.55    6.55541E-14    1.98823E-15    1.49589E-13
  5554.30    6.77180E-14    1.97918E-15    1.48144E-13
  5557.05    6.68740E-14    1.96190E-15    1.43221E-13
  5559.80    6.64522E-14    1.93734E-15    1.40315E-13
  5562.55    6.72712E-14    1.93365E-15    1.40000E-13
  5565.30    6.65838E-14    1.95176E-15    1.42743E-13
  5568.05    6.86961E-14    1.99472E-15    1.52259E-13
  5570.80    6.89010E-14    2.09466E-15    1.72355E-13
  5573.55    6.64114E-14    2.31190E-15    2.30692E-13
  5576.30    7.00729E-14    3.10088E-15    4.83573E-13
  5579.05    6.69106E-14    5.22815E-15    1.46255E-12
  5581.80    6.83152E-14    8.42395E-15    3.71942E-12
  5584.55    6.60239E-14    9.62718E-15    4.91171E-12
  5587.30    6.75812E-14    9.29835E-15    4.71037E-12
  5590.05    6.78956E-14    7.60247E-15    3.07123E-12
  5592.80    6.81647E-14    4.57579E-15    1.06716E-12
  5595.55    6.91384E-14    2.71233E-15    3.69824E-13
  5598.30    6.94733E-14    2.18948E-15    1.97776E-13
  5601.05    6.63000E-14    2.01516E-15    1.62122E-13
  5603.80    6.53877E-14    1.97919E-15    1.50203E-13
  5606.55    6.81102E-14    1.97347E-15    1.48019E-13
  5609.30    7.03709E-14    1.99268E-15    1.48862E-13
  5612.05    6.86001E-14    2.00884E-15    1.52893E-13
  5614.80    6.79488E-14    2.00292E-15    1.53869E-13
  5617.55    6.91810E-14    1.96787E-15    1.46615E-13
  5620.30    6.95700E-14    1.93385E-15    1.39338E-13
  5623.05    6.87549E-14    1.93635E-15    1.39685E-13
  5625.80    6.85355E-14    1.95247E-15    1.42301E-13
  5628.55    6.92373E-14    1.97421E-15    1.45981E-13
  5631.30    7.08133E-14    1.97811E-15    1.46678E-13
  5634.05    6.97403E-14    1.96103E-15    1.44202E-13
  5636.80    6.88724E-14    1.93421E-15    1.39241E-13
  5639.55    6.95693E-14    1.91837E-15    1.35280E-13
  5642.30    6.95565E-14    1.94668E-15    1.35094E-13
  5645.05    7.11732E-14    1.93336E-15    1.36177E-13
  5647.80    7.08169E-14    1.94504E-15    1.38558E-13
  5650.55    6.59395E-14    1.95019E-15    1.44334E-13
  5653.30    6.58647E-14    1.96318E-15    1.46681E-13
  5656.05    6.73628E-14    1.95837E-15    1.44602E-13
  5658.80    6.75631E-14    1.93951E-15    1.41312E-13
  5661.55    6.72940E-14    1.92716E-15    1.38956E-13
  5664.30    6.81239E-14    1.93225E-15    1.38645E-13
  5667.05    6.57860E-14    1.93064E-15    1.40814E-13
  5669.80    6.63352E-14    1.95432E-15    1.45937E-13
  5672.55    6.87048E-14    1.99451E-15    1.51910E-13
  5675.30    6.99368E-14    2.03881E-15    1.60377E-13
  5678.05    6.91403E-14    2.07010E-15    1.68409E-13
  5680.80    6.87926E-14    2.08810E-15    1.73356E-13
  5683.55    7.00907E-14    2.10867E-15    1.76109E-13
  5686.30    6.83822E-14    2.15030E-15    1.86206E-13
  5689.05    6.82772E-14    2.23697E-15    2.05304E-13
  5691.80    6.61105E-14    2.31954E-15    2.29821E-13
  5694.55    6.66164E-14    2.37518E-15    2.45623E-13
  5697.30    6.66057E-14    2.37834E-15    2.46841E-13
  5700.05    6.59402E-14    2.33615E-15    2.36250E-13
  5702.80    6.38757E-14    2.26312E-15    2.17351E-13
  5705.55    6.52512E-14    2.19916E-15    1.99233E-13
  5708.30    6.75039E-14    2.15238E-15    1.87448E-13
  5711.05    6.76819E-14    2.11724E-15    1.77748E-13
  5713.80    6.80163E-14    2.08992E-15    1.71778E-13
  5716.55    6.58341E-14    2.07619E-15    1.70329E-13
  5719.30    6.80832E-14    2.08252E-15    1.68608E-13
  5722.05    6.87333E-14    2.07699E-15    1.67156E-13
  5724.80    6.59697E-14    2.06519E-15    1.67326E-13
  5727.55    6.40116E-14    2.05368E-15    1.64939E-13
  5730.30    6.75899E-14    2.05635E-15    1.61730E-13
  5733.05    6.61894E-14    2.03436E-15    1.60369E-13
  5735.80    6.56141E-14    2.01591E-15    1.56865E-13
  5738.55    6.80489E-14    2.00133E-15    1.51184E-13
  5741.30    6.65465E-14    1.99671E-15    1.51317E-13
  5744.05    6.65523E-14    2.00073E-15    1.51771E-13
  5746.80    6.62679E-14    1.99508E-15    1.50684E-13
  5749.55    7.02118E-14    1.99482E-15    1.47366E-13
  5752.30    6.55074E-14    1.99060E-15    1.50371E-13
  5755.05    6.64410E-14    1.99690E-15    1.50555E-13
  5757.80    6.48010E-14    1.98782E-15    1.50149E-13
  5760.55    6.56754E-14    1.99544E-15    1.51233E-13
  5763.30    6.63232E-14    1.99502E-15    1.52302E-13
  5766.05    6.80907E-14    2.00795E-15    1.52237E-13
  5768.80    6.82396E-14    2.02494E-15    1.55196E-13
  5771.55    6.54505E-14    2.05217E-15    1.65460E-13
  5774.30    6.55062E-14    2.09899E-15    1.76264E-13
  5777.05    6.46809E-14    2.13603E-15    1.85560E-13
  5779.80    6.42340E-14    2.10974E-15    1.80601E-13
  5782.55    6.36937E-14    2.05363E-15    1.68025E-13
  5785.30    6.64568E-14    2.02964E-15    1.57547E-13
  5788.05    6.35890E-14    1.99983E-15    1.56211E-13
  5790.80    6.98310E-14    2.02574E-15    1.56349E-13
  5793.55    6.78490E-14    2.06656E-15    1.65794E-13
  5796.30    6.89752E-14    2.12199E-15    1.78193E-13
  5799.05    6.81775E-14    2.14870E-15    1.86030E-13
  5801.80    6.53546E-14    2.11452E-15    1.81689E-13
  5804.55    6.78759E-14    2.06967E-15    1.69819E-13
  5807.30    6.97943E-14    2.03817E-15    1.61970E-13
  5810.05    6.90477E-14    2.03733E-15    1.62331E-13
  5812.80    6.44423E-14    2.04371E-15    1.66354E-13
  5815.55    7.12351E-14    2.05142E-15    1.63759E-13
  5818.30    7.03633E-14    2.04852E-15    1.63871E-13
  5821.05    6.72979E-14    2.05462E-15    1.66602E-13
  5823.80    6.77822E-14    2.05630E-15    1.67661E-13
  5826.55    6.70810E-14    2.05676E-15    1.69046E-13
  5829.30    6.77601E-14    2.07664E-15    1.72075E-13
  5832.05    6.97524E-14    2.07272E-15    1.70612E-13
  5834.80    6.69953E-14    2.07870E-15    1.73540E-13
  5837.55    6.99776E-14    2.09181E-15    1.72760E-13
  5840.30    6.90857E-14    2.08933E-15    1.75423E-13
  5843.05    7.05803E-14    2.09548E-15    1.75407E-13
  5845.80    6.87204E-14    2.13201E-15    1.78484E-13
  5848.55    6.65597E-14    2.10091E-15    1.80012E-13
  5851.30    6.66114E-14    2.09935E-15    1.80590E-13
  5854.05    6.70362E-14    2.10028E-15    1.81013E-13
  5856.80    6.66139E-14    2.10809E-15    1.82189E-13
  5859.55    6.61513E-14    2.10704E-15    1.84149E-13
  5862.30    6.45409E-14    2.11396E-15    1.83109E-13
  5865.05    6.56658E-14    2.12280E-15    1.87722E-13
  5867.80    6.72068E-14    2.16506E-15    1.94570E-13
  5870.55    6.82140E-14    2.26969E-15    2.22013E-13
  5873.30    6.67025E-14    2.38393E-15    2.53615E-13
  5876.05    6.91746E-14    2.42407E-15    2.65671E-13
  5878.80    6.63620E-14    2.33966E-15    2.45654E-13
  5881.55    6.71199E-14    2.25539E-15    2.19575E-13
  5884.30    6.85886E-14    2.18954E-15    2.07107E-13
  5887.05    6.80164E-14    2.22953E-15    2.16479E-13
  5889.80    6.99074E-14    2.48126E-15    2.78848E-13
  5892.55    6.82685E-14    3.27488E-15    5.35826E-13
  5895.30    6.88895E-14    4.49402E-15    1.04572E-12
  5898.05    6.78887E-14    5.14131E-15    1.44525E-12
  5900.80    6.97982E-14    5.17456E-15    1.47299E-12
  5903.55    7.20377E-14    4.65695E-15    1.19323E-12
  5906.30    6.84463E-14    3.96103E-15    8.46209E-13
  5909.05    6.97304E-14    3.04181E-15    4.79791E-13
  5911.80    7.05043E-14    2.48373E-15    2.89242E-13
  5914.55    6.74078E-14    2.33800E-15    2.41897E-13
  5917.30    7.09323E-14    2.30212E-15    2.31391E-13
  5920.05    6.78971E-14    2.35823E-15    2.44059E-13
  5922.80    7.02195E-14    2.40806E-15    2.55989E-13
  5925.55    6.98699E-14    2.41563E-15    2.54174E-13
  5928.30    6.43616E-14    2.35645E-15    2.40536E-13
  5931.05    6.71053E-14    2.33771E-15    2.38140E-13
  5933.80    6.85894E-14    2.35313E-15    2.42755E-13
  5936.55    6.86152E-14    2.39266E-15    2.54003E-13
  5939.30    6.70052E-14    2.45681E-15    2.73869E-13
  5942.05    6.51843E-14    2.45816E-15    2.75650E-13
  5944.80    6.74918E-14    2.38054E-15    2.50394E-13
  5947.55    6.80284E-14    2.27021E-15    2.24443E-13
  5950.30    6.97948E-14    2.27468E-15    2.23472E-13
  5953.05    7.14234E-14    2.30384E-15    2.28636E-13
  5955.80    6.95276E-14    2.34110E-15    2.37921E-13
  5958.55    6.70877E-14    2.39413E-15    2.54767E-13
  5961.30    6.54684E-14    2.40769E-15    2.62750E-13
  5964.05    5.81692E-14    2.34677E-15    2.52322E-13
  5966.80    5.81385E-14    2.25248E-15    2.28541E-13
  5969.55    5.65115E-14    2.19418E-15    2.15409E-13
  5972.30    5.82833E-14    2.19572E-15    2.14523E-13
  5975.05    6.12612E-14    2.22344E-15    2.18192E-13
  5977.80    6.19817E-14    2.25315E-15    2.25223E-13
  5980.55    6.39428E-14    2.29609E-15    2.34389E-13
  5983.30    6.65741E-14    2.32119E-15    2.38164E-13
  5986.05    6.66069E-14    2.30987E-15    2.35249E-13
  5988.80    6.72656E-14    2.25601E-15    2.20846E-13
  5991.55    6.71739E-14    2.19616E-15    2.06057E-13
  5994.30    6.51800E-14    2.16360E-15    1.99844E-13
  5997.05    6.51327E-14    2.15685E-15    1.97692E-13
  5999.80    6.56956E-14    2.15779E-15    1.96092E-13
  6002.55    6.47904E-14    2.16220E-15    1.98187E-13
  6005.30    6.73660E-14    2.18003E-15    2.00375E-13
  6008.05    6.75473E-14    2.19131E-15    2.02672E-13
  6010.80    6.44437E-14    2.18748E-15    2.05030E-13
  6013.55    6.15367E-14    2.16764E-15    2.02380E-13
  6016.30    6.41286E-14    2.12650E-15    1.90656E-13
  6019.05    6.38938E-14    2.09134E-15    1.82403E-13
  6021.80    6.31523E-14    2.07054E-15    1.77572E-13
  6024.55    6.44736E-14    2.05956E-15    1.74081E-13
  6027.30    6.17262E-14    2.04877E-15    1.73077E-13
  6030.05    6.05739E-14    2.04093E-15    1.72809E-13
  6032.80    6.47995E-14    2.05004E-15    1.71882E-13
  6035.55    6.72958E-14    2.06701E-15    1.72359E-13
  6038.30    6.59541E-14    2.07457E-15    1.75610E-13
  6041.05    6.94203E-14    2.08866E-15    1.75164E-13
  6043.80    6.69480E-14    2.06949E-15    1.72073E-13
  6046.55    6.49755E-14    2.04994E-15    1.67838E-13
  6049.30    6.65403E-14    2.03421E-15    1.62401E-13
  6052.05    6.75253E-14    2.02470E-15    1.59182E-13
  6054.80    6.60123E-14    2.01689E-15    1.58604E-13
  6057.55    6.64195E-14    2.00188E-15    1.56464E-13
  6060.30    6.58257E-14    1.99248E-15    1.55073E-13
  6063.05    6.58442E-14    1.99070E-15    1.54641E-13
  6065.80    6.47535E-14    1.98198E-15    1.54697E-13
  6068.55    6.50718E-14    1.98473E-15    1.54919E-13
  6071.30    6.54907E-14    1.99415E-15    1.55783E-13
  6074.05    6.54001E-14    2.00010E-15    1.56006E-13
  6076.80    6.50300E-14    1.99099E-15    1.53406E-13
  6079.55    6.53926E-14    1.97631E-15    1.49669E-13
  6082.30    6.63468E-14    1.96846E-15    1.46590E-13
  6085.05    6.57090E-14    1.95732E-15    1.45512E-13
  6087.80    6.42568E-14    1.94237E-15    1.44397E-13
  6090.55    6.43817E-14    1.94189E-15    1.43083E-13
  6093.30    6.47417E-14    1.93713E-15    1.42039E-13
  6096.05    6.70822E-14    1.94122E-15    1.41062E-13
  6098.80    6.72025E-14    1.95408E-15    1.43079E-13
  6101.55    6.61570E-14    1.96330E-15    1.46180E-13
  6104.30    6.58114E-14    1.96593E-15    1.48487E-13
  6107.05    6.74135E-14    1.98132E-15    1.50234E-13
  6109.80    6.73231E-14    1.99046E-15    1.51406E-13
  6112.55    6.71573E-14    1.98836E-15    1.51269E-13
  6115.30    6.69046E-14    1.98093E-15    1.50385E-13
  6118.05    6.69380E-14    1.97658E-15    1.47991E-13
  6120.80    6.60262E-14    1.96422E-15    1.44854E-13
  6123.55    6.40226E-14    1.95085E-15    1.43727E-13
  6126.30    6.47778E-14    1.93721E-15    1.40233E-13
  6129.05    6.69184E-14    1.92993E-15    1.36448E-13
  6131.80    6.73645E-14    1.93015E-15    1.35265E-13
  6134.55    6.68510E-14    1.92508E-15    1.35575E-13
  6137.30    6.34691E-14    1.92106E-15    1.37574E-13
  6140.05    6.42379E-14    1.93799E-15    1.41156E-13
  6142.80    6.65234E-14    1.97358E-15    1.46726E-13
  6145.55    6.61262E-14    2.00702E-15    1.54853E-13
  6148.30    6.63427E-14    2.03929E-15    1.60244E-13
  6151.05    6.74192E-14    2.04428E-15    1.60643E-13
  6153.80    6.44752E-14    2.00919E-15    1.57188E-13
  6156.55    6.54328E-14    1.98924E-15    1.49887E-13
  6159.30    6.42114E-14    1.99256E-15    1.50364E-13
  6162.05    6.72826E-14    2.00644E-15    1.51219E-13
  6164.80    6.55326E-14    2.01810E-15    1.54014E-13
  6167.55    6.71206E-14    2.02060E-15    1.53513E-13
  6170.30    6.44450E-14    2.00912E-15    1.54136E-13
  6173.05    6.49455E-14    1.99636E-15    1.51965E-13
  6175.80    6.55538E-14    2.02375E-15    1.57471E-13
  6178.55    6.49889E-14    2.05318E-15    1.62855E-13
  6181.30    6.43178E-14    2.02597E-15    1.59147E-13
  6184.05    6.52329E-14    1.98117E-15    1.46860E-13
  6186.80    6.33113E-14    1.94152E-15    1.40603E-13
  6189.55    6.46209E-14    1.92717E-15    1.35414E-13
  6192.30    6.41456E-14    1.93132E-15    1.36194E-13
  6195.05    6.47455E-14    1.93642E-15    1.35609E-13
  6197.80    6.66832E-14    1.93780E-15    1.33931E-13
  6200.55    6.44949E-14    1.94583E-15    1.36902E-13
  6203.30    6.43757E-14    1.94239E-15    1.36672E-13
  6206.05    6.72041E-14    1.95773E-15    1.37199E-13
  6208.80    6.46696E-14    2.00191E-15    1.48994E-13
  6211.55    6.62400E-14    2.02132E-15    1.50386E-13
  6214.30    6.15096E-14    1.98295E-15    1.47088E-13
  6217.05    5.81762E-14    1.94388E-15    1.42920E-13
  6219.80    6.21296E-14    1.96246E-15    1.42118E-13
  6222.55    6.66330E-14    1.98106E-15    1.40789E-13
  6225.30    6.65139E-14    1.99650E-15    1.43255E-13
  6228.05    6.76102E-14    2.04447E-15    1.52966E-13
  6230.80    6.06272E-14    2.03797E-15    1.58555E-13
  6233.55    5.96980E-14    2.01214E-15    1.51984E-13
  6236.30    6.27097E-14    2.01933E-15    1.50372E-13
  6239.05    6.51860E-14    2.19714E-15    1.88428E-13
  6241.80    6.49278E-14    2.45029E-15    2.52446E-13
  6244.55    6.63669E-14    2.57449E-15    2.82712E-13
  6247.30    5.70650E-14    2.47294E-15    2.65226E-13
  6250.05    5.87790E-14    2.32088E-15    2.20635E-13
  6252.80    6.02069E-14    2.18717E-15    1.87415E-13
  6255.55    6.16433E-14    2.08926E-15    1.60567E-13
  6258.30    6.31082E-14    2.04985E-15    1.52269E-13
  6261.05    6.58444E-14    2.15983E-15    1.76650E-13
  6263.80    6.27140E-14    2.37140E-15    2.28516E-13
  6266.55    6.10361E-14    2.45234E-15    2.53082E-13
  6269.30    5.74912E-14    2.38726E-15    2.36828E-13
  6272.05    6.13172E-14    2.26603E-15    2.07742E-13
  6274.80    6.32218E-14    2.20691E-15    1.89137E-13
  6277.55    6.40037E-14    2.11453E-15    1.66943E-13
  6280.30    6.58494E-14    2.06142E-15    1.54322E-13
  6283.05    6.29343E-14    2.03323E-15    1.50286E-13
  6285.80    6.51528E-14    2.00668E-15    1.45418E-13
  6288.55    6.59716E-14    2.02856E-15    1.50759E-13
  6291.30    6.48319E-14    2.16740E-15    1.76451E-13
  6294.05    6.41406E-14    2.34634E-15    2.16958E-13
  6296.80    6.37456E-14    2.45897E-15    2.46895E-13
  6299.55    6.25286E-14    2.66939E-15    3.04158E-13
  6302.30    6.24397E-14    3.65674E-15    6.17697E-13
  6305.05    6.34544E-14    5.38242E-15    1.38293E-12
  6307.80    6.16383E-14    6.30475E-15    1.97106E-12
  6310.55    6.44124E-14    5.89181E-15    1.77482E-12
  6313.30    6.29785E-14    4.42339E-15    1.01377E-12
  6316.05    6.26116E-14    3.14819E-15    4.66117E-13
  6318.80    6.27090E-14    2.45874E-15    2.55294E-13
  6321.55    6.19101E-14    2.12900E-15    1.73239E-13
  6324.30    6.27291E-14    2.05829E-15    1.53438E-13
  6327.05    6.22957E-14    2.10674E-15    1.63323E-13
  6329.80    5.93560E-14    2.16038E-15    1.76809E-13
  6332.55    6.01375E-14    2.21953E-15    1.88921E-13
  6335.30    6.28092E-14    2.32434E-15    2.11883E-13
  6338.05    6.19311E-14    2.35800E-15    2.23172E-13
  6340.80    6.23695E-14    2.24189E-15    1.99440E-13
  6343.55    6.33345E-14    2.08957E-15    1.61810E-13
  6346.30    6.37129E-14    2.00893E-15    1.42541E-13
  6349.05    6.32872E-14    1.99456E-15    1.38423E-13
  6351.80    6.22645E-14    2.03475E-15    1.44701E-13
  6354.55    6.10613E-14    2.08901E-15    1.56836E-13
  6357.30    6.31858E-14    2.13547E-15    1.66454E-13
  6360.05    6.30532E-14    2.20377E-15    1.82500E-13
  6362.80    6.30180E-14    2.37389E-15    2.18241E-13
  6365.55    6.16974E-14    2.78121E-15    3.18042E-13
  6368.30    6.29781E-14    3.46254E-15    5.29559E-13
  6371.05    7.53612E-14    3.94141E-15    7.14492E-13
  6373.80    5.16640E-14    3.74464E-15    6.63446E-13
  6376.55    4.11899E-14    2.98517E-15    4.17000E-13
  6379.30    5.82197E-14    2.30044E-15    2.08455E-13
  6382.05    6.86614E-14    2.07695E-15    1.46496E-13
  6384.80    6.87900E-14    2.05601E-15    1.41319E-13
  6387.55    6.68521E-14    2.07333E-15    1.46369E-13
  6390.30    6.37209E-14    2.08861E-15    1.52446E-13
  6393.05    6.29696E-14    2.11457E-15    1.57846E-13
  6395.80    6.05254E-14    2.09190E-15    1.54126E-13
  6398.55    6.13104E-14    2.01947E-15    1.38738E-13
  6401.30    6.12507E-14    1.96390E-15    1.25195E-13
  6404.05    6.22356E-14    1.93462E-15    1.20353E-13
  6406.80    6.53895E-14    1.94723E-15    1.19120E-13
  6409.55    6.35564E-14    1.97059E-15    1.21020E-13
  6412.30    6.63293E-14    1.96342E-15    1.18778E-13
  6415.05    6.45704E-14    1.93919E-15    1.17741E-13
  6417.80    6.51933E-14    1.94461E-15    1.18036E-13
  6420.55    6.59038E-14    1.97127E-15    1.21794E-13
  6423.30    6.38276E-14    1.98796E-15    1.26380E-13
  6426.05    6.12938E-14    2.00909E-15    1.29166E-13
  6428.80    6.20307E-14    1.98831E-15    1.27983E-13
  6431.55    6.06914E-14    1.95019E-15    1.21773E-13
  6434.30    6.25304E-14    1.91934E-15    1.13873E-13
  6437.05    6.18465E-14    1.90361E-15    1.09952E-13
  6439.80    6.35038E-14    1.90273E-15    1.08717E-13
  6442.55    6.41749E-14    1.90474E-15    1.07621E-13
  6445.30    6.31640E-14    1.90176E-15    1.08047E-13
  6448.05    6.34517E-14    1.89793E-15    1.06708E-13
  6450.80    6.35092E-14    1.89730E-15    1.06227E-13
  6453.55    5.99883E-14    1.91682E-15    1.12518E-13
  6456.30    6.72301E-14    1.95928E-15    1.12641E-13
  6459.05    6.38657E-14    1.98107E-15    1.20258E-13
  6461.80    6.06800E-14    1.98708E-15    1.24558E-13
  6464.55    6.33993E-14    2.00750E-15    1.26863E-13
  6467.30    6.57540E-14    2.09018E-15    1.39311E-13
  6470.05    6.44037E-14    2.22242E-15    1.68203E-13
  6472.80    6.49446E-14    2.36788E-15    1.98975E-13
  6475.55    6.55119E-14    2.40325E-15    2.05996E-13
  6478.30    6.13108E-14    2.34206E-15    1.96142E-13
  6481.05    5.54439E-14    2.18990E-15    1.69480E-13
  6483.80    6.11916E-14    2.07922E-15    1.39269E-13
  6486.55    6.06674E-14    1.98547E-15    1.23521E-13
  6489.30    6.64901E-14    1.94684E-15    1.10241E-13
  6492.05    5.87053E-14    1.87985E-15    1.03751E-13
  6494.80    6.24897E-14    1.87709E-15    9.99059E-14
  6497.55    6.01875E-14    1.88598E-15    1.03565E-13
  6500.30    6.32307E-14    1.98884E-15    1.20269E-13
  6503.05    6.69003E-14    2.24635E-15    1.67487E-13
  6505.80    6.46641E-14    2.45452E-15    2.17709E-13
  6508.55    5.81953E-14    2.46697E-15    2.26683E-13
  6511.30    5.58445E-14    2.32235E-15    1.92473E-13
  6514.05    6.14110E-14    2.15574E-15    1.53457E-13
  6516.80    5.99839E-14    2.02994E-15    1.30315E-13
  6519.55    6.17255E-14    1.95991E-15    1.14853E-13
  6522.30    5.84557E-14    1.92094E-15    1.10636E-13
  6525.05    5.86165E-14    1.94052E-15    1.12073E-13
  6527.80    6.50873E-14    1.99745E-15    1.17867E-13
  6530.55    6.33593E-14    2.02677E-15    1.26635E-13
  6533.30    6.07161E-14    2.02834E-15    1.29717E-13
  6536.05    6.58145E-14    2.11372E-15    1.41396E-13
  6538.80    6.71687E-14    2.27052E-15    1.72313E-13
  6541.55    6.48539E-14    2.32991E-15    1.87522E-13
  6544.30    5.81962E-14    2.20373E-15    1.66639E-13
  6547.05    5.97519E-14    2.10053E-15    1.42563E-13
  6549.80    6.34759E-14    2.10972E-15    1.40538E-13
  6552.55    6.40786E-14    2.13667E-15    1.45636E-13
  6555.30    6.17471E-14    2.14355E-15    1.50855E-13
  6558.05    6.41741E-14    2.25765E-15    1.73112E-13
  6560.80    6.39713E-14    2.37968E-15    2.00714E-13
  6563.55    5.80261E-14    2.32833E-15    1.95426E-13
  6566.30    5.86828E-14    2.18018E-15    1.61309E-13
  6569.05    6.14901E-14    2.09681E-15    1.41329E-13
  6571.80    5.98211E-14    2.08590E-15    1.41037E-13
  6574.55    6.04669E-14    2.10178E-15    1.43232E-13
  6577.30    6.03755E-14    2.10426E-15    1.44335E-13
  6580.05    6.09987E-14    2.14036E-15    1.51634E-13
  6582.80    6.34105E-14    2.23599E-15    1.69789E-13
  6585.55    6.20351E-14    2.27858E-15    1.80346E-13
  6588.30    5.98145E-14    2.18558E-15    1.61292E-13
  6591.05    6.11049E-14    2.02638E-15    1.27302E-13
  6593.80    6.15708E-14    1.92392E-15    1.07464E-13
  6596.55    6.29302E-14    1.91551E-15    1.03970E-13
  6599.30    6.29761E-14    1.94595E-15    1.09333E-13
  6602.05    6.32438E-14    1.99365E-15    1.18069E-13
  6604.80    6.23368E-14    2.02503E-15    1.25252E-13
  6607.55    6.29538E-14    2.06926E-15    1.33308E-13
  6610.30    6.26571E-14    2.11464E-15    1.41282E-13
  6613.05    6.55148E-14    2.13044E-15    1.40732E-13
  6615.80    6.11684E-14    2.03419E-15    1.26535E-13
  6618.55    5.80592E-14    1.92753E-15    1.08724E-13
  6621.30    6.30801E-14    1.90659E-15    9.93410E-14
  6624.05    6.76149E-14    1.91866E-15    9.66610E-14
  6626.80    7.67745E-14    1.96924E-15    9.73929E-14
  6629.55    8.47911E-14    2.01373E-15    9.81798E-14
  6632.30    9.03728E-14    2.05457E-15    1.01082E-13
  6635.05    8.88921E-14    2.08801E-15    1.07976E-13
  6637.80    1.03555E-13    2.19061E-15    1.14757E-13
  6640.55    1.45570E-13    2.38778E-15    1.17199E-13
  6643.30    2.00658E-13    2.61452E-15    1.16944E-13
  6646.05    2.41975E-13    2.75810E-15    1.09886E-13
  6648.80    2.29367E-13    2.67708E-15    9.91748E-14
  6651.55    1.69718E-13    2.42247E-15    9.71012E-14
  6654.30    1.09932E-13    2.13536E-15    9.43509E-14
  6657.05    8.12264E-14    2.00124E-15    9.51806E-14
  6659.80    8.46042E-14    2.02970E-15    9.67309E-14
  6662.55    1.04021E-13    2.13213E-15    9.81702E-14
  6665.30    1.29560E-13    2.26209E-15    1.00133E-13
  6668.05    1.39266E-13    2.31919E-15    1.02175E-13
  6670.80    1.24306E-13    2.26712E-15    1.05131E-13
  6673.55    9.38672E-14    2.14874E-15    1.08737E-13
  6676.30    7.04017E-14    2.02713E-15    1.08026E-13
  6679.05    6.25720E-14    1.95627E-15    1.03331E-13
  6681.80    6.38244E-14    1.94492E-15    9.83359E-14
  6684.55    6.47240E-14    1.93852E-15    9.56005E-14
  6687.30    6.31041E-14    1.93615E-15    9.68048E-14
  6690.05    6.48067E-14    1.93906E-15    9.49242E-14
  6692.80    6.26279E-14    1.93680E-15    9.63275E-14
  6695.55    6.23117E-14    1.93001E-15    9.61186E-14
  6698.30    6.32907E-14    1.93186E-15    9.51550E-14
  6701.05    6.18542E-14    1.92535E-15    9.43152E-14
  6703.80    6.34944E-14    1.97290E-15    1.00056E-13
  6706.55    6.22927E-14    2.00836E-15    1.05706E-13
  6709.30    6.31152E-14    2.01647E-15    1.07764E-13
  6712.05    6.17041E-14    2.01814E-15    1.10439E-13
  6714.80    6.28059E-14    2.03058E-15    1.10722E-13
  6717.55    6.23019E-14    2.01583E-15    1.08034E-13
  6720.30    6.18296E-14    1.99335E-15    1.04197E-13
  6723.05    6.37383E-14    1.98480E-15    1.00571E-13
  6725.80    6.36098E-14    1.96856E-15    9.82150E-14
  6728.55    6.35359E-14    1.95908E-15    9.57011E-14
  6731.30    6.19509E-14    1.95108E-15    9.52699E-14
  6734.05    6.23851E-14    1.95236E-15    9.52454E-14
  6736.80    5.97478E-14    1.94226E-15    9.60355E-14
  6739.55    5.91048E-14    1.95149E-15    9.68386E-14
  6742.30    5.88860E-14    1.94950E-15    9.64024E-14
  6745.05    6.33328E-14    1.98115E-15    9.67975E-14
  6747.80    6.07112E-14    1.98482E-15    9.97215E-14
  6750.55    6.12461E-14    1.99652E-15    1.01723E-13
  6753.30    6.18423E-14    1.99734E-15    1.00934E-13
  6756.05    6.03635E-14    1.97493E-15    9.85006E-14
  6758.80    5.91802E-14    1.95245E-15    9.59710E-14
  6761.55    6.08989E-14    1.95403E-15    9.37779E-14
  6764.30    6.32160E-14    1.96631E-15    9.32022E-14
  6767.05    6.31469E-14    1.95493E-15    9.11786E-14
  6769.80    6.26076E-14    1.94195E-15    8.96329E-14
  6772.55    6.07227E-14    1.93911E-15    9.06231E-14
  6775.30    6.16810E-14    1.94600E-15    9.07853E-14
  6778.05    5.99680E-14    1.93702E-15    9.05426E-14
  6780.80    6.00810E-14    1.94173E-15    9.06979E-14
  6783.55    6.02871E-14    1.94317E-15    9.05710E-14
  6786.30    6.04201E-14    1.94593E-15    9.08079E-14
  6789.05    5.99758E-14    1.95355E-15    9.20530E-14
  6791.80    6.24483E-14    1.97434E-15    9.23519E-14
  6794.55    7.02892E-14    2.01571E-15    9.18255E-14
  6797.30    8.04419E-14    2.06689E-15    9.08070E-14
  6800.05    8.87643E-14    2.10037E-15    8.87316E-14
  6802.80    9.18165E-14    2.11792E-15    8.77027E-14
  6805.55    8.76151E-14    2.09378E-15    8.66981E-14
  6808.30    7.91478E-14    2.04949E-15    8.76414E-14
  6811.05    7.62441E-14    2.03579E-15    8.77137E-14
  6813.80    8.16069E-14    2.05982E-15    8.66101E-14
  6816.55    8.60807E-14    2.08635E-15    8.65376E-14
  6819.30    8.05851E-14    2.06886E-15    8.84641E-14
  6822.05    7.37521E-14    2.03582E-15    8.87889E-14
  6824.80    6.70495E-14    1.99619E-15    8.86749E-14
  6827.55    6.43123E-14    2.04953E-15    9.88131E-14
  6830.30    6.49689E-14    2.26435E-15    1.30646E-13
  6833.05    6.61218E-14    2.65321E-15    2.10480E-13
  6835.80    6.56831E-14    3.07583E-15    3.16132E-13
  6838.55    6.43221E-14    3.30079E-15    3.74613E-13
  6841.30    5.59768E-14    3.22791E-15    3.60336E-13
  6844.05    5.20724E-14    2.90959E-15    2.84005E-13
  6846.80    5.38844E-14    2.57405E-15    2.07342E-13
  6849.55    5.72376E-14    2.33934E-15    1.55718E-13
  6852.30    5.53729E-14    2.20957E-15    1.33354E-13
  6855.05    5.85758E-14    2.08841E-15    1.08685E-13
  6857.80    5.77830E-14    2.04415E-15    1.01437E-13
  6860.55    5.83640E-14    2.03277E-15    9.94124E-14
  6863.30    5.82822E-14    2.09727E-15    1.09965E-13
  6866.05    5.91468E-14    2.37909E-15    1.59466E-13
  6868.80    6.98927E-14    3.00046E-15    2.83401E-13
  6871.55    5.79357E-14    3.28959E-15    3.69114E-13
  6874.30    3.68302E-14    3.02380E-15    3.18421E-13
  6877.05    2.03402E-14    2.34474E-15    1.87842E-13
  6879.80    3.32408E-14    1.94495E-15    1.04457E-13
  6882.55    3.75688E-14    1.86718E-15    8.88220E-14
  6885.30    4.99901E-14    1.96429E-15    9.30178E-14
  6888.05    4.79918E-14    2.08518E-15    1.14447E-13
  6890.80    5.30235E-14    2.15261E-15    1.19835E-13
  6893.55    4.99369E-14    2.18881E-15    1.28557E-13
  6896.30    4.74716E-14    2.21503E-15    1.35748E-13
  6899.05    4.52842E-14    2.17492E-15    1.31024E-13
  6901.80    4.77908E-14    2.07592E-15    1.10211E-13
  6904.55    4.62174E-14    2.00130E-15    9.98294E-14
  6907.30    4.85868E-14    2.03950E-15    1.02817E-13
  6910.05    4.93265E-14    2.05079E-15    1.05138E-13
  6912.80    5.08351E-14    2.03919E-15    1.00736E-13
  6915.55    5.38086E-14    2.14567E-15    1.14542E-13
  6918.30    5.50744E-14    2.35348E-15    1.50717E-13
  6921.05    5.29258E-14    2.43742E-15    1.69543E-13
  6923.80    4.76702E-14    2.35700E-15    1.58296E-13
  6926.55    5.25987E-14    2.40636E-15    1.61074E-13
  6929.30    5.83120E-14    2.60072E-15    1.95181E-13
  6932.05    5.51663E-14    2.64869E-15    2.07345E-13
  6934.80    5.00799E-14    2.41345E-15    1.66436E-13
  6937.55    4.96315E-14    2.14446E-15    1.17231E-13
  6940.30    5.07948E-14    2.06021E-15    1.01239E-13
  6943.05    5.39532E-14    2.18234E-15    1.19201E-13
