#Cornell Digital HI Archive
#Springob, C. M., Haynes, M. P., Giovanelli, R. and Kent, B. R. 2005, ApJS, 160,149
#ASCII Table format
#Generated by Brian Kent  Wed Jan 17 16:36:38 2007
# 
#Telescope:      Arecibo line feed system
#Beam size:      3.3 [arcminutes]
#Object:         AGC 11212
#RA:             275.66167  (J2000) decimal degrees
#DEC:            15.697500  (J2000) decimal degrees
#Rest Frequency: 1.4204058e+09 [Hz]
#Bandwidth:      10000 [kHz]
#Channels:       504
#Ref Code:       2005ApJS..160..149S
#Spectrum codes:  Single Hanning only;  Good quality;  (see reference)
#HI Archive at http://arecibo.tc.cornell.edu/hiarchive/
#This spectrum is not baselined.  For a baselined spectrum, subtract the provided polynomial fit.
#Table FORMAT:  (f8.1,1x,f12.6,1x,f10.4,1x,f10.4)
# 
#Column descriptions:
# 1. Heliocentric velocity [km/s]
# 2. Radio frequency [MHz]
# 3. Flux Density [mJy]
# 4. Polynomial baseline fit
# 
####################################################################
# 
  4132.8  1401.091009   -11.4900    -1.1370
  4137.1  1401.071168    -4.8810    -1.1511
  4141.4  1401.051326    -5.2040    -1.1650
  4145.7  1401.031485    -4.0610    -1.1788
  4150.0  1401.011644    -6.0370    -1.1926
  4154.3  1400.991803    -0.8638    -1.2062
  4158.6  1400.971961    -5.4200    -1.2197
  4162.9  1400.952120    -5.0360    -1.2332
  4167.2  1400.932279    -3.9370    -1.2465
  4171.5  1400.912437   -10.2100    -1.2597
  4175.8  1400.892596     3.2380    -1.2728
  4180.2  1400.872755    -5.6920    -1.2858
  4184.5  1400.852914     4.3360    -1.2986
  4188.8  1400.833072     0.7816    -1.3114
  4193.1  1400.813231    -9.5190    -1.3241
  4197.4  1400.793390    -4.2480    -1.3367
  4201.7  1400.773549    -7.5790    -1.3491
  4206.0  1400.753707    -3.3150    -1.3615
  4210.3  1400.733866    -3.1050    -1.3737
  4214.6  1400.714025    -7.7580    -1.3859
  4218.9  1400.694183     3.5180    -1.3979
  4223.2  1400.674342    -1.5530    -1.4098
  4227.5  1400.654501     2.5010    -1.4217
  4231.8  1400.634660     3.6770    -1.4334
  4236.1  1400.614818   -14.7800    -1.4450
  4240.4  1400.594977   -10.1700    -1.4565
  4244.7  1400.575136    -4.0640    -1.4679
  4249.1  1400.555295    -2.2440    -1.4793
  4253.4  1400.535453    -1.0590    -1.4905
  4257.7  1400.515612     2.4620    -1.5015
  4262.0  1400.495771     2.6760    -1.5125
  4266.3  1400.475929    -1.7710    -1.5234
  4270.6  1400.456088    -4.6320    -1.5342
  4274.9  1400.436247    -0.0128    -1.5449
  4279.2  1400.416406     4.1790    -1.5555
  4283.5  1400.396564    -8.2250    -1.5659
  4287.8  1400.376723    -0.5771    -1.5763
  4292.1  1400.356882    -0.5974    -1.5866
  4296.4  1400.337041    -4.0640    -1.5967
  4300.7  1400.317199     0.4642    -1.6068
  4305.1  1400.297358    -1.4020    -1.6167
  4309.4  1400.277517     0.3490    -1.6266
  4313.7  1400.257676     3.8090    -1.6363
  4318.0  1400.237834    -0.2579    -1.6460
  4322.3  1400.217993    -0.6918    -1.6555
  4326.6  1400.198152     2.1370    -1.6650
  4330.9  1400.178310    -4.6540    -1.6743
  4335.2  1400.158469    -4.8430    -1.6835
  4339.5  1400.138628    -0.2191    -1.6926
  4343.8  1400.118787    -0.2749    -1.7017
  4348.2  1400.098945     1.7090    -1.7106
  4352.5  1400.079104     0.4813    -1.7194
  4356.8  1400.059263     5.3220    -1.7281
  4361.1  1400.039422    -4.1680    -1.7367
  4365.4  1400.019580     7.5170    -1.7453
  4369.7  1399.999739     0.9051    -1.7537
  4374.0  1399.979898    -6.3400    -1.7620
  4378.3  1399.960056    -2.4750    -1.7702
  4382.6  1399.940215    -2.1420    -1.7783
  4386.9  1399.920374     7.2200    -1.7863
  4391.3  1399.900533    -5.0710    -1.7942
  4395.6  1399.880691    -7.5920    -1.8020
  4399.9  1399.860850     0.3009    -1.8097
  4404.2  1399.841009     4.8770    -1.8173
  4408.5  1399.821168    -7.6150    -1.8248
  4412.8  1399.801326     0.1265    -1.8322
  4417.1  1399.781485     1.4930    -1.8395
  4421.4  1399.761644   -13.0400    -1.8467
  4425.8  1399.741803     3.3020    -1.8538
  4430.1  1399.721961     3.4250    -1.8608
  4434.4  1399.702120     2.0930    -1.8676
  4438.7  1399.682279    -8.5980    -1.8744
  4443.0  1399.662437   -12.3300    -1.8811
  4447.3  1399.642596    -6.7030    -1.8877
  4451.6  1399.622755    -8.6680    -1.8942
  4455.9  1399.602914     2.2080    -1.9006
  4460.3  1399.583072   -12.3700    -1.9069
  4464.6  1399.563231     4.3020    -1.9131
  4468.9  1399.543390    -6.1290    -1.9191
  4473.2  1399.523549    -8.0290    -1.9251
  4477.5  1399.503707     2.5690    -1.9310
  4481.8  1399.483866    -7.1550    -1.9368
  4486.1  1399.464025     2.0880    -1.9425
  4490.5  1399.444183     0.7606    -1.9481
  4494.8  1399.424342     5.9390    -1.9536
  4499.1  1399.404501    -0.9481    -1.9590
  4503.4  1399.384660    -3.1790    -1.9643
  4507.7  1399.364818     2.6550    -1.9694
  4512.0  1399.344977     3.8860    -1.9745
  4516.3  1399.325136     7.4210    -1.9795
  4520.7  1399.305295    -0.2078    -1.9844
  4525.0  1399.285453    -2.2580    -1.9892
  4529.3  1399.265612    -4.0360    -1.9939
  4533.6  1399.245771    -3.3410    -1.9985
  4537.9  1399.225929     3.4500    -2.0030
  4542.2  1399.206088    -2.4860    -2.0074
  4546.5  1399.186247    -5.3860    -2.0117
  4550.9  1399.166406     0.9858    -2.0159
  4555.2  1399.146564    -1.7100    -2.0200
  4559.5  1399.126723     2.8220    -2.0240
  4563.8  1399.106882    -7.1970    -2.0279
  4568.1  1399.087041    -4.2310    -2.0318
  4572.4  1399.067199    -9.9310    -2.0355
  4576.8  1399.047358    -7.2370    -2.0391
  4581.1  1399.027517    -3.3530    -2.0426
  4585.4  1399.007676    -4.4670    -2.0460
  4589.7  1398.987834    -3.5020    -2.0493
  4594.0  1398.967993     0.6390    -2.0526
  4598.3  1398.948152     1.0580    -2.0557
  4602.7  1398.928310    -7.9300    -2.0587
  4607.0  1398.908469    -2.8800    -2.0617
  4611.3  1398.888628    -5.2200    -2.0645
  4615.6  1398.868787     2.2320    -2.0672
  4619.9  1398.848945    -6.8070    -2.0699
  4624.2  1398.829104    -4.4910    -2.0724
  4628.6  1398.809263    -2.8490    -2.0749
  4632.9  1398.789422    -4.7020    -2.0772
  4637.2  1398.769580    -0.0216    -2.0795
  4641.5  1398.749739    -4.1960    -2.0816
  4645.8  1398.729898    -1.9590    -2.0837
  4650.2  1398.710056    -1.7070    -2.0857
  4654.5  1398.690215    -2.7280    -2.0875
  4658.8  1398.670374     3.4490    -2.0893
  4663.1  1398.650533     5.1530    -2.0910
  4667.4  1398.630691    -5.7140    -2.0926
  4671.8  1398.610850     0.5822    -2.0941
  4676.1  1398.591009    -2.1560    -2.0955
  4680.4  1398.571168     0.4375    -2.0968
  4684.7  1398.551326     6.1340    -2.0980
  4689.0  1398.531485    -6.6080    -2.0991
  4693.3  1398.511644    -1.8390    -2.1001
  4697.7  1398.491803    -3.9500    -2.1010
  4702.0  1398.471961     8.5790    -2.1018
  4706.3  1398.452120    -3.2040    -2.1025
  4710.6  1398.432279    -5.0780    -2.1032
  4714.9  1398.412437     3.4010    -2.1037
  4719.3  1398.392596    -2.7380    -2.1041
  4723.6  1398.372755    -2.6410    -2.1045
  4727.9  1398.352914    -5.6550    -2.1047
  4732.2  1398.333072     4.1600    -2.1049
  4736.6  1398.313231     3.9160    -2.1050
  4740.9  1398.293390    -6.2260    -2.1049
  4745.2  1398.273549     5.5170    -2.1048
  4749.5  1398.253707     0.7310    -2.1046
  4753.8  1398.233866     0.7904    -2.1043
  4758.2  1398.214025    -7.1130    -2.1038
  4762.5  1398.194183    -1.7000    -2.1033
  4766.8  1398.174342    -4.4580    -2.1027
  4771.1  1398.154501     4.0770    -2.1021
  4775.4  1398.134660    -2.0890    -2.1013
  4779.8  1398.114818    -5.1890    -2.1004
  4784.1  1398.094977     6.4690    -2.0994
  4788.4  1398.075136    -7.4010    -2.0984
  4792.7  1398.055295    -0.0628    -2.0972
  4797.1  1398.035453    -2.2610    -2.0960
  4801.4  1398.015612    -0.0307    -2.0946
  4805.7  1397.995771     6.7310    -2.0932
  4810.0  1397.975929     0.7727    -2.0916
  4814.4  1397.956088    -8.3060    -2.0900
  4818.7  1397.936247    -7.1430    -2.0883
  4823.0  1397.916406    -0.5373    -2.0865
  4827.3  1397.896564    -2.6670    -2.0846
  4831.6  1397.876723    -2.5750    -2.0826
  4836.0  1397.856882     2.1950    -2.0805
  4840.3  1397.837041    -5.4710    -2.0783
  4844.6  1397.817199    -0.4738    -2.0761
  4848.9  1397.797358    -6.6440    -2.0737
  4853.3  1397.777517     2.6800    -2.0713
  4857.6  1397.757676    -4.6370    -2.0687
  4861.9  1397.737834     0.9226    -2.0661
  4866.2  1397.717993    -7.5880    -2.0634
  4870.6  1397.698152    -4.7340    -2.0605
  4874.9  1397.678310    -4.2540    -2.0576
  4879.2  1397.658469    -6.3880    -2.0546
  4883.5  1397.638628    -0.0039    -2.0515
  4887.9  1397.618787     3.2720    -2.0483
  4892.2  1397.598945    -2.2770    -2.0451
  4896.5  1397.579104     1.4270    -2.0417
  4900.8  1397.559263     6.1830    -2.0382
  4905.2  1397.539422     3.5780    -2.0347
  4909.5  1397.519580    -0.0406    -2.0310
  4913.8  1397.499739    -9.3060    -2.0273
  4918.1  1397.479898    -5.6760    -2.0235
  4922.5  1397.460056    -8.3840    -2.0196
  4926.8  1397.440215    -7.8890    -2.0156
  4931.1  1397.420374    -4.1900    -2.0115
  4935.5  1397.400533     5.1710    -2.0073
  4939.8  1397.380691    -0.4154    -2.0030
  4944.1  1397.360850     1.5650    -1.9987
  4948.4  1397.341009     0.5626    -1.9942
  4952.8  1397.321168    -8.7920    -1.9897
  4957.1  1397.301326    -4.4400    -1.9850
  4961.4  1397.281485    -2.7120    -1.9803
  4965.7  1397.261644    -3.1420    -1.9755
  4970.1  1397.241803     0.8226    -1.9706
  4974.4  1397.221961    -3.3020    -1.9656
  4978.7  1397.202120    -4.4420    -1.9605
  4983.1  1397.182279     8.1780    -1.9554
  4987.4  1397.162437    -4.8060    -1.9501
  4991.7  1397.142596    -4.5950    -1.9448
  4996.0  1397.122755    -6.2780    -1.9393
  5000.4  1397.102914    -9.2530    -1.9338
  5004.7  1397.083072     3.0360    -1.9282
  5009.0  1397.063231    -5.6810    -1.9225
  5013.4  1397.043390     0.6188    -1.9167
  5017.7  1397.023549   -16.3700    -1.9108
  5022.0  1397.003707    -7.6790    -1.9048
  5026.3  1396.983866    -7.4400    -1.8988
  5030.7  1396.964025    -6.4260    -1.8926
  5035.0  1396.944183    -1.0670    -1.8864
  5039.3  1396.924342    -5.5280    -1.8801
  5043.7  1396.904501     3.7620    -1.8737
  5048.0  1396.884660    -0.7786    -1.8672
  5052.3  1396.864818    -2.5710    -1.8606
  5056.7  1396.844977    -1.3170    -1.8539
  5061.0  1396.825136    -4.2750    -1.8472
  5065.3  1396.805295    -5.8200    -1.8403
  5069.6  1396.785453    -5.1660    -1.8334
  5074.0  1396.765612     0.5448    -1.8263
  5078.3  1396.745771     2.8100    -1.8192
  5082.6  1396.725929    17.1400    -1.8120
  5087.0  1396.706088     3.8350    -1.8048
  5091.3  1396.686247    -3.7960    -1.7974
  5095.6  1396.666406     2.6060    -1.7899
  5100.0  1396.646564     4.8250    -1.7824
  5104.3  1396.626723    -3.6560    -1.7748
  5108.6  1396.606882     1.7690    -1.7670
  5113.0  1396.587041     4.1570    -1.7592
  5117.3  1396.567199    -1.4660    -1.7513
  5121.6  1396.547358    -0.3230    -1.7434
  5125.9  1396.527517    -4.0860    -1.7353
  5130.3  1396.507676     2.6710    -1.7272
  5134.6  1396.487834    -5.8350    -1.7189
  5138.9  1396.467993    -5.5490    -1.7106
  5143.3  1396.448152     6.9030    -1.7022
  5147.6  1396.428310    -0.1319    -1.6937
  5151.9  1396.408469    -3.9580    -1.6851
  5156.3  1396.388628     5.5500    -1.6764
  5160.6  1396.368787    -9.9010    -1.6677
  5164.9  1396.348945    -6.6590    -1.6589
  5169.3  1396.329104    -3.0240    -1.6499
  5173.6  1396.309263     0.4784    -1.6409
  5177.9  1396.289422     4.4350    -1.6318
  5182.3  1396.269580    -4.4040    -1.6227
  5186.6  1396.249739     2.0490    -1.6134
  5190.9  1396.229898     0.4130    -1.6041
  5195.3  1396.210056     1.5350    -1.5946
  5199.6  1396.190215     4.9210    -1.5851
  5203.9  1396.170374    -4.9260    -1.5755
  5208.3  1396.150533     1.0460    -1.5658
  5212.6  1396.130691     9.5120    -1.5561
  5217.0  1396.110850     1.4490    -1.5462
  5221.3  1396.091009    -4.2170    -1.5363
  5225.6  1396.071168     8.9190    -1.5262
  5230.0  1396.051326     9.0170    -1.5161
  5234.3  1396.031485    18.4700    -1.5060
  5238.6  1396.011644    27.5800    -1.4957
  5243.0  1395.991803    31.1100    -1.4853
  5247.3  1395.971961    37.1100    -1.4749
  5251.6  1395.952120    39.7600    -1.4644
  5256.0  1395.932279    40.8300    -1.4537
  5260.3  1395.912437    48.6700    -1.4431
  5264.6  1395.892596    44.9500    -1.4323
  5269.0  1395.872755    48.7900    -1.4214
  5273.3  1395.852914    46.2800    -1.4105
  5277.7  1395.833072    41.5500    -1.3995
  5282.0  1395.813231    46.3900    -1.3884
  5286.3  1395.793390    52.4600    -1.3772
  5290.7  1395.773549    55.6000    -1.3659
  5295.0  1395.753707    52.0300    -1.3545
  5299.3  1395.733866    58.2200    -1.3431
  5303.7  1395.714025    52.7200    -1.3316
  5308.0  1395.694183    46.5400    -1.3200
  5312.3  1395.674342    45.1800    -1.3083
  5316.7  1395.654501    35.9900    -1.2965
  5321.0  1395.634660    29.9600    -1.2847
  5325.4  1395.614818    29.4200    -1.2727
  5329.7  1395.594977    26.3700    -1.2607
  5334.0  1395.575136    15.8500    -1.2486
  5338.4  1395.555295     9.6730    -1.2364
  5342.7  1395.535453     7.0270    -1.2242
  5347.0  1395.515612    14.4900    -1.2118
  5351.4  1395.495771     6.6970    -1.1994
  5355.7  1395.475929     6.0710    -1.1869
  5360.1  1395.456088     2.2480    -1.1743
  5364.4  1395.436247    -2.6570    -1.1617
  5368.7  1395.416406     1.9690    -1.1489
  5373.1  1395.396564    -0.9289    -1.1361
  5377.4  1395.376723    -5.9920    -1.1232
  5381.8  1395.356882    -6.3790    -1.1102
  5386.1  1395.337041     1.2580    -1.0971
  5390.4  1395.317199    -1.4650    -1.0840
  5394.8  1395.297358     3.0060    -1.0707
  5399.1  1395.277517     5.7140    -1.0574
  5403.5  1395.257676     1.3700    -1.0440
  5407.8  1395.237834   -10.0300    -1.0306
  5412.1  1395.217993    -4.2980    -1.0170
  5416.5  1395.198152    -1.0430    -1.0034
  5420.8  1395.178310    -8.7260    -0.9896
  5425.2  1395.158469    -0.3495    -0.9759
  5429.5  1395.138628     5.0300    -0.9620
  5433.8  1395.118787   -10.4200    -0.9480
  5438.2  1395.098945    -6.0830    -0.9340
  5442.5  1395.079104    -4.6440    -0.9199
  5446.9  1395.059263     3.9350    -0.9057
  5451.2  1395.039422    -1.1740    -0.8914
  5455.5  1395.019580     0.7671    -0.8771
  5459.9  1394.999739    -1.4770    -0.8626
  5464.2  1394.979898     0.3780    -0.8481
  5468.6  1394.960056    -5.5050    -0.8335
  5472.9  1394.940215    -0.5904    -0.8189
  5477.3  1394.920374     2.7590    -0.8041
  5481.6  1394.900533    -6.6770    -0.7893
  5485.9  1394.880691   -11.5700    -0.7744
  5490.3  1394.860850    -8.6250    -0.7594
  5494.6  1394.841009    -5.7220    -0.7443
  5499.0  1394.821168     0.6293    -0.7292
  5503.3  1394.801326    -3.3320    -0.7140
  5507.7  1394.781485    -9.0260    -0.6987
  5512.0  1394.761644    -0.3049    -0.6833
  5516.3  1394.741803    -2.7850    -0.6679
  5520.7  1394.721961    -4.0660    -0.6523
  5525.0  1394.702120    -0.4039    -0.6367
  5529.4  1394.682279    -5.9160    -0.6210
  5533.7  1394.662437    -0.7470    -0.6053
  5538.1  1394.642596     1.2240    -0.5894
  5542.4  1394.622755    -4.0270    -0.5735
  5546.7  1394.602914     0.1429    -0.5575
  5551.1  1394.583072    -9.9190    -0.5414
  5555.4  1394.563231    -2.6110    -0.5253
  5559.8  1394.543390    -1.5350    -0.5091
  5564.1  1394.523549    -7.8620    -0.4928
  5568.5  1394.503707    -9.6930    -0.4764
  5572.8  1394.483866     4.9780    -0.4599
  5577.2  1394.464025    -7.6650    -0.4434
  5581.5  1394.444183    -1.8430    -0.4268
  5585.9  1394.424342    -0.1912    -0.4101
  5590.2  1394.404501    -4.7310    -0.3933
  5594.5  1394.384660    -7.5500    -0.3765
  5598.9  1394.364818   -11.3200    -0.3595
  5603.2  1394.344977    -1.5110    -0.3426
  5607.6  1394.325136     3.2360    -0.3255
  5611.9  1394.305295    -1.7880    -0.3083
  5616.3  1394.285453    -3.0470    -0.2911
  5620.6  1394.265612     3.7490    -0.2738
  5625.0  1394.245771     5.6390    -0.2564
  5629.3  1394.225929     0.3516    -0.2390
  5633.7  1394.206088    -2.4250    -0.2215
  5638.0  1394.186247    -0.6986    -0.2039
  5642.3  1394.166406    -1.1870    -0.1862
  5646.7  1394.146564    -1.9650    -0.1684
  5651.0  1394.126723     0.1587    -0.1506
  5655.4  1394.106882    -3.4970    -0.1327
  5659.7  1394.087041    -4.6230    -0.1147
  5664.1  1394.067199     3.7700    -0.0967
  5668.4  1394.047358     3.5380    -0.0785
  5672.8  1394.027517     1.2150    -0.0603
  5677.1  1394.007676     6.0000    -0.0421
  5681.5  1393.987834     5.2800    -0.0237
  5685.8  1393.967993     8.6770    -0.0053
  5690.2  1393.948152     4.6860     0.0132
  5694.5  1393.928310    -5.1580     0.0318
  5698.9  1393.908469    -9.0380     0.0504
  5703.2  1393.888628    -2.9390     0.0692
  5707.6  1393.868787     7.6820     0.0880
  5711.9  1393.848945     3.3970     0.1068
  5716.3  1393.829104    -0.9642     0.1258
  5720.6  1393.809263    -3.4810     0.1448
  5725.0  1393.789422     2.0220     0.1639
  5729.3  1393.769580    11.2100     0.1831
  5733.7  1393.749739    -3.1990     0.2023
  5738.0  1393.729898     1.9630     0.2216
  5742.4  1393.710056    -0.9735     0.2410
  5746.7  1393.690215    -2.3220     0.2605
  5751.1  1393.670374    -1.8960     0.2800
  5755.4  1393.650533     0.8295     0.2996
  5759.8  1393.630691    -1.4350     0.3193
  5764.1  1393.610850     3.6610     0.3390
  5768.5  1393.591009     5.5250     0.3589
  5772.8  1393.571168     3.7760     0.3788
  5777.2  1393.551326     4.0650     0.3987
  5781.5  1393.531485    -3.5540     0.4188
  5785.9  1393.511644     4.0010     0.4389
  5790.2  1393.491803     2.6130     0.4591
  5794.6  1393.471961    -3.4520     0.4793
  5798.9  1393.452120     1.1150     0.4997
  5803.3  1393.432279     5.3990     0.5201
  5807.6  1393.412437    -2.7280     0.5405
  5812.0  1393.392596     2.8800     0.5611
  5816.3  1393.372755    -2.7730     0.5817
  5820.7  1393.352914     1.5750     0.6024
  5825.0  1393.333072     5.4100     0.6232
  5829.4  1393.313231    11.2700     0.6440
  5833.7  1393.293390     5.4240     0.6649
  5838.1  1393.273549     9.7470     0.6859
  5842.4  1393.253707    -0.6677     0.7069
  5846.8  1393.233866     6.8110     0.7281
  5851.1  1393.214025    -1.2660     0.7492
  5855.5  1393.194183    -1.7800     0.7705
  5859.8  1393.174342     7.4510     0.7918
  5864.2  1393.154501     2.4990     0.8132
  5868.6  1393.134660     6.0350     0.8347
  5872.9  1393.114818     7.9310     0.8563
  5877.3  1393.094977    -4.5590     0.8779
  5881.6  1393.075136     3.2420     0.8996
  5886.0  1393.055295    -0.0713     0.9213
  5890.3  1393.035453     0.5819     0.9431
  5894.7  1393.015612    -2.8800     0.9650
  5899.0  1392.995771     0.2274     0.9870
  5903.4  1392.975929     1.4720     1.0090
  5907.7  1392.956088     4.5470     1.0311
  5912.1  1392.936247     7.6370     1.0533
  5916.4  1392.916406     7.3780     1.0756
  5920.8  1392.896564    -4.0900     1.0979
  5925.2  1392.876723    -1.3470     1.1203
  5929.5  1392.856882     2.6010     1.1427
  5933.9  1392.837041     1.4280     1.1652
  5938.2  1392.817199     6.4510     1.1878
  5942.6  1392.797358     9.3920     1.2105
  5946.9  1392.777517     2.6630     1.2332
  5951.3  1392.757676   -10.0400     1.2560
  5955.6  1392.737834     4.3890     1.2789
  5960.0  1392.717993     1.0430     1.3018
  5964.4  1392.698152     6.4890     1.3248
  5968.7  1392.678310     0.0641     1.3479
  5973.1  1392.658469     6.8300     1.3711
  5977.4  1392.638628    -2.2910     1.3943
  5981.8  1392.618787    -0.6928     1.4176
  5986.1  1392.598945    -1.5590     1.4409
  5990.5  1392.579104     3.6770     1.4643
  5994.8  1392.559263     1.7630     1.4878
  5999.2  1392.539422     1.7260     1.5114
  6003.6  1392.519580     1.1940     1.5350
  6007.9  1392.499739     4.5040     1.5587
  6012.3  1392.479898    -0.6978     1.5824
  6016.6  1392.460056     6.4030     1.6063
  6021.0  1392.440215    -3.5420     1.6301
  6025.3  1392.420374    15.0900     1.6541
  6029.7  1392.400533    10.1800     1.6781
  6034.1  1392.380691     6.1960     1.7022
  6038.4  1392.360850    -0.8942     1.7264
  6042.8  1392.341009     7.4000     1.7506
  6047.1  1392.321168     2.4490     1.7749
  6051.5  1392.301326     2.9860     1.7993
  6055.9  1392.281485     0.3629     1.8237
  6060.2  1392.261644     0.8486     1.8482
  6064.6  1392.241803     8.7840     1.8728
  6068.9  1392.221961    -1.9490     1.8974
  6073.3  1392.202120    -0.0734     1.9221
  6077.7  1392.182279     0.5738     1.9468
  6082.0  1392.162437    -3.4730     1.9717
  6086.4  1392.142596     6.0470     1.9966
  6090.7  1392.122755    11.8100     2.0215
  6095.1  1392.102914     2.9640     2.0465
  6099.4  1392.083072     4.6710     2.0716
  6103.8  1392.063231    -1.2720     2.0968
  6108.2  1392.043390     4.1900     2.1220
  6112.5  1392.023549     0.5816     2.1473
  6116.9  1392.003707     5.1620     2.1727
  6121.3  1391.983866    -0.3490     2.1981
  6125.6  1391.964025     5.6460     2.2236
  6130.0  1391.944183    -2.8750     2.2491
  6134.3  1391.924342    -1.5850     2.2747
  6138.7  1391.904501     6.1950     2.3004
  6143.1  1391.884660     6.0810     2.3262
  6147.4  1391.864818     9.0270     2.3520
  6151.8  1391.844977     9.7560     2.3778
  6156.1  1391.825136    -3.1380     2.4038
  6160.5  1391.805295     4.3670     2.4298
  6164.9  1391.785453     0.1097     2.4559
  6169.2  1391.765612     1.0600     2.4820
  6173.6  1391.745771    -7.0670     2.5082
  6177.9  1391.725929     7.7180     2.5344
  6182.3  1391.706088    10.9700     2.5608
  6186.7  1391.686247    11.5300     2.5872
  6191.0  1391.666406     2.3530     2.6136
  6195.4  1391.646564    -0.2867     2.6401
  6199.8  1391.626723    -2.6400     2.6667
  6204.1  1391.606882     0.6237     2.6934
  6208.5  1391.587041    -1.1360     2.7201
  6212.8  1391.567199   -14.7400     2.7468
  6217.2  1391.547358     0.5530     2.7737
  6221.6  1391.527517    -1.5780     2.8006
  6225.9  1391.507676     1.3540     2.8275
  6230.3  1391.487834     2.6100     2.8546
  6234.7  1391.467993    -0.7216     2.8817
  6239.0  1391.448152     5.0000     2.9088
  6243.4  1391.428310    -9.0380     2.9360
  6247.8  1391.408469     2.9990     2.9633
  6252.1  1391.388628    -5.5870     2.9906
  6256.5  1391.368787     8.8190     3.0180
  6260.8  1391.348945    -8.4890     3.0455
  6265.2  1391.329104    10.7200     3.0730
  6269.6  1391.309263    -3.6880     3.1006
  6273.9  1391.289422    -0.6645     3.1283
  6278.3  1391.269580     4.8950     3.1560
  6282.7  1391.249739     1.6830     3.1838
  6287.0  1391.229898     2.1290     3.2116
  6291.4  1391.210056     8.4960     3.2395
  6295.8  1391.190215    -4.1440     3.2675
  6300.1  1391.170374     4.9150     3.2955
  6304.5  1391.150533    -7.2640     3.3236
  6308.9  1391.130691     6.8690     3.3517
  6313.2  1391.110850    -3.2910     3.3799
