#Cornell Digital HI Archive
#Springob, C. M., Haynes, M. P., Giovanelli, R. and Kent, B. R. 2005, ApJS, 160,149
#ASCII Table format
#Generated by Brian Kent  Wed Jan 17 16:34:51 2007
# 
#Telescope:      Green Bank 91 meter
#Beam size:      10.0 [arcminutes]
#Object:         AGC 1993
#RA:             37.916250  (J2000) decimal degrees
#DEC:            39.378056  (J2000) decimal degrees
#Rest Frequency: 1.4204058e+09 [Hz]
#Bandwidth:      10000 [kHz]
#Channels:       192
#Ref Code:       2005ApJS..160..149S
#Spectrum codes:  Single Hanning only;  Good quality;  (see reference)
#HI Archive at http://arecibo.tc.cornell.edu/hiarchive/
#This spectrum is not baselined.  For a baselined spectrum, subtract the provided polynomial fit.
#Table FORMAT:  (f8.1,1x,f12.6,1x,f10.4,1x,f10.4)
# 
#Column descriptions:
# 1. Heliocentric velocity [km/s]
# 2. Radio frequency [MHz]
# 3. Flux Density [mJy]
# 4. Polynomial baseline fit
# 
####################################################################
# 
  6693.0  1389.387116     1.4300     0.3126
  6704.5  1389.335032     1.4300     0.4352
  6716.0  1389.282949     1.4300     0.5531
  6727.5  1389.230866     1.4300     0.6664
  6739.0  1389.178782     1.4300     0.7750
  6750.5  1389.126699     1.4300     0.8792
  6762.0  1389.074616     1.4300     0.9788
  6773.4  1389.022532     1.4300     1.0741
  6784.9  1388.970449     1.4300     1.1650
  6796.4  1388.918366     1.4300     1.2516
  6807.9  1388.866282     1.4300     1.3341
  6819.4  1388.814199    -2.1080     1.4123
  6830.9  1388.762116    -0.8007     1.4865
  6842.4  1388.710032    -2.4520     1.5566
  6853.9  1388.657949    -2.1710     1.6228
  6865.4  1388.605866    -0.4658     1.6850
  6876.9  1388.553782     1.7770     1.7434
  6888.4  1388.501699     4.4680     1.7980
  6899.9  1388.449616     5.1710     1.8489
  6911.4  1388.397532     6.0690     1.8962
  6923.0  1388.345449     4.3820     1.9398
  6934.5  1388.293366     0.4686     1.9799
  6946.0  1388.241282     1.8840     2.0165
  6957.5  1388.189199     2.2030     2.0497
  6969.0  1388.137116    -2.1940     2.0796
  6980.5  1388.085032    -2.7950     2.1062
  6992.0  1388.032949     0.2799     2.1295
  7003.5  1387.980866     1.0880     2.1497
  7015.0  1387.928782    -1.3600     2.1668
  7026.5  1387.876699    -1.5130     2.1809
  7038.1  1387.824616     1.3750     2.1919
  7049.6  1387.772532     2.7590     2.2001
  7061.1  1387.720449     1.8770     2.2054
  7072.6  1387.668366     2.9590     2.2079
  7084.1  1387.616282     3.3470     2.2077
  7095.6  1387.564199     2.5800     2.2048
  7107.2  1387.512116     5.3080     2.1993
  7118.7  1387.460032     4.6260     2.1913
  7130.2  1387.407949     3.1980     2.1808
  7141.7  1387.355866     4.8850     2.1679
  7153.3  1387.303782     5.2020     2.1526
  7164.8  1387.251699     4.8030     2.1350
  7176.3  1387.199616     3.9120     2.1152
  7187.8  1387.147532     4.6220     2.0932
  7199.4  1387.095449     4.0620     2.0692
  7210.9  1387.043366     1.3200     2.0430
  7222.4  1386.991282     5.1390     2.0149
  7233.9  1386.939199    10.4400     1.9849
  7245.5  1386.887116     8.3090     1.9530
  7257.0  1386.835032     4.3480     1.9193
  7268.5  1386.782949     2.4940     1.8838
  7280.1  1386.730866     1.6980     1.8467
  7291.6  1386.678782     2.7640     1.8080
  7303.1  1386.626699     4.0410     1.7678
  7314.7  1386.574616    -0.1610     1.7260
  7326.2  1386.522532    -5.2720     1.6829
  7337.7  1386.470449    -4.1690     1.6383
  7349.3  1386.418366     0.1043     1.5925
  7360.8  1386.366282     4.4900     1.5454
  7372.4  1386.314199     5.1370     1.4972
  7383.9  1386.262116     1.7600     1.4478
  7395.4  1386.210032    -0.1116     1.3974
  7407.0  1386.157949    -1.6130     1.3460
  7418.5  1386.105866    -3.0270     1.2936
  7430.1  1386.053782    -0.5384     1.2404
  7441.6  1386.001699     1.1000     1.1864
  7453.2  1385.949616     0.7117     1.1317
  7464.7  1385.897532     3.4210     1.0763
  7476.3  1385.845449     6.9630     1.0202
  7487.8  1385.793366     6.6200     0.9636
  7499.4  1385.741282     3.4970     0.9065
  7510.9  1385.689199     0.8399     0.8490
  7522.5  1385.637116    -1.6520     0.7911
  7534.0  1385.585032    -3.1820     0.7329
  7545.6  1385.532949    -3.9490     0.6745
  7557.1  1385.480866    -5.9580     0.6159
  7568.7  1385.428782    -4.0490     0.5571
  7580.2  1385.376699    -0.5223     0.4983
  7591.8  1385.324616    -2.5000     0.4395
  7603.3  1385.272532    -3.0810     0.3808
  7614.9  1385.220449     1.2620     0.3222
  7626.5  1385.168366     2.9040     0.2638
  7638.0  1385.116282     0.8964     0.2056
  7649.6  1385.064199    -0.1893     0.1478
  7661.1  1385.012116    -1.2130     0.0903
  7672.7  1384.960032    -0.9672     0.0333
  7684.3  1384.907949    -1.5360    -0.0233
  7695.8  1384.855866    -3.4220    -0.0792
  7707.4  1384.803782    -0.5354    -0.1346
  7719.0  1384.751699     1.7150    -0.1892
  7730.5  1384.699616     0.3556    -0.2431
  7742.1  1384.647532     0.5483    -0.2962
  7753.7  1384.595449     1.7790    -0.3485
  7765.2  1384.543366     4.2130    -0.3998
  7776.8  1384.491282    12.6200    -0.4501
  7788.4  1384.439199    20.5700    -0.4993
  7799.9  1384.387116    21.6000    -0.5474
  7811.5  1384.335032    22.3000    -0.5943
  7823.1  1384.282949    18.3100    -0.6400
  7834.7  1384.230866    11.6900    -0.6844
  7846.2  1384.178782    13.4900    -0.7274
  7857.8  1384.126699    16.3100    -0.7690
  7869.4  1384.074616    14.5600    -0.8091
  7881.0  1384.022532    12.8700    -0.8476
  7892.5  1383.970449    13.7800    -0.8845
  7904.1  1383.918366    15.3900    -0.9197
  7915.7  1383.866282    15.2200    -0.9532
  7927.3  1383.814199    14.2000    -0.9849
  7938.9  1383.762116    13.2400    -1.0147
  7950.4  1383.710032    11.9800    -1.0426
  7962.0  1383.657949    12.9400    -1.0685
  7973.6  1383.605866    14.9400    -1.0923
  7985.2  1383.553782    12.4000    -1.1140
  7996.8  1383.501699     9.0880    -1.1336
  8008.4  1383.449616     9.7230    -1.1509
  8020.0  1383.397532     9.3770    -1.1659
  8031.6  1383.345449     7.9660    -1.1785
  8043.1  1383.293366     9.5050    -1.1887
  8054.7  1383.241282    11.4800    -1.1965
  8066.3  1383.189199    11.9100    -1.2016
  8077.9  1383.137116     9.9500    -1.2042
  8089.5  1383.085032     8.0980    -1.2041
  8101.1  1383.032949     9.4210    -1.2012
  8112.7  1382.980866    11.9500    -1.1956
  8124.3  1382.928782    13.0900    -1.1871
  8135.9  1382.876699    11.4700    -1.1757
  8147.5  1382.824616    10.9800    -1.1613
  8159.1  1382.772532    12.4900    -1.1438
  8170.7  1382.720449    12.7300    -1.1233
  8182.3  1382.668366    12.4000    -1.0995
  8193.9  1382.616282    16.3300    -1.0725
  8205.5  1382.564199    23.7400    -1.0423
  8217.1  1382.512116    26.9600    -1.0087
  8228.7  1382.460032    25.1100    -0.9716
  8240.3  1382.407949    20.8400    -0.9311
  8251.9  1382.355866    17.4800    -0.8870
  8263.5  1382.303782    14.4600    -0.8394
  8275.1  1382.251699     9.5710    -0.7880
  8286.7  1382.199616     2.9680    -0.7330
  8298.3  1382.147532    -2.5960    -0.6741
  8310.0  1382.095449    -1.7820    -0.6114
  8321.6  1382.043366     0.3293    -0.5448
  8333.2  1381.991282    -0.2377    -0.4742
  8344.8  1381.939199    -0.9592    -0.3995
  8356.4  1381.887116    -0.3810    -0.3208
  8368.0  1381.835032     0.7289    -0.2379
  8379.6  1381.782949     0.5059    -0.1507
  8391.3  1381.730866    -1.6840    -0.0593
  8402.9  1381.678782    -4.8240     0.0365
  8414.5  1381.626699    -2.3580     0.1367
  8426.1  1381.574616     1.6130     0.2413
  8437.7  1381.522532     2.9150     0.3506
  8449.3  1381.470449     4.1560     0.4644
  8461.0  1381.418366     2.4940     0.5828
  8472.6  1381.366282     2.5590     0.7060
  8484.2  1381.314199     6.5270     0.8340
  8495.8  1381.262116     8.3340     0.9668
  8507.5  1381.210032     6.4570     1.1045
  8519.1  1381.157949     4.3700     1.2472
  8530.7  1381.105866     3.3600     1.3950
  8542.3  1381.053782     3.2100     1.5478
  8554.0  1381.001699     4.8610     1.7058
  8565.6  1380.949616     5.0810     1.8690
  8577.2  1380.897532     1.1520     2.0375
  8588.9  1380.845449    -2.8670     2.2113
  8600.5  1380.793366    -1.1580     2.3906
  8612.1  1380.741282     1.4880     2.5753
  8623.8  1380.689199    -0.7987     2.7655
  8635.4  1380.637116    -1.7500     2.9614
  8647.0  1380.585032    -1.0030     3.1628
  8658.7  1380.532949     0.1144     3.3700
  8670.3  1380.480866     3.7520     3.5830
  8681.9  1380.428782     5.2010     3.8019
  8693.6  1380.376699     4.7720     4.0266
  8705.2  1380.324616     6.5830     4.2573
  8716.9  1380.272532     5.6160     4.4940
  8728.5  1380.220449     1.7830     4.7368
  8740.2  1380.168366     1.2740     4.9858
  8751.8  1380.116282     2.3350     5.2410
  8763.4  1380.064199    -0.6070     5.5024
  8775.1  1380.012116    -0.6070     5.7702
  8786.7  1379.960032    -0.6070     6.0444
  8798.4  1379.907949    -0.6070     6.3250
  8810.0  1379.855866    -0.6070     6.6122
  8821.7  1379.803782    -0.6070     6.9060
  8833.3  1379.751699    -0.6070     7.2064
  8845.0  1379.699616    -0.6070     7.5135
  8856.6  1379.647532    -0.6070     7.8274
  8868.3  1379.595449    -0.6070     8.1481
  8879.9  1379.543366    -0.6070     8.4758
  8891.6  1379.491282    -0.6070     8.8103
  8903.2  1379.439199    -0.6070     9.1520
