#Cornell Digital HI Archive
#Springob, C. M., Haynes, M. P., Giovanelli, R. and Kent, B. R. 2005, ApJS, 160,149
#ASCII Table format
#Generated by Brian Kent  Wed Jan 17 16:37:11 2007
# 
#Telescope:      Arecibo line feed system
#Beam size:      3.3 [arcminutes]
#Object:         AGC 12447
#RA:             348.68250  (J2000) decimal degrees
#DEC:            4.5338889  (J2000) decimal degrees
#Rest Frequency: 1.4204058e+09 [Hz]
#Bandwidth:      20000 [kHz]
#Channels:       512
#Ref Code:       2005ApJS..160..149S
#Spectrum codes:  Single Hanning only;  Good quality;  (see reference)
#HI Archive at http://arecibo.tc.cornell.edu/hiarchive/
#This spectrum is not baselined.  For a baselined spectrum, subtract the provided polynomial fit.
#Table FORMAT:  (f8.1,1x,f12.6,1x,f10.4,1x,f10.4)
# 
#Column descriptions:
# 1. Heliocentric velocity [km/s]
# 2. Radio frequency [MHz]
# 3. Flux Density [mJy]
# 4. Polynomial baseline fit
# 
####################################################################
# 
   475.6  1418.155994    26.6000    27.8600
   483.9  1418.116931    28.4900    27.6191
   492.1  1418.077869    20.7500    27.3796
   500.4  1418.038806    24.1900    27.1415
   508.7  1417.999744     7.6290    26.9048
   517.0  1417.960681    31.0200    26.6696
   525.2  1417.921619    26.6000    26.4356
   533.5  1417.882556    22.6800    26.2031
   541.8  1417.843494    23.2400    25.9720
   550.1  1417.804431    28.1000    25.7422
   558.3  1417.765369    23.1200    25.5139
   566.6  1417.726306    25.9300    25.2869
   574.9  1417.687244    22.9400    25.0612
   583.2  1417.648181    27.5000    24.8369
   591.4  1417.609119    18.9500    24.6140
   599.7  1417.570056    30.4900    24.3924
   608.0  1417.530994    27.0900    24.1722
   616.3  1417.491931    33.2500    23.9533
   624.5  1417.452869    23.5000    23.7358
   632.8  1417.413806    16.1300    23.5196
   641.1  1417.374744    20.1800    23.3048
   649.4  1417.335681    22.4200    23.0912
   657.7  1417.296619    19.1400    22.8790
   665.9  1417.257556    17.9000    22.6682
   674.2  1417.218494    28.5900    22.4586
   682.5  1417.179431    26.3300    22.2503
   690.8  1417.140369    18.8600    22.0434
   699.1  1417.101306    19.4900    21.8378
   707.4  1417.062244    21.1800    21.6334
   715.6  1417.023181    16.7300    21.4304
   723.9  1416.984119    22.2500    21.2287
   732.2  1416.945056    21.1800    21.0282
   740.5  1416.905994    19.4200    20.8290
   748.8  1416.866931    23.2800    20.6312
   757.1  1416.827869    18.7200    20.4345
   765.4  1416.788806    26.5600    20.2392
   773.6  1416.749744    14.0500    20.0451
   781.9  1416.710681    16.9300    19.8523
   790.2  1416.671619    26.9200    19.6608
   798.5  1416.632556    24.2300    19.4705
   806.8  1416.593494    19.8600    19.2815
   815.1  1416.554431    27.5700    19.0937
   823.4  1416.515369    23.4300    18.9072
   831.7  1416.476306    22.5400    18.7219
   840.0  1416.437244    18.0300    18.5378
   848.2  1416.398181    22.8400    18.3550
   856.5  1416.359119    18.7800    18.1734
   864.8  1416.320056    19.7100    17.9930
   873.1  1416.280994    12.8300    17.8139
   881.4  1416.241931    14.3400    17.6359
   889.7  1416.202869    11.2300    17.4592
   898.0  1416.163806    12.1600    17.2837
   906.3  1416.124744    16.8000    17.1094
   914.6  1416.085681    18.2900    16.9363
   922.9  1416.046619    17.7900    16.7644
   931.2  1416.007556    12.6300    16.5937
   939.5  1415.968494    10.1500    16.4241
   947.8  1415.929431    10.5000    16.2558
   956.1  1415.890369    18.7900    16.0886
   964.4  1415.851306    14.2000    15.9226
   972.7  1415.812244    14.4000    15.7578
   981.0  1415.773181    16.5600    15.5942
   989.3  1415.734119    13.9500    15.4317
   997.6  1415.695056    14.6200    15.2704
  1005.9  1415.655994    18.3600    15.1102
  1014.2  1415.616931    15.1200    14.9512
  1022.5  1415.577869    16.7600    14.7933
  1030.8  1415.538806     7.1000    14.6366
  1039.1  1415.499744    14.6500    14.4810
  1047.4  1415.460681    16.9600    14.3265
  1055.7  1415.421619    13.1700    14.1732
  1064.0  1415.382556    17.0300    14.0210
  1072.3  1415.343494    12.9400    13.8699
  1080.6  1415.304431    15.4000    13.7200
  1088.9  1415.265369    11.6800    13.5712
  1097.2  1415.226306    11.6200    13.4234
  1105.5  1415.187244    13.5000    13.2768
  1113.8  1415.148181    13.9300    13.1313
  1122.1  1415.109119     9.7150    12.9869
  1130.4  1415.070056    10.7600    12.8436
  1138.7  1415.030994     9.1730    12.7014
  1147.0  1414.991931     9.1470    12.5602
  1155.3  1414.952869    12.7800    12.4202
  1163.6  1414.913806    11.1600    12.2812
  1172.0  1414.874744    17.0600    12.1433
  1180.3  1414.835681    10.5600    12.0065
  1188.6  1414.796619    15.9900    11.8707
  1196.9  1414.757556    13.8100    11.7360
  1205.2  1414.718494     3.6260    11.6024
  1213.5  1414.679431    10.1400    11.4698
  1221.8  1414.640369    13.5800    11.3382
  1230.1  1414.601306    17.0000    11.2078
  1238.4  1414.562244    12.5500    11.0783
  1246.8  1414.523181     9.8050    10.9499
  1255.1  1414.484119     7.4660    10.8225
  1263.4  1414.445056    13.2600    10.6962
  1271.7  1414.405994    11.7700    10.5709
  1280.0  1414.366931    10.1400    10.4466
  1288.3  1414.327869     7.1080    10.3233
  1296.6  1414.288806    11.0600    10.2010
  1305.0  1414.249744    11.3400    10.0798
  1313.3  1414.210681    12.9600     9.9596
  1321.6  1414.171619     9.5340     9.8403
  1329.9  1414.132556     6.4180     9.7221
  1338.2  1414.093494    13.0200     9.6048
  1346.5  1414.054431     9.6140     9.4886
  1354.9  1414.015369     6.6550     9.3733
  1363.2  1413.976306     9.4310     9.2590
  1371.5  1413.937244    12.2500     9.1457
  1379.8  1413.898181     8.5210     9.0333
  1388.1  1413.859119    10.3600     8.9220
  1396.5  1413.820056     7.7730     8.8116
  1404.8  1413.780994     7.3650     8.7021
  1413.1  1413.741931     8.4080     8.5937
  1421.4  1413.702869     9.1550     8.4861
  1429.8  1413.663806     6.7240     8.3795
  1438.1  1413.624744     3.1810     8.2739
  1446.4  1413.585681     2.8740     8.1692
  1454.7  1413.546619     8.3590     8.0655
  1463.1  1413.507556    12.9100     7.9626
  1471.4  1413.468494     2.2960     7.8607
  1479.7  1413.429431    10.4600     7.7598
  1488.0  1413.390369     8.8510     7.6597
  1496.4  1413.351306     4.7630     7.5606
  1504.7  1413.312244     2.4180     7.4624
  1513.0  1413.273181     8.5420     7.3651
  1521.3  1413.234119     8.0720     7.2687
  1529.7  1413.195056     4.9810     7.1732
  1538.0  1413.155994     9.2680     7.0786
  1546.3  1413.116931     9.7480     6.9849
  1554.7  1413.077869     6.6020     6.8920
  1563.0  1413.038806     4.0920     6.8001
  1571.3  1412.999744     5.3170     6.7091
  1579.7  1412.960681     3.7760     6.6189
  1588.0  1412.921619     8.9270     6.5296
  1596.3  1412.882556     2.4490     6.4411
  1604.7  1412.843494     4.1370     6.3536
  1613.0  1412.804431     6.8030     6.2668
  1621.3  1412.765369     2.0250     6.1810
  1629.7  1412.726306     3.7100     6.0960
  1638.0  1412.687244     3.0270     6.0118
  1646.3  1412.648181     7.7490     5.9285
  1654.7  1412.609119     5.1470     5.8461
  1663.0  1412.570056     3.1310     5.7644
  1671.3  1412.530994     7.2170     5.6836
  1679.7  1412.491931     7.7800     5.6037
  1688.0  1412.452869     2.4180     5.5245
  1696.3  1412.413806     5.2290     5.4462
  1704.7  1412.374744    11.0500     5.3687
  1713.0  1412.335681     2.5650     5.2920
  1721.4  1412.296619     2.2940     5.2161
  1729.7  1412.257556     6.8110     5.1410
  1738.0  1412.218494     3.6170     5.0667
  1746.4  1412.179431    -1.0110     4.9932
  1754.7  1412.140369     1.9600     4.9205
  1763.1  1412.101306     6.3840     4.8486
  1771.4  1412.062244     4.8630     4.7775
  1779.7  1412.023181     0.1729     4.7071
  1788.1  1411.984119     1.6140     4.6376
  1796.4  1411.945056     3.6250     4.5687
  1804.8  1411.905994     6.7900     4.5007
  1813.1  1411.866931     2.4460     4.4334
  1821.5  1411.827869     6.2320     4.3669
  1829.8  1411.788806     3.4700     4.3012
  1838.2  1411.749744     1.1940     4.2362
  1846.5  1411.710681     1.7000     4.1719
  1854.9  1411.671619     5.3010     4.1084
  1863.2  1411.632556     5.0710     4.0456
  1871.5  1411.593494     6.0460     3.9836
  1879.9  1411.554431     7.5230     3.9223
  1888.2  1411.515369     6.5920     3.8617
  1896.6  1411.476306     3.5180     3.8019
  1904.9  1411.437244     4.1430     3.7427
  1913.3  1411.398181     7.0820     3.6843
  1921.6  1411.359119     5.6470     3.6266
  1930.0  1411.320056     1.4090     3.5696
  1938.3  1411.280994     4.2360     3.5133
  1946.7  1411.241931     7.4050     3.4577
  1955.0  1411.202869     3.0810     3.4028
  1963.4  1411.163806     2.8910     3.3486
  1971.8  1411.124744    -1.5860     3.2950
  1980.1  1411.085681     3.3120     3.2422
  1988.5  1411.046619     7.5980     3.1900
  1996.8  1411.007556     2.8300     3.1385
  2005.2  1410.968494     0.1140     3.0877
  2013.5  1410.929431     2.0770     3.0375
  2021.9  1410.890369     7.7650     2.9880
  2030.2  1410.851306     3.2430     2.9392
  2038.6  1410.812244     4.3820     2.8910
  2047.0  1410.773181     8.0310     2.8435
  2055.3  1410.734119     3.1660     2.7966
  2063.7  1410.695056     5.0270     2.7504
  2072.0  1410.655994     6.7800     2.7048
  2080.4  1410.616931     3.8420     2.6598
  2088.7  1410.577869     5.1500     2.6154
  2097.1  1410.538806     1.3660     2.5717
  2105.5  1410.499744     3.9900     2.5286
  2113.8  1410.460681     3.4820     2.4862
  2122.2  1410.421619     0.1589     2.4443
  2130.6  1410.382556     0.6894     2.4030
  2138.9  1410.343494     3.9650     2.3624
  2147.3  1410.304431    -0.3683     2.3224
  2155.6  1410.265369     7.5350     2.2829
  2164.0  1410.226306     2.0930     2.2441
  2172.4  1410.187244     5.5070     2.2058
  2180.7  1410.148181     6.7640     2.1681
  2189.1  1410.109119    -1.4330     2.1310
  2197.5  1410.070056     6.8030     2.0945
  2205.8  1410.030994     6.5730     2.0586
  2214.2  1409.991931     4.1070     2.0232
  2222.6  1409.952869    -3.1350     1.9884
  2230.9  1409.913806     5.0490     1.9541
  2239.3  1409.874744     6.9040     1.9204
  2247.7  1409.835681    -1.8510     1.8873
  2256.0  1409.796619     3.0530     1.8547
  2264.4  1409.757556     7.4930     1.8227
  2272.8  1409.718494     2.1580     1.7912
  2281.1  1409.679431     2.6680     1.7602
  2289.5  1409.640369     3.0910     1.7298
  2297.9  1409.601306     5.7770     1.6999
  2306.3  1409.562244     2.4980     1.6705
  2314.6  1409.523181     2.4470     1.6416
  2323.0  1409.484119    -1.1400     1.6133
  2331.4  1409.445056    -1.8970     1.5855
  2339.8  1409.405994     3.1340     1.5581
  2348.1  1409.366931    -0.0389     1.5313
  2356.5  1409.327869     1.5200     1.5050
  2364.9  1409.288806     1.5460     1.4792
  2373.2  1409.249744     1.3290     1.4539
  2381.6  1409.210681    -0.7418     1.4290
  2390.0  1409.171619    -1.3980     1.4047
  2398.4  1409.132556     1.3120     1.3808
  2406.8  1409.093494     0.0956     1.3574
  2415.1  1409.054431     0.2502     1.3345
  2423.5  1409.015369     5.4490     1.3120
  2431.9  1408.976306     8.3300     1.2900
  2440.3  1408.937244    22.1000     1.2685
  2448.6  1408.898181    32.6100     1.2474
  2457.0  1408.859119    41.2300     1.2268
  2465.4  1408.820056    52.8200     1.2066
  2473.8  1408.780994    62.1600     1.1869
  2482.2  1408.741931    79.3800     1.1676
  2490.6  1408.702869    83.8400     1.1488
  2498.9  1408.663806    85.3800     1.1303
  2507.3  1408.624744    89.2000     1.1123
  2515.7  1408.585681    99.1800     1.0948
  2524.1  1408.546619   106.6000     1.0776
  2532.5  1408.507556   119.5000     1.0609
  2540.9  1408.468494   136.5000     1.0446
  2549.2  1408.429431   137.1000     1.0286
  2557.6  1408.390369   123.5000     1.0131
  2566.0  1408.351306   106.5000     0.9980
  2574.4  1408.312244    96.7000     0.9833
  2582.8  1408.273181    85.1000     0.9690
  2591.2  1408.234119    78.4500     0.9550
  2599.6  1408.195056    79.3400     0.9415
  2607.9  1408.155994    67.2200     0.9283
  2616.3  1408.116931    75.0400     0.9155
  2624.7  1408.077869    79.3800     0.9031
  2633.1  1408.038806    73.3300     0.8910
  2641.5  1407.999744    70.0200     0.8793
  2649.9  1407.960681    70.2700     0.8680
  2658.3  1407.921619    71.2800     0.8570
  2666.7  1407.882556    69.8600     0.8463
  2675.1  1407.843494    67.3100     0.8361
  2683.5  1407.804431    69.5300     0.8261
  2691.9  1407.765369    70.5200     0.8165
  2700.3  1407.726306    64.8900     0.8072
  2708.6  1407.687244    67.7500     0.7983
  2717.0  1407.648181    68.8700     0.7897
  2725.4  1407.609119    64.8400     0.7814
  2733.8  1407.570056    66.5500     0.7734
  2742.2  1407.530994    68.2800     0.7658
  2750.6  1407.491931    64.6100     0.7584
  2759.0  1407.452869    65.1700     0.7514
  2767.4  1407.413806    61.1000     0.7446
  2775.8  1407.374744    63.0600     0.7382
  2784.2  1407.335681    73.0400     0.7320
  2792.6  1407.296619    76.1500     0.7262
  2801.0  1407.257556    74.2100     0.7206
  2809.4  1407.218494    78.6400     0.7153
  2817.8  1407.179431    77.8700     0.7103
  2826.2  1407.140369    71.2700     0.7056
  2834.6  1407.101306    67.6800     0.7011
  2843.0  1407.062244    71.1800     0.6969
  2851.4  1407.023181    75.0500     0.6930
  2859.8  1406.984119    77.1400     0.6893
  2868.2  1406.945056    72.5800     0.6859
  2876.6  1406.905994    74.0800     0.6827
  2885.0  1406.866931    68.4300     0.6798
  2893.4  1406.827869    49.5000     0.6771
  2901.8  1406.788806    35.8900     0.6746
  2910.2  1406.749744    28.3800     0.6724
  2918.6  1406.710681    14.9000     0.6704
  2927.1  1406.671619    12.8300     0.6687
  2935.5  1406.632556     7.1630     0.6671
  2943.9  1406.593494     1.8080     0.6658
  2952.3  1406.554431     4.1200     0.6647
  2960.7  1406.515369    -5.8400     0.6638
  2969.1  1406.476306     2.0540     0.6631
  2977.5  1406.437244    -1.5320     0.6626
  2985.9  1406.398181     2.0820     0.6623
  2994.3  1406.359119    -3.5610     0.6622
  3002.7  1406.320056    -0.1052     0.6623
  3011.1  1406.280994     2.2940     0.6626
  3019.6  1406.241931     1.4570     0.6630
  3028.0  1406.202869    -2.4080     0.6636
  3036.4  1406.163806     0.6910     0.6644
  3044.8  1406.124744     0.8874     0.6654
  3053.2  1406.085681     3.9150     0.6666
  3061.6  1406.046619    -0.6869     0.6678
  3070.0  1406.007556     0.7625     0.6693
  3078.4  1405.968494     1.0890     0.6709
  3086.9  1405.929431     2.9630     0.6727
  3095.3  1405.890369     0.4034     0.6746
  3103.7  1405.851306    -0.3930     0.6766
  3112.1  1405.812244     5.2320     0.6788
  3120.5  1405.773181    -2.0830     0.6811
  3128.9  1405.734119     0.0562     0.6835
  3137.4  1405.695056    -3.2460     0.6861
  3145.8  1405.655994    -2.6670     0.6888
  3154.2  1405.616931     3.3760     0.6916
  3162.6  1405.577869     1.2720     0.6945
  3171.0  1405.538806     0.9421     0.6975
  3179.5  1405.499744     0.1969     0.7006
  3187.9  1405.460681     2.9400     0.7039
  3196.3  1405.421619     1.1010     0.7072
  3204.7  1405.382556     1.0300     0.7106
  3213.1  1405.343494     4.7080     0.7141
  3221.6  1405.304431    -3.9420     0.7177
  3230.0  1405.265369    -1.6610     0.7213
  3238.4  1405.226306    -3.2210     0.7251
  3246.8  1405.187244     1.8280     0.7289
  3255.3  1405.148181    -0.6831     0.7328
  3263.7  1405.109119    -1.6110     0.7367
  3272.1  1405.070056    -0.3986     0.7407
  3280.5  1405.030994     0.5440     0.7448
  3289.0  1404.991931     1.3650     0.7489
  3297.4  1404.952869    -2.1780     0.7530
  3305.8  1404.913806    -2.0850     0.7572
  3314.2  1404.874744     1.3780     0.7615
  3322.7  1404.835681     0.8050     0.7658
  3331.1  1404.796619    -3.1960     0.7701
  3339.5  1404.757556    -0.1269     0.7744
  3348.0  1404.718494     0.4113     0.7788
  3356.4  1404.679431    -3.6090     0.7831
  3364.8  1404.640369    -2.9740     0.7875
  3373.2  1404.601306     1.4970     0.7919
  3381.7  1404.562244    -0.2872     0.7963
  3390.1  1404.523181     2.1980     0.8008
  3398.5  1404.484119    -2.9840     0.8052
  3407.0  1404.445056    -2.2140     0.8096
  3415.4  1404.405994    -0.5417     0.8140
  3423.8  1404.366931     3.7610     0.8184
  3432.3  1404.327869     2.5050     0.8227
  3440.7  1404.288806     4.0590     0.8271
  3449.1  1404.249744    -0.0235     0.8314
  3457.6  1404.210681     2.2440     0.8357
  3466.0  1404.171619     3.8290     0.8400
  3474.5  1404.132556    -0.2323     0.8442
  3482.9  1404.093494     0.8194     0.8484
  3491.3  1404.054431    -1.5000     0.8525
  3499.8  1404.015369    -1.1960     0.8566
  3508.2  1403.976306     2.2270     0.8606
  3516.6  1403.937244    -2.8580     0.8646
  3525.1  1403.898181    -0.9559     0.8685
  3533.5  1403.859119     1.4080     0.8724
  3542.0  1403.820056     6.2310     0.8761
  3550.4  1403.780994     1.9000     0.8798
  3558.8  1403.741931     1.1140     0.8835
  3567.3  1403.702869    -0.7700     0.8870
  3575.7  1403.663806     1.0080     0.8905
  3584.2  1403.624744    -3.0410     0.8938
  3592.6  1403.585681     1.4800     0.8971
  3601.1  1403.546619     3.6520     0.9003
  3609.5  1403.507556     2.6110     0.9034
  3617.9  1403.468494    -3.4820     0.9063
  3626.4  1403.429431    -2.8010     0.9092
  3634.8  1403.390369     2.0860     0.9119
  3643.3  1403.351306     2.2300     0.9146
  3651.7  1403.312244     3.5620     0.9171
  3660.2  1403.273181     7.1740     0.9194
  3668.6  1403.234119    -2.1420     0.9217
  3677.1  1403.195056     2.3770     0.9238
  3685.5  1403.155994     1.7810     0.9258
  3694.0  1403.116931    -1.1510     0.9276
  3702.4  1403.077869     1.3760     0.9293
  3710.9  1403.038806     0.4660     0.9308
  3719.3  1402.999744     0.4322     0.9322
  3727.8  1402.960681     2.5100     0.9334
  3736.2  1402.921619    -1.5280     0.9345
  3744.7  1402.882556    -2.0030     0.9354
  3753.1  1402.843494     3.5680     0.9361
  3761.6  1402.804431     3.6760     0.9366
  3770.0  1402.765369     0.3990     0.9370
  3778.5  1402.726306     3.5150     0.9372
  3786.9  1402.687244     5.0850     0.9372
  3795.4  1402.648181     0.0028     0.9370
  3803.8  1402.609119     3.6520     0.9366
  3812.3  1402.570056     0.3953     0.9360
  3820.8  1402.530994    -1.7640     0.9352
  3829.2  1402.491931     5.3590     0.9342
  3837.7  1402.452869     1.6310     0.9330
  3846.1  1402.413806     0.2402     0.9316
  3854.6  1402.374744     1.2710     0.9299
  3863.0  1402.335681    -1.0550     0.9280
  3871.5  1402.296619     4.8870     0.9259
  3880.0  1402.257556    -1.8360     0.9236
  3888.4  1402.218494     0.9667     0.9211
  3896.9  1402.179431     2.3180     0.9183
  3905.3  1402.140369     0.8929     0.9152
  3913.8  1402.101306    -0.8836     0.9119
  3922.3  1402.062244     0.5271     0.9084
  3930.7  1402.023181     6.9690     0.9046
  3939.2  1401.984119    -1.0730     0.9005
  3947.7  1401.945056    -0.9070     0.8962
  3956.1  1401.905994     1.6100     0.8916
  3964.6  1401.866931     4.4700     0.8867
  3973.0  1401.827869     2.3200     0.8816
  3981.5  1401.788806     0.4417     0.8761
  3990.0  1401.749744    -2.0070     0.8704
  3998.4  1401.710681     0.6396     0.8644
  4006.9  1401.671619    -1.5420     0.8581
  4015.4  1401.632556    -0.1475     0.8516
  4023.8  1401.593494    -0.1698     0.8447
  4032.3  1401.554431    -0.6512     0.8375
  4040.8  1401.515369    -1.7040     0.8300
  4049.2  1401.476306     4.3050     0.8222
  4057.7  1401.437244     1.9640     0.8141
  4066.2  1401.398181     1.2110     0.8056
  4074.7  1401.359119     0.8545     0.7968
  4083.1  1401.320056     3.0710     0.7877
  4091.6  1401.280994     0.3619     0.7783
  4100.1  1401.241931    -0.2809     0.7685
  4108.5  1401.202869     2.4430     0.7584
  4117.0  1401.163806     1.5380     0.7480
  4125.5  1401.124744     1.9570     0.7372
  4134.0  1401.085681    -1.1530     0.7260
  4142.4  1401.046619     0.5693     0.7145
  4150.9  1401.007556     2.6860     0.7026
  4159.4  1400.968494     0.0057     0.6904
  4167.9  1400.929431    -1.0980     0.6778
  4176.3  1400.890369    -2.9790     0.6648
  4184.8  1400.851306     3.1750     0.6514
  4193.3  1400.812244     2.3710     0.6377
  4201.8  1400.773181     0.8344     0.6236
  4210.2  1400.734119    -1.4870     0.6091
  4218.7  1400.695056    -2.8580     0.5941
  4227.2  1400.655994    -4.6330     0.5788
  4235.7  1400.616931     3.0010     0.5631
  4244.2  1400.577869     1.8270     0.5470
  4252.6  1400.538806    -2.4580     0.5305
  4261.1  1400.499744     5.9500     0.5136
  4269.6  1400.460681     3.7240     0.4962
  4278.1  1400.421619    -0.6455     0.4784
  4286.6  1400.382556     4.3270     0.4602
  4295.0  1400.343494    -3.2540     0.4416
  4303.5  1400.304431     3.7290     0.4225
  4312.0  1400.265369    -1.6410     0.4030
  4320.5  1400.226306     0.1993     0.3831
  4329.0  1400.187244     3.3930     0.3627
  4337.5  1400.148181     2.2310     0.3419
  4345.9  1400.109119    -2.4890     0.3206
  4354.4  1400.070056     3.5910     0.2988
  4362.9  1400.030994     1.2160     0.2766
  4371.4  1399.991931    -0.5289     0.2539
  4379.9  1399.952869    -4.2070     0.2308
  4388.4  1399.913806     3.8630     0.2072
  4396.9  1399.874744     2.6860     0.1831
  4405.4  1399.835681     1.1930     0.1585
  4413.8  1399.796619     1.9820     0.1334
  4422.3  1399.757556    -0.3663     0.1078
  4430.8  1399.718494    -0.5022     0.0818
  4439.3  1399.679431     0.8054     0.0552
  4447.8  1399.640369     1.4430     0.0282
  4456.3  1399.601306    -3.9340     0.0006
  4464.8  1399.562244    -1.9900    -0.0275
  4473.3  1399.523181    -1.1380    -0.0561
  4481.8  1399.484119     0.9742    -0.0852
  4490.3  1399.445056     1.4170    -0.1148
  4498.8  1399.405994    -2.0580    -0.1450
  4507.2  1399.366931     0.4520    -0.1757
  4515.7  1399.327869     0.9972    -0.2069
  4524.2  1399.288806     3.0740    -0.2386
  4532.7  1399.249744     2.2140    -0.2709
  4541.2  1399.210681     1.1810    -0.3038
  4549.7  1399.171619    -2.9400    -0.3372
  4558.2  1399.132556    -1.4910    -0.3712
  4566.7  1399.093494    -1.2270    -0.4057
  4575.2  1399.054431    -1.2960    -0.4408
  4583.7  1399.015369    -0.1458    -0.4764
  4592.2  1398.976306    -1.5080    -0.5126
  4600.7  1398.937244    -0.2010    -0.5494
  4609.2  1398.898181    -0.4613    -0.5868
  4617.7  1398.859119     1.7010    -0.6248
  4626.2  1398.820056    -4.1130    -0.6633
  4634.7  1398.780994    -5.4540    -0.7025
  4643.2  1398.741931    -3.0790    -0.7422
  4651.7  1398.702869     3.4840    -0.7825
  4660.2  1398.663806    -3.6610    -0.8235
  4668.7  1398.624744     1.3240    -0.8650
  4677.2  1398.585681    -0.3156    -0.9072
  4685.7  1398.546619     2.5230    -0.9499
  4694.2  1398.507556    -5.2100    -0.9933
  4702.7  1398.468494     0.9743    -1.0373
  4711.2  1398.429431    -0.1866    -1.0820
  4719.8  1398.390369    -4.0960    -1.1273
  4728.3  1398.351306    -1.9310    -1.1732
  4736.8  1398.312244    -7.0250    -1.2197
  4745.3  1398.273181     1.8580    -1.2669
  4753.8  1398.234119    -4.5490    -1.3148
  4762.3  1398.195056   -71.6900    -1.3633
