#                      Published-Value                         |                      NED-Homogenized-Values                   
#      Spectral-axis           Intensity         Uncertainty   |          Spectral-axis           Intensity         Uncertainty
#             [km/s]               [mJy]               [mJy]   |                   [Hz]          [W/m^2/Hz]          [W/m^2/Hz]
              4236.4               -1.62                       |         1.40061353e+09     -1.62000000e-29                    
                4245              -1.313                       |         1.40057391e+09     -1.31300000e-29                    
              4253.6             -0.8509                       |         1.40053429e+09     -8.50900000e-30                    
              4262.2             -0.6029                       |         1.40049468e+09     -6.02900000e-30                    
              4270.9             -0.4649                       |         1.40045461e+09     -4.64900000e-30                    
              4279.5             -0.1969                       |         1.40041500e+09     -1.96900000e-30                    
              4288.1             -0.3789                       |         1.40037539e+09     -3.78900000e-30                    
              4296.7              -1.281                       |         1.40033579e+09     -1.28100000e-29                    
              4305.3              -1.937                       |         1.40029619e+09     -1.93700000e-29                    
              4313.9              -1.521                       |         1.40025659e+09     -1.52100000e-29                    
              4322.6             -0.6379                       |         1.40021653e+09     -6.37900000e-30                    
              4331.2             -0.4389                       |         1.40017693e+09     -4.38900000e-30                    
              4339.8             -0.6779                       |         1.40013734e+09     -6.77900000e-30                    
              4348.4             -0.3189                       |         1.40009775e+09     -3.18900000e-30                    
                4357              0.2051                       |         1.40005816e+09      2.05100000e-30                    
              4365.7             -0.1339                       |         1.40001812e+09     -1.33900000e-30                    
              4374.3             -0.9179                       |         1.39997853e+09     -9.17900000e-30                    
              4382.9              -1.296                       |         1.39993895e+09     -1.29600000e-29                    
              4391.5              -1.407                       |         1.39989937e+09     -1.40700000e-29                    
              4400.2              -1.936                       |         1.39985933e+09     -1.93600000e-29                    
              4408.8              -2.772                       |         1.39981976e+09     -2.77200000e-29                    
              4417.4              -2.984                       |         1.39978018e+09     -2.98400000e-29                    
                4426              -2.595                       |         1.39974061e+09     -2.59500000e-29                    
              4434.6              -2.223                       |         1.39970105e+09     -2.22300000e-29                    
              4443.3              -1.768                       |         1.39966102e+09     -1.76800000e-29                    
              4451.9              -1.238                       |         1.39962146e+09     -1.23800000e-29                    
              4460.5              -1.134                       |         1.39958189e+09     -1.13400000e-29                    
              4469.2              -1.588                       |         1.39954187e+09     -1.58800000e-29                    
              4477.8              -1.973                       |         1.39950232e+09     -1.97300000e-29                    
              4486.4              -1.669                       |         1.39946276e+09     -1.66900000e-29                    
                4495              -1.039                       |         1.39942321e+09     -1.03900000e-29                    
              4503.7             -0.9629                       |         1.39938320e+09     -9.62900000e-30                    
              4512.3              -1.319                       |         1.39934365e+09     -1.31900000e-29                    
              4520.9               -1.48                       |         1.39930411e+09     -1.48000000e-29                    
              4529.6              -1.763                       |         1.39926410e+09     -1.76300000e-29                    
              4538.2              -2.234                       |         1.39922456e+09     -2.23400000e-29                    
              4546.8              -2.285                       |         1.39918502e+09     -2.28500000e-29                    
              4555.4              -1.836                       |         1.39914548e+09     -1.83600000e-29                    
              4564.1              -1.191                       |         1.39910549e+09     -1.19100000e-29                    
              4572.7             -0.8469                       |         1.39906596e+09     -8.46900000e-30                    
              4581.3              -1.109                       |         1.39902643e+09     -1.10900000e-29                    
                4590               -1.52                       |         1.39898644e+09     -1.52000000e-29                    
              4598.6              -1.421                       |         1.39894691e+09     -1.42100000e-29                    
              4607.2              -1.008                       |         1.39890739e+09     -1.00800000e-29                    
              4615.9              -1.373                       |         1.39886741e+09     -1.37300000e-29                    
              4624.5               -2.22                       |         1.39882789e+09     -2.22000000e-29                    
              4633.2              -1.901                       |         1.39878791e+09     -1.90100000e-29                    
              4641.8             -0.7709                       |         1.39874840e+09     -7.70900000e-30                    
              4650.4              -1.952                       |         1.39870889e+09     -1.95200000e-29                    
              4659.1              -9.753                       |         1.39866892e+09     -9.75300000e-29                    
              4667.7              -19.35                       |         1.39862941e+09     -1.93500000e-28                    
              4676.3              -15.27                       |         1.39858990e+09     -1.52700000e-28                    
                4685               2.654                       |         1.39854994e+09      2.65400000e-29                    
              4693.6               11.92                       |         1.39851044e+09      1.19200000e-28                    
              4702.3               1.873                       |         1.39847048e+09      1.87300000e-29                    
              4710.9              -5.158                       |         1.39843099e+09     -5.15800000e-29                    
              4719.5               3.882                       |         1.39839149e+09      3.88200000e-29                    
              4728.2               8.545                       |         1.39835154e+09      8.54500000e-29                    
              4736.8               2.524                       |         1.39831205e+09      2.52400000e-29                    
              4745.5             -0.7599                       |         1.39827210e+09     -7.59900000e-30                    
              4754.1             -0.3639                       |         1.39823262e+09     -3.63900000e-30                    
              4762.8             -0.4759                       |         1.39819268e+09     -4.75900000e-30                    
              4771.4              -1.263                       |         1.39815320e+09     -1.26300000e-29                    
                4780              -2.281                       |         1.39811372e+09     -2.28100000e-29                    
              4788.7               -3.02                       |         1.39807378e+09     -3.02000000e-29                    
              4797.3              -3.303                       |         1.39803431e+09     -3.30300000e-29                    
                4806              -2.896                       |         1.39799438e+09     -2.89600000e-29                    
              4814.6              -1.761                       |         1.39795491e+09     -1.76100000e-29                    
              4823.3             -0.8209                       |         1.39791498e+09     -8.20900000e-30                    
              4831.9             -0.7629                       |         1.39787551e+09     -7.62900000e-30                    
              4840.6             -0.6709                       |         1.39783559e+09     -6.70900000e-30                    
              4849.2              0.2351                       |         1.39779613e+09      2.35100000e-30                    
              4857.9                   1                       |         1.39775621e+09      1.00000000e-29                    
              4866.5              0.4721                       |         1.39771676e+09      4.72100000e-30                    
              4875.2             -0.8559                       |         1.39767685e+09     -8.55900000e-30                    
              4883.8              -1.424                       |         1.39763739e+09     -1.42400000e-29                    
              4892.5             -0.8739                       |         1.39759749e+09     -8.73900000e-30                    
              4901.1             -0.3699                       |         1.39755804e+09     -3.69900000e-30                    
              4909.8             -0.5539                       |         1.39751813e+09     -5.53900000e-30                    
              4918.4             -0.9269                       |         1.39747869e+09     -9.26900000e-30                    
              4927.1              -1.069                       |         1.39743879e+09     -1.06900000e-29                    
              4935.7              -1.096                       |         1.39739935e+09     -1.09600000e-29                    
              4944.4              -1.111                       |         1.39735946e+09     -1.11100000e-29                    
                4953              -1.137                       |         1.39732003e+09     -1.13700000e-29                    
              4961.7              -1.118                       |         1.39728014e+09     -1.11800000e-29                    
              4970.3             -0.8979                       |         1.39724071e+09     -8.97900000e-30                    
                4979             -0.7799                       |         1.39720082e+09     -7.79900000e-30                    
              4987.7              -1.004                       |         1.39716094e+09     -1.00400000e-29                    
              4996.3             -0.7469                       |         1.39712151e+09     -7.46900000e-30                    
                5005              0.2161                       |         1.39708164e+09      2.16100000e-30                    
              5013.6              0.5331                       |         1.39704222e+09      5.33100000e-30                    
              5022.3              0.3051                       |         1.39700234e+09      3.05100000e-30                    
              5030.9               1.057                       |         1.39696293e+09      1.05700000e-29                    
              5039.6               2.503                       |         1.39692306e+09      2.50300000e-29                    
              5048.3                3.17                       |         1.39688319e+09      3.17000000e-29                    
              5056.9               2.367                       |         1.39684379e+09      2.36700000e-29                    
              5065.6               1.106                       |         1.39680392e+09      1.10600000e-29                    
              5074.2              0.7751                       |         1.39676452e+09      7.75100000e-30                    
              5082.9              0.8491                       |         1.39672466e+09      8.49100000e-30                    
              5091.6              0.9101                       |         1.39668481e+09      9.10100000e-30                    
              5100.2               1.658                       |         1.39664541e+09      1.65800000e-29                    
              5108.9                2.39                       |         1.39660556e+09      2.39000000e-29                    
              5117.6               2.171                       |         1.39656571e+09      2.17100000e-29                    
              5126.2               1.898                       |         1.39652632e+09      1.89800000e-29                    
              5134.9               1.963                       |         1.39648647e+09      1.96300000e-29                    
              5143.6               1.636                       |         1.39644663e+09      1.63600000e-29                    
              5152.2               1.217                       |         1.39640725e+09      1.21700000e-29                    
              5160.9               1.081                       |         1.39636741e+09      1.08100000e-29                    
              5169.5               1.096                       |         1.39632803e+09      1.09600000e-29                    
              5178.2               1.489                       |         1.39628820e+09      1.48900000e-29                    
              5186.9                 1.8                       |         1.39624837e+09      1.80000000e-29                    
              5195.6               1.435                       |         1.39620854e+09      1.43500000e-29                    
              5204.2              0.9731                       |         1.39616917e+09      9.73100000e-30                    
              5212.9               1.022                       |         1.39612935e+09      1.02200000e-29                    
              5221.6               1.311                       |         1.39608952e+09      1.31100000e-29                    
              5230.2                1.18                       |         1.39605016e+09      1.18000000e-29                    
              5238.9              0.6791                       |         1.39601034e+09      6.79100000e-30                    
              5247.6              0.4691                       |         1.39597053e+09      4.69100000e-30                    
              5256.2              0.7361                       |         1.39593117e+09      7.36100000e-30                    
              5264.9               1.394                       |         1.39589136e+09      1.39400000e-29                    
              5273.6               2.079                       |         1.39585155e+09      2.07900000e-29                    
              5282.3               2.038                       |         1.39581175e+09      2.03800000e-29                    
              5290.9               1.204                       |         1.39577240e+09      1.20400000e-29                    
              5299.6              0.7211                       |         1.39573260e+09      7.21100000e-30                    
              5308.3               1.463                       |         1.39569280e+09      1.46300000e-29                    
                5317               2.295                       |         1.39565300e+09      2.29500000e-29                    
              5325.6               2.186                       |         1.39561366e+09      2.18600000e-29                    
              5334.3                2.09                       |         1.39557387e+09      2.09000000e-29                    
                5343               2.621                       |         1.39553408e+09      2.62100000e-29                    
              5351.7               3.236                       |         1.39549429e+09      3.23600000e-29                    
              5360.3               3.519                       |         1.39545496e+09      3.51900000e-29                    
                5369               3.455                       |         1.39541518e+09      3.45500000e-29                    
              5377.7               3.438                       |         1.39537540e+09      3.43800000e-29                    
              5386.4               3.574                       |         1.39533562e+09      3.57400000e-29                    
              5395.1               3.265                       |         1.39529584e+09      3.26500000e-29                    
              5403.7               2.702                       |         1.39525653e+09      2.70200000e-29                    
              5412.4                2.25                       |         1.39521675e+09      2.25000000e-29                    
              5421.1               1.229                       |         1.39517698e+09      1.22900000e-29                    
              5429.8              0.2591                       |         1.39513722e+09      2.59100000e-30                    
              5438.5              0.6551                       |         1.39509745e+09      6.55100000e-30                    
              5447.1               1.368                       |         1.39505814e+09      1.36800000e-29                    
              5455.8              0.8201                       |         1.39501838e+09      8.20100000e-30                    
              5464.5             -0.2899                       |         1.39497862e+09     -2.89900000e-30                    
              5473.2             -0.5649                       |         1.39493887e+09     -5.64900000e-30                    
              5481.9             -0.2139                       |         1.39489911e+09     -2.13900000e-30                    
              5490.6              -0.029                       |         1.39485936e+09     -2.90000000e-31                    
              5499.2             -0.0059                       |         1.39482007e+09     -5.90000000e-32                    
              5507.9             -0.0649                       |         1.39478032e+09     -6.49000000e-31                    
              5516.6             -0.4009                       |         1.39474058e+09     -4.00900000e-30                    
              5525.3             -0.9109                       |         1.39470083e+09     -9.10900000e-30                    
                5534               -1.14                       |         1.39466109e+09     -1.14000000e-29                    
              5542.7             -0.7669                       |         1.39462135e+09     -7.66900000e-30                    
              5551.4             -0.1069                       |         1.39458162e+09     -1.06900000e-30                    
              5560.1              0.1181                       |         1.39454188e+09      1.18100000e-30                    
              5568.7             -0.2539                       |         1.39450261e+09     -2.53900000e-30                    
              5577.4             -0.5899                       |         1.39446288e+09     -5.89900000e-30                    
              5586.1             -0.4949                       |         1.39442315e+09     -4.94900000e-30                    
              5594.8             -0.4779                       |         1.39438343e+09     -4.77900000e-30                    
              5603.5             -0.8719                       |         1.39434370e+09     -8.71900000e-30                    
              5612.2               -1.21                       |         1.39430398e+09     -1.21000000e-29                    
              5620.9              -1.215                       |         1.39426427e+09     -1.21500000e-29                    
              5629.6               -1.19                       |         1.39422455e+09     -1.19000000e-29                    
              5638.3              -1.344                       |         1.39418484e+09     -1.34400000e-29                    
                5647              -1.229                       |         1.39414512e+09     -1.22900000e-29                    
              5655.7             -0.6229                       |         1.39410542e+09     -6.22900000e-30                    
              5664.4             -0.1419                       |         1.39406571e+09     -1.41900000e-30                    
              5673.1              0.1931                       |         1.39402600e+09      1.93100000e-30                    
              5681.7              0.8151                       |         1.39398676e+09      8.15100000e-30                    
              5690.4               1.297                       |         1.39394706e+09      1.29700000e-29                    
              5699.1               1.268                       |         1.39390736e+09      1.26800000e-29                    
              5707.8              0.8551                       |         1.39386766e+09      8.55100000e-30                    
              5716.5              0.2021                       |         1.39382797e+09      2.02100000e-30                    
              5725.2             -0.2219                       |         1.39378828e+09     -2.21900000e-30                    
              5733.9             -0.2449                       |         1.39374859e+09     -2.44900000e-30                    
              5742.6             -0.0209                       |         1.39370891e+09     -2.09000000e-31                    
              5751.3              0.5401                       |         1.39366922e+09      5.40100000e-30                    
                5760               1.095                       |         1.39362954e+09      1.09500000e-29                    
              5768.7               1.301                       |         1.39358986e+09      1.30100000e-29                    
              5777.4               1.289                       |         1.39355018e+09      1.28900000e-29                    
              5786.1              0.9711                       |         1.39351051e+09      9.71100000e-30                    
              5794.8              0.1471                       |         1.39347083e+09      1.47100000e-30                    
              5803.5             -0.9379                       |         1.39343116e+09     -9.37900000e-30                    
              5812.2              -1.406                       |         1.39339149e+09     -1.40600000e-29                    
              5820.9             -0.7709                       |         1.39335183e+09     -7.70900000e-30                    
              5829.6              0.2171                       |         1.39331216e+09      2.17100000e-30                    
              5838.4              0.8271                       |         1.39327205e+09      8.27100000e-30                    
              5847.1               1.195                       |         1.39323239e+09      1.19500000e-29                    
              5855.8               1.509                       |         1.39319273e+09      1.50900000e-29                    
              5864.5               1.541                       |         1.39315308e+09      1.54100000e-29                    
              5873.2               1.034                       |         1.39311342e+09      1.03400000e-29                    
              5881.9              0.3761                       |         1.39307377e+09      3.76100000e-30                    
              5890.6              0.4791                       |         1.39303412e+09      4.79100000e-30                    
              5899.3               1.206                       |         1.39299448e+09      1.20600000e-29                    
                5908               1.412                       |         1.39295484e+09      1.41200000e-29                    
              5916.7               1.082                       |         1.39291519e+09      1.08200000e-29                    
              5925.4              0.7391                       |         1.39287556e+09      7.39100000e-30                    
              5934.1              0.0621                       |         1.39283592e+09      6.21000000e-31                    
              5942.8             -0.6809                       |         1.39279628e+09     -6.80900000e-30                    
              5951.6             -0.6279                       |         1.39275620e+09     -6.27900000e-30                    
              5960.3              0.0041                       |         1.39271657e+09      4.10000000e-32                    
                5969              0.5061                       |         1.39267694e+09      5.06100000e-30                    
              5977.7              0.8521                       |         1.39263731e+09      8.52100000e-30                    
              5986.4                1.22                       |         1.39259769e+09      1.22000000e-29                    
              5995.1               1.291                       |         1.39255807e+09      1.29100000e-29                    
              6003.8              0.9441                       |         1.39251845e+09      9.44100000e-30                    
              6012.5              0.8421                       |         1.39247883e+09      8.42100000e-30                    
              6021.3              0.9231                       |         1.39243876e+09      9.23100000e-30                    
                6030              0.2991                       |         1.39239915e+09      2.99100000e-30                    
              6038.7             -0.4409                       |         1.39235954e+09     -4.40900000e-30                    
              6047.4             -0.2619                       |         1.39231993e+09     -2.61900000e-30                    
              6056.1              0.1791                       |         1.39228033e+09      1.79100000e-30                    
              6064.8              0.1371                       |         1.39224073e+09      1.37100000e-30                    
              6073.6             -0.2449                       |         1.39220067e+09     -2.44900000e-30                    
              6082.3             -0.5389                       |         1.39216107e+09     -5.38900000e-30                    
                6091             -0.3499                       |         1.39212148e+09     -3.49900000e-30                    
              6099.7              0.0181                       |         1.39208188e+09      1.81000000e-31                    
              6108.4              0.1821                       |         1.39204229e+09      1.82100000e-30                    
              6117.2              0.6231                       |         1.39200225e+09      6.23100000e-30                    
              6125.9               1.522                       |         1.39196266e+09      1.52200000e-29                    
              6134.6               1.581                       |         1.39192307e+09      1.58100000e-29                    
              6143.3              0.1571                       |         1.39188349e+09      1.57100000e-30                    
                6152             -0.8209                       |         1.39184391e+09     -8.20900000e-30                    
              6160.8             -0.2059                       |         1.39180388e+09     -2.05900000e-30                    
              6169.5              0.5231                       |         1.39176430e+09      5.23100000e-30                    
              6178.2              0.4211                       |         1.39172473e+09      4.21100000e-30                    
              6186.9               0.095                       |         1.39168516e+09      9.50000000e-31                    
              6195.7              0.0051                       |         1.39164513e+09      5.10000000e-32                    
              6204.4              0.0541                       |         1.39160557e+09      5.41000000e-31                    
              6213.1               -0.09                       |         1.39156600e+09     -9.00000000e-31                    
              6221.8             -0.4729                       |         1.39152644e+09     -4.72900000e-30                    
              6230.6             -0.4429                       |         1.39148643e+09     -4.42900000e-30                    
              6239.3              0.2421                       |         1.39144687e+09      2.42100000e-30                    
                6248              0.7831                       |         1.39140731e+09      7.83100000e-30                    
              6256.8              0.5511                       |         1.39136730e+09      5.51100000e-30                    
              6265.5             -0.0169                       |         1.39132775e+09     -1.69000000e-31                    
              6274.2              0.1731                       |         1.39128820e+09      1.73100000e-30                    
              6282.9               1.259                       |         1.39124866e+09      1.25900000e-29                    
              6291.7               1.941                       |         1.39120866e+09      1.94100000e-29                    
              6300.4               1.581                       |         1.39116912e+09      1.58100000e-29                    
              6309.1               1.041                       |         1.39112958e+09      1.04100000e-29                    
              6317.9              0.8711                       |         1.39108959e+09      8.71100000e-30                    
              6326.6              0.7151                       |         1.39105005e+09      7.15100000e-30                    
              6335.3              0.6001                       |         1.39101052e+09      6.00100000e-30                    
              6344.1              0.7931                       |         1.39097053e+09      7.93100000e-30                    
              6352.8               1.003                       |         1.39093100e+09      1.00300000e-29                    
              6361.5               1.082                       |         1.39089148e+09      1.08200000e-29                    
              6370.3              0.9891                       |         1.39085150e+09      9.89100000e-30                    
                6379              0.4281                       |         1.39081198e+09      4.28100000e-30                    
              6387.7             -0.3209                       |         1.39077246e+09     -3.20900000e-30                    
              6396.5             -0.7369                       |         1.39073249e+09     -7.36900000e-30                    
              6405.2              -1.241                       |         1.39069297e+09     -1.24100000e-29                    
                6414               -2.11                       |         1.39065301e+09     -2.11000000e-29                    
