#Cornell Digital HI Archive
#Springob, C. M., Haynes, M. P., Giovanelli, R. and Kent, B. R. 2005, ApJS, 160,149
#ASCII Table format
#Generated by Brian Kent  Wed Jan 17 16:36:37 2007
# 
#Telescope:      Arecibo line feed system
#Beam size:      3.3 [arcminutes]
#Object:         AGC 11135
#RA:             272.61333  (J2000) decimal degrees
#DEC:            31.003333  (J2000) decimal degrees
#Rest Frequency: 1.4204058e+09 [Hz]
#Bandwidth:      20000 [kHz]
#Channels:       512
#Ref Code:       2005ApJS..160..149S
#Spectrum codes:  Single Hanning only;  Good quality;  (see reference)
#HI Archive at http://arecibo.tc.cornell.edu/hiarchive/
#This spectrum is not baselined.  For a baselined spectrum, subtract the provided polynomial fit.
#Table FORMAT:  (f8.1,1x,f12.6,1x,f10.4,1x,f10.4)
# 
#Column descriptions:
# 1. Heliocentric velocity [km/s]
# 2. Radio frequency [MHz]
# 3. Flux Density [mJy]
# 4. Polynomial baseline fit
# 
####################################################################
# 
  6102.7  1392.068280    -7.4980     0.0274
  6111.3  1392.029217     5.9760     0.0062
  6119.9  1391.990155     0.3200    -0.0142
  6128.5  1391.951092    -2.0340    -0.0340
  6137.0  1391.912030    -2.8790    -0.0532
  6145.6  1391.872967    -0.7701    -0.0718
  6154.2  1391.833905    -1.4170    -0.0897
  6162.8  1391.794842    -0.7240    -0.1070
  6171.4  1391.755780    -2.4370    -0.1237
  6180.0  1391.716717     2.5510    -0.1399
  6188.6  1391.677655    -3.3010    -0.1554
  6197.1  1391.638592    -1.7540    -0.1705
  6205.7  1391.599530    -4.9100    -0.1849
  6214.3  1391.560467     0.0809    -0.1988
  6222.9  1391.521405    -2.2970    -0.2122
  6231.5  1391.482342     3.7870    -0.2251
  6240.1  1391.443280     0.7935    -0.2374
  6248.7  1391.404217    -1.6610    -0.2493
  6257.3  1391.365155     0.8072    -0.2607
  6265.9  1391.326092     1.7550    -0.2716
  6274.5  1391.287030    -1.2660    -0.2820
  6283.1  1391.247967     0.9966    -0.2920
  6291.7  1391.208905    -0.0575    -0.3015
  6300.3  1391.169842    -4.0580    -0.3106
  6308.8  1391.130780    -1.4800    -0.3192
  6317.4  1391.091717    -3.0080    -0.3275
  6326.0  1391.052655    -0.7403    -0.3353
  6334.6  1391.013592     0.9313    -0.3427
  6343.2  1390.974530     0.0354    -0.3498
  6351.8  1390.935467     0.3381    -0.3565
  6360.4  1390.896405     4.0420    -0.3627
  6369.0  1390.857342    -1.4330    -0.3687
  6377.6  1390.818280     0.1905    -0.3742
  6386.2  1390.779217     2.3460    -0.3795
  6394.8  1390.740155    -2.8400    -0.3844
  6403.4  1390.701092     0.6337    -0.3889
  6412.0  1390.662030     0.1758    -0.3932
  6420.6  1390.622967     0.2638    -0.3971
  6429.2  1390.583905    -2.5780    -0.4007
  6437.8  1390.544842    -0.3849    -0.4041
  6446.4  1390.505780    -1.8750    -0.4071
  6455.0  1390.466717     1.1030    -0.4099
  6463.6  1390.427655    -1.8150    -0.4124
  6472.2  1390.388592    -3.3540    -0.4146
  6480.8  1390.349530    -0.2319    -0.4166
  6489.5  1390.310467    -1.1280    -0.4183
  6498.1  1390.271405    -1.0460    -0.4198
  6506.7  1390.232342    -0.1551    -0.4211
  6515.3  1390.193280     0.9645    -0.4221
  6523.9  1390.154217     0.4886    -0.4230
  6532.5  1390.115155    -4.1860    -0.4236
  6541.1  1390.076092    -0.2721    -0.4240
  6549.7  1390.037030     0.1766    -0.4242
  6558.3  1389.997967    -1.9990    -0.4242
  6566.9  1389.958905    -1.5850    -0.4241
  6575.5  1389.919842    -1.8700    -0.4237
  6584.1  1389.880780    -0.2219    -0.4232
  6592.8  1389.841717    -2.2240    -0.4225
  6601.4  1389.802655     3.1170    -0.4217
  6610.0  1389.763592    -0.3067    -0.4207
  6618.6  1389.724530    -2.4710    -0.4196
  6627.2  1389.685467     1.0710    -0.4184
  6635.8  1389.646405    -2.2860    -0.4170
  6644.4  1389.607342    -0.4036    -0.4155
  6653.0  1389.568280    -5.8800    -0.4139
  6661.7  1389.529217     0.7704    -0.4121
  6670.3  1389.490155     2.3170    -0.4103
  6678.9  1389.451092     1.1710    -0.4083
  6687.5  1389.412030    -3.6590    -0.4063
  6696.1  1389.372967    -5.8670    -0.4041
  6704.7  1389.333905    -1.5040    -0.4019
  6713.4  1389.294842    -2.6680    -0.3996
  6722.0  1389.255780     1.9690    -0.3973
  6730.6  1389.216717     1.9450    -0.3948
  6739.2  1389.177655    -1.4190    -0.3923
  6747.8  1389.138592     0.7630    -0.3897
  6756.5  1389.099530     2.6180    -0.3871
  6765.1  1389.060467    -1.3730    -0.3845
  6773.7  1389.021405     1.8840    -0.3818
  6782.3  1388.982342     2.3150    -0.3790
  6790.9  1388.943280     2.9120    -0.3762
  6799.6  1388.904217    -3.8850    -0.3734
  6808.2  1388.865155     2.5210    -0.3706
  6816.8  1388.826092     1.3930    -0.3677
  6825.4  1388.787030    -1.3610    -0.3648
  6834.1  1388.747967     0.4215    -0.3620
  6842.7  1388.708905    -1.6440    -0.3591
  6851.3  1388.669842    -2.9000    -0.3562
  6859.9  1388.630780     1.8640    -0.3533
  6868.6  1388.591717    -1.3690    -0.3504
  6877.2  1388.552655     0.7056    -0.3475
  6885.8  1388.513592     0.6375    -0.3446
  6894.4  1388.474530     1.4870    -0.3418
  6903.1  1388.435467     0.7495    -0.3389
  6911.7  1388.396405     0.5198    -0.3361
  6920.3  1388.357342     2.7420    -0.3334
  6929.0  1388.318280     2.1670    -0.3306
  6937.6  1388.279217     0.1261    -0.3279
  6946.2  1388.240155    -3.7220    -0.3252
  6954.8  1388.201092    -3.9250    -0.3226
  6963.5  1388.162030     0.9278    -0.3200
  6972.1  1388.122967    -0.2655    -0.3174
  6980.7  1388.083905    -1.7540    -0.3149
  6989.4  1388.044842    -0.7046    -0.3125
  6998.0  1388.005780     2.9650    -0.3101
  7006.6  1387.966717     0.1164    -0.3078
  7015.3  1387.927655    -1.8020    -0.3055
  7023.9  1387.888592     0.0252    -0.3033
  7032.6  1387.849530     2.2010    -0.3012
  7041.2  1387.810467     4.6310    -0.2991
  7049.8  1387.771405    -0.1215    -0.2971
  7058.5  1387.732342    -1.9170    -0.2952
  7067.1  1387.693280    -1.7790    -0.2934
  7075.7  1387.654217    -0.1791    -0.2916
  7084.4  1387.615155    -2.6420    -0.2900
  7093.0  1387.576092     1.6860    -0.2884
  7101.7  1387.537030    -3.8290    -0.2869
  7110.3  1387.497967    -0.1840    -0.2855
  7118.9  1387.458905     2.4530    -0.2841
  7127.6  1387.419842    -0.4531    -0.2829
  7136.2  1387.380780     2.0970    -0.2818
  7144.9  1387.341717    -2.8480    -0.2808
  7153.5  1387.302655     2.3970    -0.2798
  7162.1  1387.263592     0.1226    -0.2790
  7170.8  1387.224530    -3.1050    -0.2783
  7179.4  1387.185467    -4.0360    -0.2777
  7188.1  1387.146405     2.6860    -0.2771
  7196.7  1387.107342    -0.4864    -0.2767
  7205.4  1387.068280    -0.5833    -0.2764
  7214.0  1387.029217    -3.3620    -0.2762
  7222.7  1386.990155    -0.6692    -0.2762
  7231.3  1386.951092     3.6910    -0.2762
  7240.0  1386.912030    -3.7030    -0.2764
  7248.6  1386.872967     2.9950    -0.2766
  7257.3  1386.833905    -1.0430    -0.2770
  7265.9  1386.794842    -0.7489    -0.2775
  7274.5  1386.755780     0.9570    -0.2781
  7283.2  1386.716717     0.1475    -0.2789
  7291.8  1386.677655    -2.2360    -0.2798
  7300.5  1386.638592    -2.3900    -0.2807
  7309.2  1386.599530     1.4340    -0.2818
  7317.8  1386.560467     1.8660    -0.2831
  7326.5  1386.521405    -0.0916    -0.2844
  7335.1  1386.482342    -1.8700    -0.2859
  7343.8  1386.443280    -0.7113    -0.2875
  7352.4  1386.404217     2.0370    -0.2893
  7361.1  1386.365155     1.9090    -0.2912
  7369.7  1386.326092     2.1650    -0.2931
  7378.4  1386.287030     0.5304    -0.2953
  7387.0  1386.247967    -1.3090    -0.2975
  7395.7  1386.208905    -0.5542    -0.2999
  7404.3  1386.169842    -5.0740    -0.3024
  7413.0  1386.130780    -1.8850    -0.3051
  7421.7  1386.091717    -0.8430    -0.3078
  7430.3  1386.052655    -0.2309    -0.3107
  7439.0  1386.013592     0.3622    -0.3138
  7447.6  1385.974530     2.3780    -0.3169
  7456.3  1385.935467     0.9836    -0.3202
  7465.0  1385.896405     4.0000    -0.3237
  7473.6  1385.857342    -2.0360    -0.3272
  7482.3  1385.818280    -1.1680    -0.3309
  7490.9  1385.779217     2.4310    -0.3347
  7499.6  1385.740155    -2.3010    -0.3387
  7508.3  1385.701092    -1.3380    -0.3428
  7516.9  1385.662030    -1.6580    -0.3470
  7525.6  1385.622967    -4.7850    -0.3513
  7534.3  1385.583905     0.2035    -0.3558
  7542.9  1385.544842    -1.1820    -0.3604
  7551.6  1385.505780    -0.5373    -0.3651
  7560.2  1385.466717    -0.7726    -0.3700
  7568.9  1385.427655     2.3780    -0.3750
  7577.6  1385.388592     0.2242    -0.3801
  7586.2  1385.349530    -2.3690    -0.3853
  7594.9  1385.310467     1.1780    -0.3907
  7603.6  1385.271405    -3.0430    -0.3962
  7612.3  1385.232342     2.8670    -0.4018
  7620.9  1385.193280    -0.0121    -0.4076
  7629.6  1385.154217    -1.3250    -0.4134
  7638.3  1385.115155     2.4860    -0.4194
  7646.9  1385.076092    -3.7900    -0.4255
  7655.6  1385.037030    -0.4518    -0.4318
  7664.3  1384.997967    -1.8070    -0.4381
  7672.9  1384.958905     1.3620    -0.4446
  7681.6  1384.919842    -2.8950    -0.4512
  7690.3  1384.880780    -3.2760    -0.4579
  7699.0  1384.841717    -0.7259    -0.4648
  7707.6  1384.802655    -1.3910    -0.4717
  7716.3  1384.763592    -1.7570    -0.4788
  7725.0  1384.724530     1.2430    -0.4860
  7733.7  1384.685467    -1.2790    -0.4933
  7742.3  1384.646405     0.2592    -0.5007
  7751.0  1384.607342    -2.8110    -0.5082
  7759.7  1384.568280    -0.1693    -0.5158
  7768.4  1384.529217    -0.0037    -0.5236
  7777.0  1384.490155    -4.9700    -0.5314
  7785.7  1384.451092    -2.2380    -0.5394
  7794.4  1384.412030    -0.0018    -0.5474
  7803.1  1384.372967    -2.9770    -0.5556
  7811.8  1384.333905    -0.4419    -0.5639
  7820.4  1384.294842    -3.5380    -0.5722
  7829.1  1384.255780    -2.6300    -0.5807
  7837.8  1384.216717    -0.1075    -0.5893
  7846.5  1384.177655     0.8346    -0.5979
  7855.2  1384.138592    -0.6607    -0.6067
  7863.8  1384.099530    -0.6206    -0.6156
  7872.5  1384.060467     0.0373    -0.6245
  7881.2  1384.021405     2.1220    -0.6335
  7889.9  1383.982342    -0.5763    -0.6427
  7898.6  1383.943280    -0.9364    -0.6519
  7907.3  1383.904217     0.1199    -0.6612
  7916.0  1383.865155     0.7880    -0.6706
  7924.6  1383.826092     0.3896    -0.6801
  7933.3  1383.787030     1.1720    -0.6896
  7942.0  1383.747967    -0.9325    -0.6992
  7950.7  1383.708905    -1.4330    -0.7090
  7959.4  1383.669842    -1.7260    -0.7188
  7968.1  1383.630780    -3.2570    -0.7286
  7976.8  1383.591717     0.5160    -0.7386
  7985.5  1383.552655    -0.8730    -0.7486
  7994.1  1383.513592     1.6310    -0.7587
  8002.8  1383.474530     0.7058    -0.7688
  8011.5  1383.435467    -1.8540    -0.7790
  8020.2  1383.396405     1.2160    -0.7893
  8028.9  1383.357342     1.0300    -0.7997
  8037.6  1383.318280    -5.7880    -0.8101
  8046.3  1383.279217    -1.8380    -0.8205
  8055.0  1383.240155    -1.5100    -0.8311
  8063.7  1383.201092    -2.7740    -0.8416
  8072.4  1383.162030    -1.1170    -0.8523
  8081.1  1383.122967    -0.0784    -0.8630
  8089.8  1383.083905     0.0147    -0.8737
  8098.5  1383.044842    -0.5603    -0.8845
  8107.2  1383.005780     0.4116    -0.8953
  8115.9  1382.966717    -1.4010    -0.9062
  8124.6  1382.927655    -4.0590    -0.9171
  8133.2  1382.888592     2.2990    -0.9281
  8141.9  1382.849530     1.3130    -0.9391
  8150.6  1382.810467    -4.1110    -0.9501
  8159.3  1382.771405    -0.3214    -0.9612
  8168.0  1382.732342     2.4300    -0.9723
  8176.7  1382.693280    -0.3958    -0.9834
  8185.4  1382.654217    -2.9790    -0.9946
  8194.1  1382.615155     0.8910    -1.0057
  8202.8  1382.576092     2.5840    -1.0170
  8211.6  1382.537030     1.2980    -1.0282
  8220.3  1382.497967    -0.5541    -1.0395
  8229.0  1382.458905     0.6833    -1.0507
  8237.7  1382.419842    -1.4110    -1.0620
  8246.4  1382.380780    -3.4060    -1.0733
  8255.1  1382.341717     3.4660    -1.0847
  8263.8  1382.302655     3.0600    -1.0960
  8272.5  1382.263592     1.3950    -1.1073
  8281.2  1382.224530    13.5500    -1.1187
  8289.9  1382.185467    17.8300    -1.1300
  8298.6  1382.146405    18.9500    -1.1414
  8307.3  1382.107342    26.0400    -1.1527
  8316.0  1382.068280    22.7300    -1.1641
  8324.7  1382.029217    26.5200    -1.1754
  8333.4  1381.990155    22.0300    -1.1868
  8342.1  1381.951092    23.0200    -1.1981
  8350.9  1381.912030    17.2700    -1.2095
  8359.6  1381.872967    18.9400    -1.2208
  8368.3  1381.833905    17.5700    -1.2321
  8377.0  1381.794842    18.5900    -1.2434
  8385.7  1381.755780    18.7600    -1.2547
  8394.4  1381.716717    17.5900    -1.2659
  8403.1  1381.677655    16.8600    -1.2771
  8411.8  1381.638592    17.6000    -1.2884
  8420.5  1381.599530    15.8100    -1.2995
  8429.3  1381.560467    17.4600    -1.3107
  8438.0  1381.521405    16.4400    -1.3218
  8446.7  1381.482342    15.3500    -1.3329
  8455.4  1381.443280    21.2700    -1.3440
  8464.1  1381.404217    21.9000    -1.3550
  8472.8  1381.365155    20.9600    -1.3660
  8481.6  1381.326092    18.9300    -1.3770
  8490.3  1381.287030    21.9100    -1.3879
  8499.0  1381.247967    22.5800    -1.3987
  8507.7  1381.208905    12.1800    -1.4096
  8516.4  1381.169842     9.7970    -1.4203
  8525.2  1381.130780     1.2530    -1.4311
  8533.9  1381.091717     4.7490    -1.4417
  8542.6  1381.052655    -1.0820    -1.4524
  8551.3  1381.013592     0.4636    -1.4629
  8560.0  1380.974530    -0.5310    -1.4734
  8568.8  1380.935467    -1.3540    -1.4839
  8577.5  1380.896405    -4.3310    -1.4943
  8586.2  1380.857342     1.1820    -1.5046
  8594.9  1380.818280     0.2711    -1.5149
  8603.7  1380.779217     0.3693    -1.5251
  8612.4  1380.740155    -3.8580    -1.5353
  8621.1  1380.701092     2.4590    -1.5453
  8629.8  1380.662030     4.2750    -1.5553
  8638.6  1380.622967    -0.6549    -1.5653
  8647.3  1380.583905     1.5820    -1.5751
  8656.0  1380.544842     0.6580    -1.5849
  8664.7  1380.505780     0.3459    -1.5946
  8673.5  1380.466717    -2.0030    -1.6043
  8682.2  1380.427655    -2.4710    -1.6138
  8690.9  1380.388592    -0.3403    -1.6233
  8699.7  1380.349530    -0.3358    -1.6327
  8708.4  1380.310467     1.6060    -1.6419
  8717.1  1380.271405     2.1920    -1.6512
  8725.8  1380.232342    -1.8170    -1.6603
  8734.6  1380.193280    -2.8580    -1.6693
  8743.3  1380.154217     1.3230    -1.6783
  8752.0  1380.115155    -4.5110    -1.6871
  8760.8  1380.076092    -4.3670    -1.6959
  8769.5  1380.037030    -1.2430    -1.7045
  8778.2  1379.997967    -0.5787    -1.7131
  8787.0  1379.958905    -2.1300    -1.7216
  8795.7  1379.919842    -0.2791    -1.7299
  8804.5  1379.880780    -2.5340    -1.7382
  8813.2  1379.841717    -6.2100    -1.7464
  8821.9  1379.802655    -0.7759    -1.7544
  8830.7  1379.763592    -0.4551    -1.7624
  8839.4  1379.724530     0.0638    -1.7703
  8848.1  1379.685467    -1.0400    -1.7780
  8856.9  1379.646405    -2.4950    -1.7856
  8865.6  1379.607342    -3.2130    -1.7932
  8874.4  1379.568280    -2.8910    -1.8006
  8883.1  1379.529217    -2.4040    -1.8079
  8891.8  1379.490155     0.6289    -1.8151
  8900.6  1379.451092    -0.6610    -1.8222
  8909.3  1379.412030    -2.9410    -1.8292
  8918.1  1379.372967    -4.9830    -1.8360
  8926.8  1379.333905    -3.5930    -1.8428
  8935.5  1379.294842    -1.0750    -1.8494
  8944.3  1379.255780     1.1720    -1.8559
  8953.0  1379.216717     1.3930    -1.8623
  8961.8  1379.177655    -2.1990    -1.8685
  8970.5  1379.138592    -1.6310    -1.8747
  8979.3  1379.099530    -3.4650    -1.8807
  8988.0  1379.060467    -1.8950    -1.8866
  8996.8  1379.021405    -0.5469    -1.8924
  9005.5  1378.982342    -4.5300    -1.8981
  9014.3  1378.943280    -2.8940    -1.9036
  9023.0  1378.904217     0.0049    -1.9090
  9031.8  1378.865155    -5.3900    -1.9143
  9040.5  1378.826092    -2.0710    -1.9195
  9049.3  1378.787030    -3.8690    -1.9245
  9058.0  1378.747967    -0.9766    -1.9294
  9066.8  1378.708905    -1.4140    -1.9342
  9075.5  1378.669842    -2.7150    -1.9389
  9084.3  1378.630780    -1.2820    -1.9434
  9093.0  1378.591717    -5.9250    -1.9478
  9101.8  1378.552655    -1.8200    -1.9521
  9110.5  1378.513592    -0.7381    -1.9562
  9119.3  1378.474530    -0.8238    -1.9603
  9128.0  1378.435467     1.5520    -1.9642
  9136.8  1378.396405    -2.4030    -1.9679
  9145.5  1378.357342    -2.6680    -1.9716
  9154.3  1378.318280    -2.0680    -1.9751
  9163.0  1378.279217    -4.1630    -1.9785
  9171.8  1378.240155    -2.9610    -1.9817
  9180.6  1378.201092    -4.7790    -1.9849
  9189.3  1378.162030     0.7168    -1.9879
  9198.1  1378.122967    -1.4210    -1.9907
  9206.8  1378.083905    -2.5110    -1.9935
  9215.6  1378.044842    -3.8890    -1.9961
  9224.3  1378.005780    -4.2850    -1.9986
  9233.1  1377.966717    -3.0630    -2.0010
  9241.9  1377.927655    -3.3040    -2.0033
  9250.6  1377.888592    -0.6207    -2.0054
  9259.4  1377.849530     4.1660    -2.0074
  9268.2  1377.810467    -0.5127    -2.0093
  9276.9  1377.771405    -2.9770    -2.0110
  9285.7  1377.732342    -3.2280    -2.0127
  9294.4  1377.693280    -3.3490    -2.0142
  9303.2  1377.654217    -0.2600    -2.0156
  9312.0  1377.615155    -3.1180    -2.0169
  9320.7  1377.576092    -0.7942    -2.0180
  9329.5  1377.537030    -0.6884    -2.0191
  9338.3  1377.497967    -0.0743    -2.0200
  9347.0  1377.458905    -1.1860    -2.0208
  9355.8  1377.419842    -3.7850    -2.0215
  9364.6  1377.380780    -1.0790    -2.0221
  9373.3  1377.341717    -3.6920    -2.0226
  9382.1  1377.302655    -1.1500    -2.0229
  9390.9  1377.263592    -2.2840    -2.0232
  9399.6  1377.224530    -4.5300    -2.0233
  9408.4  1377.185467    -2.2260    -2.0234
  9417.2  1377.146405    -1.9840    -2.0233
  9426.0  1377.107342    -5.6620    -2.0231
  9434.7  1377.068280    -2.9590    -2.0229
  9443.5  1377.029217    -4.3540    -2.0225
  9452.3  1376.990155    -0.5753    -2.0220
  9461.0  1376.951092    -2.5930    -2.0215
  9469.8  1376.912030    -5.5020    -2.0208
  9478.6  1376.872967    -3.9000    -2.0201
  9487.4  1376.833905    -0.2636    -2.0192
  9496.1  1376.794842     0.2439    -2.0183
  9504.9  1376.755780    -0.5517    -2.0173
  9513.7  1376.716717    -2.1060    -2.0162
  9522.5  1376.677655    -5.4820    -2.0150
  9531.2  1376.638592    -1.8480    -2.0138
  9540.0  1376.599530    -3.5310    -2.0124
  9548.8  1376.560467     4.4910    -2.0110
  9557.6  1376.521405    -3.2560    -2.0096
  9566.4  1376.482342     0.9555    -2.0080
  9575.1  1376.443280    -3.1040    -2.0064
  9583.9  1376.404217    -2.6660    -2.0047
  9592.7  1376.365155    -0.8402    -2.0030
  9601.5  1376.326092    -3.5100    -2.0012
  9610.3  1376.287030    -1.8090    -1.9993
  9619.0  1376.247967     0.7621    -1.9974
  9627.8  1376.208905    -3.6610    -1.9954
  9636.6  1376.169842    -1.2620    -1.9934
  9645.4  1376.130780    -1.2600    -1.9914
  9654.2  1376.091717    -2.1430    -1.9893
  9663.0  1376.052655     2.6700    -1.9871
  9671.7  1376.013592     0.5233    -1.9850
  9680.5  1375.974530     0.4957    -1.9828
  9689.3  1375.935467    -1.0470    -1.9806
  9698.1  1375.896405    -1.1600    -1.9783
  9706.9  1375.857342    -1.0170    -1.9760
  9715.7  1375.818280    -1.0160    -1.9737
  9724.5  1375.779217    -2.8210    -1.9714
  9733.3  1375.740155    -3.4140    -1.9691
  9742.0  1375.701092    -3.5360    -1.9668
  9750.8  1375.662030    -2.6160    -1.9645
  9759.6  1375.622967    -4.8860    -1.9622
  9768.4  1375.583905    -4.9440    -1.9599
  9777.2  1375.544842    -0.8514    -1.9576
  9786.0  1375.505780    -0.4611    -1.9553
  9794.8  1375.466717    -5.2460    -1.9530
  9803.6  1375.427655    -0.3508    -1.9508
  9812.4  1375.388592    -4.6700    -1.9486
  9821.2  1375.349530    -2.4910    -1.9464
  9830.0  1375.310467    -1.3050    -1.9443
  9838.8  1375.271405    -2.6330    -1.9422
  9847.5  1375.232342    -1.9810    -1.9401
  9856.3  1375.193280    -3.8340    -1.9381
  9865.1  1375.154217    -0.3498    -1.9362
  9873.9  1375.115155    -3.2310    -1.9343
  9882.7  1375.076092    -0.9303    -1.9325
  9891.5  1375.037030    -0.6499    -1.9308
  9900.3  1374.997967    -7.0240    -1.9291
  9909.1  1374.958905    -1.5030    -1.9275
  9917.9  1374.919842    -3.8800    -1.9260
  9926.7  1374.880780    -0.1563    -1.9246
  9935.5  1374.841717    -2.9960    -1.9233
  9944.3  1374.802655    -1.1820    -1.9221
  9953.1  1374.763592    -4.6970    -1.9210
  9961.9  1374.724530    -2.4260    -1.9201
  9970.7  1374.685467    -4.4790    -1.9192
  9979.5  1374.646405    -8.4370    -1.9185
  9988.3  1374.607342    -5.1890    -1.9179
  9997.1  1374.568280    -3.0080    -1.9175
 10005.9  1374.529217    -3.5560    -1.9172
 10014.7  1374.490155    -0.5332    -1.9170
 10023.5  1374.451092    -2.5660    -1.9170
 10032.4  1374.412030    -2.2510    -1.9172
 10041.2  1374.372967     0.7561    -1.9175
 10050.0  1374.333905    -1.2680    -1.9181
 10058.8  1374.294842     2.0320    -1.9188
 10067.6  1374.255780    -2.3750    -1.9197
 10076.4  1374.216717    -2.6680    -1.9208
 10085.2  1374.177655     0.0264    -1.9221
 10094.0  1374.138592     1.4770    -1.9236
 10102.8  1374.099530    -3.2460    -1.9254
 10111.6  1374.060467    -2.2550    -1.9274
 10120.4  1374.021405    -1.4670    -1.9295
 10129.2  1373.982342    -5.3730    -1.9320
 10138.1  1373.943280    -3.3660    -1.9347
 10146.9  1373.904217    -1.2270    -1.9377
 10155.7  1373.865155    -3.6180    -1.9409
 10164.5  1373.826092    -2.3560    -1.9444
 10173.3  1373.787030    -6.0530    -1.9482
 10182.1  1373.747967     0.9287    -1.9522
 10190.9  1373.708905     1.2860    -1.9566
 10199.7  1373.669842    -2.1420    -1.9613
 10208.6  1373.630780    -4.7120    -1.9663
 10217.4  1373.591717    -0.7547    -1.9716
 10226.2  1373.552655    -0.1875    -1.9772
 10235.0  1373.513592    -1.4190    -1.9832
 10243.8  1373.474530    -2.6860    -1.9895
 10252.6  1373.435467    -2.0280    -1.9962
 10261.5  1373.396405    -3.9830    -2.0032
 10270.3  1373.357342    -6.5430    -2.0107
 10279.1  1373.318280     2.4500    -2.0185
 10287.9  1373.279217    -0.1251    -2.0267
 10296.7  1373.240155    -2.9760    -2.0353
 10305.6  1373.201092    -3.4190    -2.0443
 10314.4  1373.162030     1.2540    -2.0537
 10323.2  1373.122967    -0.6633    -2.0636
 10332.0  1373.083905    -6.8660    -2.0739
 10340.9  1373.044842    -0.4554    -2.0847
 10349.7  1373.005780    -2.1440    -2.0959
 10358.5  1372.966717    -4.7970    -2.1076
 10367.3  1372.927655    -2.7320    -2.1197
 10376.2  1372.888592    -0.8561    -2.1324
 10385.0  1372.849530    -1.1520    -2.1456
 10393.8  1372.810467    -0.8834    -2.1592
 10402.6  1372.771405    -7.9440    -2.1734
 10411.5  1372.732342    -2.3280    -2.1881
 10420.3  1372.693280     2.1230    -2.2034
 10429.1  1372.654217    -4.5200    -2.2192
 10437.9  1372.615155     0.1485    -2.2356
 10446.8  1372.576092     1.6010    -2.2526
 10455.6  1372.537030     3.3030    -2.2701
 10464.4  1372.497967    -3.4980    -2.2883
 10473.3  1372.458905     3.0640    -2.3070
 10482.1  1372.419842    -1.1940    -2.3264
 10490.9  1372.380780    -0.8634    -2.3464
 10499.8  1372.341717    -5.6490    -2.3671
 10508.6  1372.302655    -3.4950    -2.3884
 10517.4  1372.263592     0.3854    -2.4103
 10526.3  1372.224530     0.2895    -2.4330
 10535.1  1372.185467    -3.0760    -2.4564
 10543.9  1372.146405     1.7030    -2.4804
 10552.8  1372.107342     2.0270    -2.5052
