#Cornell Digital HI Archive
#Springob, C. M., Haynes, M. P., Giovanelli, R. and Kent, B. R. 2005, ApJS, 160,149
#ASCII Table format
#Generated by Brian Kent  Wed Jan 17 16:34:10 2007
# 
#Telescope:      Arecibo line feed system
#Beam size:      3.3 [arcminutes]
#Object:         AGC 40
#RA:             1.4516667  (J2000) decimal degrees
#DEC:            27.448889  (J2000) decimal degrees
#Rest Frequency: 1.4204058e+09 [Hz]
#Bandwidth:      10000 [kHz]
#Channels:       252
#Ref Code:       2005ApJS..160..149S
#Spectrum codes:  Single Hanning only;  Good quality;  (see reference)
#HI Archive at http://arecibo.tc.cornell.edu/hiarchive/
#This spectrum is not baselined.  For a baselined spectrum, subtract the provided polynomial fit.
#Table FORMAT:  (f8.1,1x,f12.6,1x,f10.4,1x,f10.4)
# 
#Column descriptions:
# 1. Heliocentric velocity [km/s]
# 2. Radio frequency [MHz]
# 3. Flux Density [mJy]
# 4. Polynomial baseline fit
# 
####################################################################
# 
  6361.4  1390.891982     9.0620     7.8900
  6370.1  1390.852300     7.4180     7.8720
  6378.9  1390.812617     4.6190     7.8533
  6387.6  1390.772935     3.9490     7.8341
  6396.3  1390.733252     4.6950     7.8142
  6405.1  1390.693570     6.3210     7.7937
  6413.8  1390.653887     6.2720     7.7726
  6422.6  1390.614205     2.6750     7.7509
  6431.3  1390.574522     6.7990     7.7286
  6440.0  1390.534839     8.0890     7.7057
  6448.8  1390.495157     7.3020     7.6823
  6457.5  1390.455474     7.0980     7.6582
  6466.3  1390.415792     5.4010     7.6336
  6475.0  1390.376109     5.7630     7.6085
  6483.7  1390.336427     7.4660     7.5827
  6492.5  1390.296744    11.0900     7.5565
  6501.2  1390.257062     9.0670     7.5296
  6510.0  1390.217379     8.5630     7.5023
  6518.7  1390.177697     8.3490     7.4744
  6527.4  1390.138014     4.8450     7.4460
  6536.2  1390.098332     7.2320     7.4170
  6544.9  1390.058649     5.2550     7.3875
  6553.7  1390.018966     8.3370     7.3576
  6562.4  1389.979284     4.5850     7.3271
  6571.2  1389.939601     5.5440     7.2961
  6579.9  1389.899919    10.1900     7.2646
  6588.7  1389.860236     6.3680     7.2327
  6597.4  1389.820554     7.9160     7.2002
  6606.2  1389.780871     5.6880     7.1673
  6614.9  1389.741189     6.8530     7.1339
  6623.7  1389.701506     4.5170     7.1001
  6632.4  1389.661824     5.8970     7.0658
  6641.2  1389.622141     7.9210     7.0310
  6649.9  1389.582459     7.4080     6.9958
  6658.7  1389.542776     5.9000     6.9602
  6667.4  1389.503093     4.0980     6.9241
  6676.2  1389.463411     8.0310     6.8876
  6684.9  1389.423728     9.3100     6.8507
  6693.7  1389.384046     6.0790     6.8133
  6702.4  1389.344363     8.3810     6.7756
  6711.2  1389.304681     6.2430     6.7374
  6719.9  1389.264998     7.3470     6.6988
  6728.7  1389.225316     5.3530     6.6599
  6737.5  1389.185633     6.8350     6.6205
  6746.2  1389.145951     6.6120     6.5808
  6755.0  1389.106268     7.1220     6.5407
  6763.7  1389.066586    10.0200     6.5003
  6772.5  1389.026903     8.4040     6.4594
  6781.2  1388.987220     5.5840     6.4182
  6790.0  1388.947538     4.5760     6.3767
  6798.8  1388.907855     6.0820     6.3348
  6807.5  1388.868173     7.1180     6.2926
  6816.3  1388.828490     8.4130     6.2500
  6825.0  1388.788808     4.1580     6.2071
  6833.8  1388.749125     6.3050     6.1639
  6842.6  1388.709443     8.2680     6.1204
  6851.3  1388.669760     7.7930     6.0766
  6860.1  1388.630078     5.3310     6.0324
  6868.8  1388.590395     5.4430     5.9880
  6877.6  1388.550713     6.7130     5.9432
  6886.4  1388.511030     6.2400     5.8982
  6895.1  1388.471347     6.6340     5.8529
  6903.9  1388.431665     8.0010     5.8073
  6912.7  1388.391982     3.2430     5.7615
  6921.4  1388.352300     8.4770     5.7154
  6930.2  1388.312617     3.3650     5.6690
  6939.0  1388.272935     6.2090     5.6224
  6947.7  1388.233252     5.1490     5.5755
  6956.5  1388.193570     4.9450     5.5284
  6965.3  1388.153887     5.3050     5.4811
  6974.0  1388.114205     5.4050     5.4335
  6982.8  1388.074522     7.1260     5.3857
  6991.6  1388.034839     3.1770     5.3377
  7000.4  1387.995157     4.8700     5.2895
  7009.1  1387.955474     5.8920     5.2411
  7017.9  1387.915792     5.5700     5.1925
  7026.7  1387.876109     5.5760     5.1436
  7035.4  1387.836427     7.1440     5.0946
  7044.2  1387.796744     5.0530     5.0455
  7053.0  1387.757062     5.4440     4.9961
  7061.8  1387.717379     5.3870     4.9466
  7070.5  1387.677697     3.4320     4.8969
  7079.3  1387.638014     3.9040     4.8470
  7088.1  1387.598332     5.7280     4.7970
  7096.9  1387.558649     5.5890     4.7469
  7105.7  1387.518966     6.7670     4.6966
  7114.4  1387.479284     2.1190     4.6462
  7123.2  1387.439601     4.0020     4.5956
  7132.0  1387.399919     4.5320     4.5450
  7140.8  1387.360236     5.3780     4.4942
  7149.5  1387.320554     5.4430     4.4433
  7158.3  1387.280871     5.6770     4.3923
  7167.1  1387.241189     3.3650     4.3412
  7175.9  1387.201506     3.9000     4.2900
  7184.7  1387.161824     2.7570     4.2387
  7193.4  1387.122141     4.0510     4.1873
  7202.2  1387.082459     3.7240     4.1359
  7211.0  1387.042776    -0.7470     4.0844
  7219.8  1387.003093     1.1950     4.0328
  7228.6  1386.963411     0.8680     3.9812
  7237.4  1386.923728     6.1650     3.9295
  7246.1  1386.884046     2.5810     3.8778
  7254.9  1386.844363     1.4940     3.8260
  7263.7  1386.804681     4.0610     3.7742
  7272.5  1386.764998     4.8170     3.7224
  7281.3  1386.725316     3.2000     3.6705
  7290.1  1386.685633     2.2750     3.6187
  7298.9  1386.645951     2.7840     3.5668
  7307.7  1386.606268     6.3490     3.5149
  7316.4  1386.566586     5.0980     3.4630
  7325.2  1386.526903     1.0790     3.4111
  7334.0  1386.487220     2.3490     3.3593
  7342.8  1386.447538     4.0210     3.3074
  7351.6  1386.407855     7.3120     3.2556
  7360.4  1386.368173    13.7500     3.2038
  7369.2  1386.328490    15.0400     3.1521
  7378.0  1386.288808     8.7170     3.1004
  7386.8  1386.249125     8.4880     3.0487
  7395.6  1386.209443    10.4500     2.9971
  7404.4  1386.169760     8.3950     2.9455
  7413.2  1386.130078     9.4260     2.8941
  7422.0  1386.090395     6.6520     2.8427
  7430.8  1386.050713    11.6200     2.7913
  7439.5  1386.011030    11.5900     2.7401
  7448.3  1385.971347     5.2940     2.6889
  7457.1  1385.931665     6.5290     2.6379
  7465.9  1385.891982     6.6910     2.5869
  7474.7  1385.852300     5.9570     2.5360
  7483.5  1385.812617     7.9920     2.4853
  7492.3  1385.772935     6.8860     2.4347
  7501.1  1385.733252     8.1490     2.3842
  7509.9  1385.693570     7.2260     2.3338
  7518.7  1385.653887     6.7000     2.2836
  7527.5  1385.614205     9.7310     2.2335
  7536.3  1385.574522     5.7000     2.1835
  7545.1  1385.534839     7.5190     2.1338
  7553.9  1385.495157     8.0190     2.0841
  7562.7  1385.455474     7.6780     2.0347
  7571.5  1385.415792     7.2550     1.9854
  7580.4  1385.376109     7.4320     1.9363
  7589.2  1385.336427     9.0190     1.8873
  7598.0  1385.296744     5.5870     1.8386
  7606.8  1385.257062     6.1930     1.7900
  7615.6  1385.217379     6.3140     1.7417
  7624.4  1385.177697     5.4770     1.6936
  7633.2  1385.138014     5.0660     1.6456
  7642.0  1385.098332     5.8570     1.5979
  7650.8  1385.058649     5.6100     1.5505
  7659.6  1385.018966     6.7610     1.5032
  7668.4  1384.979284     3.8220     1.4562
  7677.2  1384.939601     5.4640     1.4094
  7686.0  1384.899919     7.1020     1.3629
  7694.9  1384.860236     8.5630     1.3166
  7703.7  1384.820554    10.8600     1.2706
  7712.5  1384.780871    12.3900     1.2249
  7721.3  1384.741189    10.3900     1.1794
  7730.1  1384.701506     9.4370     1.1342
  7738.9  1384.661824     4.2690     1.0893
  7747.7  1384.622141     2.8350     1.0447
  7756.5  1384.582459     4.3550     1.0004
  7765.4  1384.542776     2.3970     0.9564
  7774.2  1384.503093     0.4780     0.9127
  7783.0  1384.463411     1.9260     0.8693
  7791.8  1384.423728     3.2590     0.8262
  7800.6  1384.384046     3.8190     0.7834
  7809.4  1384.344363     2.8210     0.7410
  7818.3  1384.304681     1.2050     0.6989
  7827.1  1384.264998     0.9120     0.6571
  7835.9  1384.225316    -0.4300     0.6157
  7844.7  1384.185633     0.4580     0.5747
  7853.5  1384.145951     0.3470     0.5340
  7862.3  1384.106268     0.5220     0.4937
  7871.2  1384.066586    -0.3740     0.4537
  7880.0  1384.026903     2.5780     0.4142
  7888.8  1383.987220    -2.9530     0.3750
  7897.6  1383.947538     3.6950     0.3362
  7906.5  1383.907855     0.0320     0.2978
  7915.3  1383.868173     1.9580     0.2598
  7924.1  1383.828490     1.1350     0.2222
  7932.9  1383.788808    -1.6730     0.1850
  7941.8  1383.749125     0.7900     0.1482
  7950.6  1383.709443     2.7380     0.1119
  7959.4  1383.669760     0.9330     0.0760
  7968.2  1383.630078    -0.1680     0.0405
  7977.1  1383.590395     1.3210     0.0055
  7985.9  1383.550713     0.8300    -0.0291
  7994.7  1383.511030     0.6260    -0.0632
  8003.5  1383.471347    -0.7430    -0.0969
  8012.4  1383.431665    -3.9860    -0.1301
  8021.2  1383.391982    -0.0280    -0.1628
  8030.0  1383.352300     0.7010    -0.1951
  8038.9  1383.312617     0.6630    -0.2268
  8047.7  1383.272935    -0.0050    -0.2581
  8056.5  1383.233252    -2.2330    -0.2889
  8065.4  1383.193570     1.0090    -0.3192
  8074.2  1383.153887     0.7300    -0.3489
  8083.0  1383.114205    -0.7170    -0.3782
  8091.9  1383.074522    -2.4810    -0.4069
  8100.7  1383.034839     1.8670    -0.4352
  8109.5  1382.995157    -0.2820    -0.4628
  8118.4  1382.955474     0.2130    -0.4900
  8127.2  1382.915792    -2.6900    -0.5166
  8136.0  1382.876109    -2.6210    -0.5427
  8144.9  1382.836427    -3.0200    -0.5682
  8153.7  1382.796744     0.0830    -0.5931
  8162.5  1382.757062     0.7240    -0.6175
  8171.4  1382.717379    -0.0120    -0.6413
  8180.2  1382.677697    -3.7710    -0.6645
  8189.1  1382.638014    -0.3370    -0.6872
  8197.9  1382.598332     1.1680    -0.7092
  8206.7  1382.558649    -1.6530    -0.7307
  8215.6  1382.518966    -0.2610    -0.7516
  8224.4  1382.479284    -1.8820    -0.7718
  8233.3  1382.439601     1.2670    -0.7915
  8242.1  1382.399919     1.9990    -0.8105
  8250.9  1382.360236     0.2610    -0.8289
  8259.8  1382.320554    -4.7410    -0.8466
  8268.6  1382.280871     1.6380    -0.8638
  8277.5  1382.241189    -0.8020    -0.8803
  8286.3  1382.201506    -3.6350    -0.8961
  8295.2  1382.161824    -1.3560    -0.9113
  8304.0  1382.122141    -1.1100    -0.9258
  8312.9  1382.082459    -1.5140    -0.9397
  8321.7  1382.042776    -0.1340    -0.9528
  8330.5  1382.003093     2.2630    -0.9654
  8339.4  1381.963411    -1.6640    -0.9772
  8348.2  1381.923728     2.5700    -0.9883
  8357.1  1381.884046    -0.3740    -0.9988
  8365.9  1381.844363    -0.5090    -1.0085
  8374.8  1381.804681    -1.5360    -1.0175
  8383.6  1381.764998     3.0760    -1.0258
  8392.5  1381.725316     1.1200    -1.0334
  8401.3  1381.685633    -1.0230    -1.0403
  8410.2  1381.645951    -4.5890    -1.0465
  8419.0  1381.606268    -3.2790    -1.0519
  8427.9  1381.566586    -4.6420    -1.0565
  8436.8  1381.526903    -3.7800    -1.0605
  8445.6  1381.487220    -3.7590    -1.0636
  8454.5  1381.447538    -1.8810    -1.0660
  8463.3  1381.407855    -1.9950    -1.0677
  8472.2  1381.368173     1.4630    -1.0685
  8481.0  1381.328490     0.3230    -1.0686
  8489.9  1381.288808    -0.8800    -1.0679
  8498.7  1381.249125    -1.4630    -1.0664
  8507.6  1381.209443    -4.3170    -1.0642
  8516.5  1381.169760     1.1250    -1.0611
  8525.3  1381.130078    -3.9810    -1.0572
  8534.2  1381.090395    -5.0830    -1.0525
  8543.0  1381.050713    -3.5020    -1.0470
  8551.9  1381.011030    -0.0360    -1.0406
  8560.8  1380.971347    -2.3990    -1.0334
  8569.6  1380.931665     0.9830    -1.0254
