#Cornell Digital HI Archive
#Springob, C. M., Haynes, M. P., Giovanelli, R. and Kent, B. R. 2005, ApJS, 160,149
#ASCII Table format
#Generated by Brian Kent  Wed Jan 17 16:36:04 2007
# 
#Telescope:      Nancay
#Beam size:      4 x 20 [arcminutes]
#Object:         AGC 530277
#RA:             202.76667  (J2000) decimal degrees
#DEC:            -15.100833  (J2000) decimal degrees
#Rest Frequency: 1.4204058e+09 [Hz]
#Bandwidth:      6400 [kHz]
#Channels:       256
#Ref Code:       2005ApJS..160..149S
#Spectrum codes:  Single Hanning only;  Good quality;  (see reference)
#HI Archive at http://arecibo.tc.cornell.edu/hiarchive/
#This spectrum is not baselined.  For a baselined spectrum, subtract the provided polynomial fit.
#Table FORMAT:  (f8.1,1x,f12.6,1x,f10.4,1x,f10.4)
# 
#Column descriptions:
# 1. Heliocentric velocity [km/s]
# 2. Radio frequency [MHz]
# 3. Flux Density [mJy]
# 4. Polynomial baseline fit
# 
####################################################################
# 
  3816.6  1402.550204    -3.1860     3.0540
  3822.0  1402.525204    -1.9570     2.7932
  3827.4  1402.500204     3.0880     2.5367
  3832.8  1402.475204    -5.0840     2.2843
  3838.2  1402.450204    -8.1110     2.0361
  3843.7  1402.425204     2.1080     1.7921
  3849.1  1402.400204    12.0000     1.5520
  3854.5  1402.375204     6.9410     1.3161
  3859.9  1402.350204     5.9260     1.0841
  3865.3  1402.325204    -1.3170     0.8561
  3870.7  1402.300204     1.7120     0.6320
  3876.1  1402.275204    -5.6630     0.4118
  3881.6  1402.250204     0.1632     0.1955
  3887.0  1402.225204     4.4390    -0.0171
  3892.4  1402.200204     9.6460    -0.2258
  3897.8  1402.175204     5.7830    -0.4309
  3903.2  1402.150204     8.6750    -0.6322
  3908.6  1402.125204     2.0990    -0.8299
  3914.0  1402.100204    -6.3120    -1.0240
  3919.5  1402.075204    -9.7420    -1.2145
  3924.9  1402.050204   -10.6000    -1.4014
  3930.3  1402.025204    -6.0070    -1.5848
  3935.7  1402.000204     0.5632    -1.7648
  3941.1  1401.975204     1.2180    -1.9414
  3946.5  1401.950204    -1.0760    -2.1145
  3952.0  1401.925204    -0.1043    -2.2844
  3957.4  1401.900204    -3.1760    -2.4509
  3962.8  1401.875204    -6.1880    -2.6141
  3968.2  1401.850204     0.3126    -2.7741
  3973.6  1401.825204    -5.9940    -2.9309
  3979.0  1401.800204    -4.6620    -3.0845
  3984.5  1401.775204    -5.4720    -3.2350
  3989.9  1401.750204    -5.6470    -3.3825
  3995.3  1401.725204    -9.7020    -3.5269
  4000.7  1401.700204    -8.1330    -3.6683
  4006.1  1401.675204    -8.3510    -3.8067
  4011.5  1401.650204    -3.3450    -3.9422
  4017.0  1401.625204    -0.0143    -4.0748
  4022.4  1401.600204    -3.0470    -4.2045
  4027.8  1401.575204    -3.7080    -4.3314
  4033.2  1401.550204    -3.4170    -4.4556
  4038.6  1401.525204     2.4620    -4.5770
  4044.1  1401.500204   -10.0100    -4.6957
  4049.5  1401.475204    -4.9240    -4.8118
  4054.9  1401.450204    -2.6360    -4.9252
  4060.3  1401.425204    -5.0100    -5.0361
  4065.7  1401.400204   -14.3600    -5.1444
  4071.2  1401.375204    -4.2330    -5.2502
  4076.6  1401.350204     6.2120    -5.3535
  4082.0  1401.325204     4.0850    -5.4544
  4087.4  1401.300204    14.7900    -5.5529
  4092.8  1401.275204    16.9700    -5.6490
  4098.3  1401.250204    21.6000    -5.7428
  4103.7  1401.225204    13.5400    -5.8344
  4109.1  1401.200204    28.4900    -5.9237
  4114.5  1401.175204    21.0800    -6.0108
  4120.0  1401.150204    10.0800    -6.0957
  4125.4  1401.125204    20.8800    -6.1785
  4130.8  1401.100204    19.9900    -6.2593
  4136.2  1401.075204     9.7500    -6.3379
  4141.7  1401.050204    12.0700    -6.4146
  4147.1  1401.025204    12.5700    -6.4893
  4152.5  1401.000204    14.1300    -6.5620
  4157.9  1400.975204    21.0400    -6.6329
  4163.3  1400.950204    14.1800    -6.7019
  4168.8  1400.925204    13.1700    -6.7691
  4174.2  1400.900204    12.4200    -6.8345
  4179.6  1400.875204    13.2700    -6.8981
  4185.0  1400.850204     9.5280    -6.9601
  4190.5  1400.825204    11.5800    -7.0204
  4195.9  1400.800204     9.7180    -7.0790
  4201.3  1400.775204     3.2340    -7.1361
  4206.7  1400.750204     8.5020    -7.1916
  4212.2  1400.725204     6.2020    -7.2456
  4217.6  1400.700204     5.7930    -7.2981
  4223.0  1400.675204     5.3160    -7.3492
  4228.4  1400.650204     6.3160    -7.3989
  4233.9  1400.625204     9.8550    -7.4472
  4239.3  1400.600204    13.7400    -7.4942
  4244.7  1400.575204     9.9560    -7.5399
  4250.2  1400.550204    10.1200    -7.5844
  4255.6  1400.525204     4.0860    -7.6277
  4261.0  1400.500204     7.5270    -7.6698
  4266.4  1400.475204     9.7400    -7.7107
  4271.9  1400.450204     7.4170    -7.7506
  4277.3  1400.425204     7.9310    -7.7894
  4282.7  1400.400204    13.3500    -7.8272
  4288.2  1400.375204    18.4000    -7.8640
  4293.6  1400.350204     9.1350    -7.8999
  4299.0  1400.325204    10.8700    -7.9349
  4304.4  1400.300204    18.2700    -7.9690
  4309.9  1400.275204    14.5600    -8.0023
  4315.3  1400.250204    21.7300    -8.0348
  4320.7  1400.225204    10.8800    -8.0665
  4326.2  1400.200204    15.9200    -8.0975
  4331.6  1400.175204    17.1900    -8.1279
  4337.0  1400.150204    17.7400    -8.1576
  4342.4  1400.125204    12.3200    -8.1868
  4347.9  1400.100204    11.9300    -8.2154
  4353.3  1400.075204    20.9400    -8.2434
  4358.7  1400.050204    11.3800    -8.2710
  4364.2  1400.025204    15.2600    -8.2981
  4369.6  1400.000204    17.0200    -8.3249
  4375.0  1399.975204    19.7500    -8.3512
  4380.5  1399.950204     6.2540    -8.3773
  4385.9  1399.925204    -4.9370    -8.4030
  4391.3  1399.900204   -13.9700    -8.4285
  4396.8  1399.875204    -5.2290    -8.4538
  4402.2  1399.850204   -10.4900    -8.4789
  4407.6  1399.825204    -6.9210    -8.5039
  4413.1  1399.800204   -18.5100    -8.5287
  4418.5  1399.775204   -14.1900    -8.5535
  4423.9  1399.750204   -12.9400    -8.5783
  4429.4  1399.725204   -10.8200    -8.6031
  4434.8  1399.700204    -6.4820    -8.6280
  4440.2  1399.675204     0.1609    -8.6529
  4445.7  1399.650204    -6.1390    -8.6780
  4451.1  1399.625204    -3.5690    -8.7033
  4456.5  1399.600204    -5.9910    -8.7287
  4462.0  1399.575204   -11.9300    -8.7544
  4467.4  1399.550204    -4.4850    -8.7804
  4472.8  1399.525204    -5.4830    -8.8067
  4478.3  1399.500204    -0.9630    -8.8334
  4483.7  1399.475204    -4.7370    -8.8604
  4489.1  1399.450204    -7.6390    -8.8879
  4494.6  1399.425204    -8.4270    -8.9159
  4500.0  1399.400204    -8.1230    -8.9444
  4505.4  1399.375204     2.6420    -8.9735
  4510.9  1399.350204     5.2260    -9.0031
  4516.3  1399.325204   -10.7700    -9.0333
  4521.8  1399.300204   -15.4700    -9.0643
  4527.2  1399.275204   -21.0600    -9.0959
  4532.6  1399.250204   -20.9000    -9.1283
  4538.1  1399.225204   -17.0900    -9.1614
  4543.5  1399.200204    -5.5290    -9.1954
  4548.9  1399.175204    -8.6850    -9.2302
  4554.4  1399.150204    -0.0035    -9.2660
  4559.8  1399.125204    -4.0260    -9.3026
  4565.3  1399.100204   -14.1600    -9.3403
  4570.7  1399.075204   -10.3300    -9.3789
  4576.1  1399.050204   -11.1900    -9.4186
  4581.6  1399.025204   -14.3300    -9.4594
  4587.0  1399.000204   -11.0300    -9.5013
  4592.5  1398.975204   -11.6800    -9.5444
  4597.9  1398.950204   -15.0000    -9.5886
  4603.3  1398.925204   -13.7600    -9.6341
  4608.8  1398.900204    -9.9620    -9.6809
  4614.2  1398.875204   -14.5200    -9.7290
  4619.7  1398.850204    -8.8270    -9.7785
  4625.1  1398.825204   -13.3800    -9.8293
  4630.5  1398.800204    -8.3530    -9.8816
  4636.0  1398.775204   -17.2500    -9.9354
  4641.4  1398.750204   -16.3400    -9.9906
  4646.9  1398.725204   -15.3500   -10.0474
  4652.3  1398.700204    -7.8910   -10.1058
  4657.7  1398.675204    -1.0090   -10.1659
  4663.2  1398.650204    -8.2590   -10.2275
  4668.6  1398.625204     0.6280   -10.2909
  4674.1  1398.600204    -8.0400   -10.3560
  4679.5  1398.575204    -6.6880   -10.4229
  4685.0  1398.550204    -7.7450   -10.4916
  4690.4  1398.525204    -7.4520   -10.5622
  4695.8  1398.500204   -11.7600   -10.6346
  4701.3  1398.475204   -13.1700   -10.7090
  4706.7  1398.450204   -15.6400   -10.7853
  4712.2  1398.425204    -7.4860   -10.8636
  4717.6  1398.400204   -15.4200   -10.9440
  4723.1  1398.375204   -14.8900   -11.0265
  4728.5  1398.350204   -14.3900   -11.1111
  4733.9  1398.325204   -11.0500   -11.1978
  4739.4  1398.300204   -16.8900   -11.2868
  4744.8  1398.275204    -3.8550   -11.3780
  4750.3  1398.250204    -8.6700   -11.4714
  4755.7  1398.225204     0.9070   -11.5672
  4761.2  1398.200204   -12.3300   -11.6653
  4766.6  1398.175204   -15.1400   -11.7658
  4772.1  1398.150204     0.6280   -11.8687
  4777.5  1398.125204     0.6280   -11.9741
  4783.0  1398.100204     0.6280   -12.0820
  4788.4  1398.075204     0.6280   -12.1924
  4793.8  1398.050204     0.6280   -12.3054
  4799.3  1398.025204     0.6280   -12.4210
  4804.7  1398.000204     0.6280   -12.5393
  4810.2  1397.975204     0.6280   -12.6603
  4815.6  1397.950204     0.6280   -12.7840
  4821.1  1397.925204     0.6280   -12.9105
  4826.5  1397.900204     0.6280   -13.0397
  4832.0  1397.875204     0.6280   -13.1719
  4837.4  1397.850204     0.6280   -13.3069
  4842.9  1397.825204     0.6280   -13.4448
  4848.3  1397.800204     0.6280   -13.5857
  4853.8  1397.775204     0.6280   -13.7296
  4859.2  1397.750204     0.6280   -13.8766
  4864.7  1397.725204     0.6280   -14.0266
  4870.1  1397.700204     0.6280   -14.1797
  4875.6  1397.675204     0.6280   -14.3360
  4881.0  1397.650204     0.6280   -14.4954
  4886.5  1397.625204     0.6280   -14.6581
  4891.9  1397.600204     0.6280   -14.8241
  4897.4  1397.575204     0.6280   -14.9934
  4902.8  1397.550204     0.6280   -15.1660
  4908.3  1397.525204     0.6280   -15.3420
  4913.7  1397.500204     0.6280   -15.5214
  4919.2  1397.475204     0.6280   -15.7043
  4924.6  1397.450204     0.6280   -15.8907
  4930.1  1397.425204     0.6280   -16.0806
  4935.5  1397.400204     0.6280   -16.2741
  4941.0  1397.375204     0.6280   -16.4711
  4946.4  1397.350204     0.6280   -16.6719
  4951.9  1397.325204     0.6280   -16.8763
  4957.3  1397.300204     0.6280   -17.0845
  4962.8  1397.275204     0.6280   -17.2964
  4968.2  1397.250204     0.6280   -17.5121
  4973.7  1397.225204     0.6280   -17.7317
  4979.1  1397.200204     0.6280   -17.9551
  4984.6  1397.175204     0.6280   -18.1825
  4990.1  1397.150204     0.6280   -18.4138
  4995.5  1397.125204     0.6280   -18.6491
  5001.0  1397.100204     0.6280   -18.8885
  5006.4  1397.075204     0.6280   -19.1319
  5011.9  1397.050204     0.6280   -19.3794
  5017.3  1397.025204     0.6280   -19.6311
  5022.8  1397.000204     0.6280   -19.8869
  5028.2  1396.975204     0.6280   -20.1470
  5033.7  1396.950204     0.6280   -20.4113
  5039.1  1396.925204     0.6280   -20.6800
  5044.6  1396.900204     0.6280   -20.9530
  5050.1  1396.875204     0.6280   -21.2303
  5055.5  1396.850204     0.6280   -21.5121
  5061.0  1396.825204     0.6280   -21.7983
  5066.4  1396.800204     0.6280   -22.0890
  5071.9  1396.775204     0.6280   -22.3843
  5077.3  1396.750204     0.6280   -22.6841
  5082.8  1396.725204     0.6280   -22.9885
  5088.2  1396.700204     0.6280   -23.2976
  5093.7  1396.675204     0.6280   -23.6113
  5099.2  1396.650204     0.6280   -23.9298
  5104.6  1396.625204     0.6280   -24.2530
  5110.1  1396.600204     0.6280   -24.5810
  5115.5  1396.575204     0.6280   -24.9139
  5121.0  1396.550204     0.6280   -25.2516
  5126.5  1396.525204     0.6280   -25.5942
  5131.9  1396.500204     0.6280   -25.9418
  5137.4  1396.475204     0.6280   -26.2944
  5142.8  1396.450204     0.6280   -26.6520
  5148.3  1396.425204     0.6280   -27.0147
  5153.7  1396.400204     0.6280   -27.3825
  5159.2  1396.375204     0.6280   -27.7554
  5164.7  1396.350204     0.6280   -28.1335
  5170.1  1396.325204     0.6280   -28.5168
  5175.6  1396.300204     0.6280   -28.9054
  5181.0  1396.275204     0.6280   -29.2992
  5186.5  1396.250204     0.6280   -29.6984
  5192.0  1396.225204     0.6280   -30.1030
  5197.4  1396.200204     0.6280   -30.5130
  5202.9  1396.175204     0.6280   -30.9284
