;wave = wavelength (um)
;flux = flux (W/cm^2/um)
;stdev = standard deviation of flux measurement (W/cm^2/um)
;det = LWS detector number (0-9)
;line = LWS line number (0-9)
 
wave    flux         stdev           det   line
 44.2885  6.45231e-19  3.07319e-19      0      0
 44.3574  5.22864e-19  1.93749e-19      0      0
 44.4261  3.51068e-19  1.64059e-19      0      0
 44.4948  5.52207e-19  1.56515e-19      0      0
 44.5635  4.17139e-19  1.77225e-19      0      0
 44.6321  5.68063e-19  2.12010e-19      0      0
 44.7007  2.47459e-19  1.46900e-19      0      0
 44.7692  3.11279e-19  1.53880e-19      0      0
 44.8376  3.62970e-19  1.51899e-19      0      0
 44.8992  3.38348e-19  1.78836e-19      0      0
 44.9675  1.28743e-19  1.27723e-19      0      0
 45.0359  2.66834e-19  1.35558e-19      0      0
 45.1041  3.02866e-19  1.59216e-19      0      0
 45.1724  2.59870e-19  1.53575e-19      0      0
 45.2405  1.53609e-19  1.43642e-19      0      0
 45.3087  2.33586e-19  1.61953e-19      0      0
 45.3768  2.02779e-19  1.44169e-19      0      0
 45.4448  3.19638e-19  1.65172e-19      0      0
 45.5128  4.97245e-19  1.61606e-19      0      0
 45.5808  3.39349e-19  1.56537e-19      0      0
 45.6487  3.77659e-19  1.57907e-19      0      0
 45.7166  2.44929e-19  1.25709e-19      0      0
 45.7844  4.17516e-19  1.62566e-19      0      0
 45.8523  3.92860e-19  1.57865e-19      0      0
 45.9133  3.62405e-19  1.29850e-19      0      0
 45.9810  4.79039e-19  1.35889e-19      0      0
 46.0487  6.17179e-19  1.36310e-19      0      0
 46.1164  4.29533e-19  2.35607e-19      0      0
 54.2556  5.99613e-19  1.89445e-19      1      0
 54.3250  7.20678e-19  1.16323e-19      1      0
 54.3943  4.89425e-19  1.23036e-19      1      0
 54.4636  5.79947e-19  1.22344e-19      1      0
 54.5328  6.33918e-19  1.15660e-19      1      0
 54.6019  5.60873e-19  1.58856e-19      1      0
 54.6710  6.90542e-19  1.46248e-19      1      0
 54.7400  6.29925e-19  1.89673e-19      1      0
 54.8090  7.84574e-19  1.50957e-19      1      0
 54.8710  5.66761e-19  1.71130e-19      1      0
 54.9399  4.45101e-19  1.35308e-19      1      0
 55.0087  5.41355e-19  1.51816e-19      1      0
 55.0775  3.92574e-19  1.23283e-19      1      0
 55.1462  5.08370e-19  1.60466e-19      1      0
 55.2148  7.61074e-19  1.25798e-19      1      0
 55.2835  5.25043e-19  1.57768e-19      1      0
 55.3520  4.44790e-19  1.58668e-19      1      0
 55.4206  5.63438e-19  1.11532e-19      1      0
 55.4890  4.59064e-19  1.41771e-19      1      0
 55.5574  6.66297e-19  1.96505e-19      1      0
 55.6258  6.61515e-19  1.55108e-19      1      0
 55.6942  7.89008e-19  1.53300e-19      1      0
 55.7625  9.06335e-19  1.24114e-19      1      0
 55.8307  4.87317e-19  1.34945e-19      1      0
 55.8921  5.20601e-19  1.23613e-19      1      0
 55.9603  6.54518e-19  1.24895e-19      1      0
 56.0284  6.76906e-19  1.31321e-19      1      0
 56.0965  4.45927e-19  1.77081e-19      1      0
 64.1874  4.74991e-19  7.60817e-20      2      0
 64.2562  4.05167e-19  4.51339e-20      2      0
 64.3249  4.96588e-19  4.46269e-20      2      0
 64.3936  5.15863e-19  4.99109e-20      2      0
 64.4622  5.38584e-19  4.80156e-20      2      0
 64.5307  4.32717e-19  4.67196e-20      2      0
 64.5992  4.56093e-19  4.79987e-20      2      0
 64.6676  4.73965e-19  5.41880e-20      2      0
 64.7360  4.51670e-19  5.33972e-20      2      0
 64.7975  5.07886e-19  4.29726e-20      2      0
 64.8657  5.01910e-19  4.46025e-20      2      0
 64.9339  4.74410e-19  5.87006e-20      2      0
 65.0020  3.80631e-19  4.35289e-20      2      0
 65.0701  4.33930e-19  5.96609e-20      2      0
 65.1381  5.24748e-19  5.50878e-20      2      0
 65.2061  4.82022e-19  5.41280e-20      2      0
 65.2740  5.67779e-19  5.61496e-20      2      0
 65.3419  4.60094e-19  4.79331e-20      2      0
 65.4097  6.43937e-19  7.72147e-20      2      0
 65.4774  4.93328e-19  6.62032e-20      2      0
 65.5451  5.69119e-19  6.45538e-20      2      0
 65.6128  4.38860e-19  4.90829e-20      2      0
 65.6804  4.74384e-19  5.74190e-20      2      0
 65.7480  5.01449e-19  6.00042e-20      2      0
 65.8087  5.58323e-19  6.95919e-20      2      0
 65.8762  5.42122e-19  7.55748e-20      2      0
 65.9436  5.04182e-19  7.41497e-20      2      0
 66.0110  5.18809e-19  1.08670e-19      2      0
 73.8180  3.47553e-19  1.45651e-19      3      0
 73.8851  4.69857e-19  7.50031e-20      3      0
 73.9521  4.72748e-19  8.96861e-20      3      0
 74.0191  3.24162e-19  8.23193e-20      3      0
 74.0860  3.37495e-19  6.68525e-20      3      0
 74.1528  4.27118e-19  9.38090e-20      3      0
 74.2196  3.05752e-19  7.34415e-20      3      0
 74.2863  4.49016e-19  1.03331e-19      3      0
 74.3529  3.89660e-19  9.53906e-20      3      0
 74.4129  3.45558e-19  1.06708e-19      3      0
 74.4794  3.89181e-19  1.04964e-19      3      0
 74.5458  4.15780e-19  1.07742e-19      3      0
 74.6122  4.26319e-19  9.59517e-20      3      0
 74.6786  4.28866e-19  1.06377e-19      3      0
 74.7448  4.71710e-19  9.33760e-20      3      0
 74.8111  5.48330e-19  8.87015e-20      3      0
 74.8772  5.02592e-19  1.08095e-19      3      0
 74.9433  4.21590e-19  1.07326e-19      3      0
 75.0094  3.17320e-19  1.00091e-19      3      0
 75.0754  5.12870e-19  1.02086e-19      3      0
 75.1413  4.19991e-19  8.23484e-20      3      0
 75.2072  3.67189e-19  7.63155e-20      3      0
 75.2730  3.38632e-19  8.47766e-20      3      0
 75.3388  5.00190e-19  8.11897e-20      3      0
 75.3979  5.67098e-19  8.16192e-20      3      0
 75.4636  4.69523e-19  1.08810e-19      3      0
 75.5293  4.33115e-19  9.97942e-20      3      0
 75.5948  5.93417e-19  2.71423e-19      3      0
 82.9960  2.92972e-19  9.77726e-20      4      0
 83.0603  2.20811e-19  7.65593e-20      4      0
 83.1246  2.36111e-19  6.42261e-20      4      0
 83.1888  3.16805e-19  5.76059e-20      4      0
 83.2529  3.73267e-19  7.02976e-20      4      0
 83.3170  2.09517e-19  6.84982e-20      4      0
 83.3809  3.92106e-19  6.60908e-20      4      0
 83.4448  2.02435e-19  5.65948e-20      4      0
 83.5087  3.72294e-19  6.99445e-20      4      0
 83.5661  2.77542e-19  6.92508e-20      4      0
 83.6298  1.60336e-19  6.50807e-20      4      0
 83.6935  3.46744e-19  7.31749e-20      4      0
 83.7571  2.73359e-19  6.44772e-20      4      0
 83.8206  2.17458e-19  8.49613e-20      4      0
 83.8841  4.40649e-19  1.02252e-19      4      0
 83.9475  4.67655e-19  8.75671e-20      4      0
 84.0108  3.47098e-19  8.93975e-20      4      0
 84.0741  3.25431e-19  8.79432e-20      4      0
 84.1373  3.19310e-19  7.05352e-20      4      0
 84.2005  3.73101e-19  1.04374e-19      4      0
 84.2636  3.74753e-19  9.19045e-20      4      0
 84.3266  4.39882e-19  9.13406e-20      4      0
 84.3896  4.16810e-19  1.06066e-19      4      0
 84.4526  3.30692e-19  9.27068e-20      4      0
 84.5091  3.46504e-19  6.12244e-20      4      0
 84.5720  3.83105e-19  8.15027e-20      4      0
 84.6348  4.33229e-19  7.69160e-20      4      0
 84.6975  3.35393e-19  1.23503e-19      4      0
 98.5356  1.69837e-19  1.48281e-20      5      0
 98.6741  1.97218e-19  1.60390e-20      5      0
 98.8124  2.10445e-19  1.56369e-20      5      0
 98.9507  2.04735e-19  1.38595e-20      5      0
 99.0888  2.10666e-19  1.70617e-20      5      0
 99.2269  2.01637e-19  1.51966e-20      5      0
 99.3648  1.97384e-19  1.81392e-20      5      0
 99.5026  1.75790e-19  1.58925e-20      5      0
 99.6403  1.75775e-19  1.68504e-20      5      0
 99.7642  1.76293e-19  1.33473e-20      5      0
 99.9017  1.87411e-19  1.26595e-20      5      0
100.0391  1.68180e-19  1.48178e-20      5      0
100.1764  1.90937e-19  1.32048e-20      5      0
100.3137  2.05017e-19  1.46160e-20      5      0
100.4508  1.83171e-19  1.50193e-20      5      0
100.5878  1.80772e-19  1.37717e-20      5      0
100.7248  1.95145e-19  1.39312e-20      5      0
100.8616  1.82414e-19  1.22133e-20      5      0
100.9984  1.93190e-19  1.40463e-20      5      0
101.1351  1.92526e-19  1.57355e-20      5      0
101.2717  1.83345e-19  1.64596e-20      5      0
101.4082  2.06432e-19  1.75867e-20      5      0
101.5446  1.87137e-19  1.49432e-20      5      0
101.6673  1.63928e-19  1.41909e-20      5      0
101.8036  1.95442e-19  1.59513e-20      5      0
101.9398  2.02478e-19  1.76114e-20      5      0
102.0759  1.82625e-19  1.26247e-20      5      0
102.2119  1.64673e-19  2.54579e-20      5      0
118.3314  1.03668e-19  7.04060e-21      6      0
118.4699  9.40545e-20  5.62522e-21      6      0
118.6082  1.06432e-19  5.55660e-21      6      0
118.7464  1.01458e-19  5.16028e-21      6      0
118.8845  9.58926e-20  3.99859e-21      6      0
119.0225  9.57387e-20  5.09065e-21      6      0
119.1604  1.10043e-19  6.09022e-21      6      0
119.2981  9.85953e-20  5.10678e-21      6      0
119.4357  9.96350e-20  4.90538e-21      6      0
119.5595  1.02789e-19  5.91904e-21      6      0
119.6969  9.72026e-20  4.30511e-21      6      0
119.8342  9.68803e-20  4.43582e-21      6      0
119.9714  9.78025e-20  4.39295e-21      6      0
120.1085  1.05874e-19  4.95933e-21      6      0
120.2454  1.05221e-19  4.71438e-21      6      0
120.3823  9.78711e-20  4.58682e-21      6      0
120.5191  1.03741e-19  5.62744e-21      6      0
120.6557  1.06135e-19  5.52567e-21      6      0
120.7923  1.03525e-19  6.18261e-21      6      0
120.9288  1.03236e-19  3.75160e-21      6      0
121.0652  1.03925e-19  4.46759e-21      6      0
121.2015  1.04343e-19  4.39753e-21      6      0
121.3377  1.07751e-19  5.24902e-21      6      0
121.4737  1.05165e-19  3.97276e-21      6      0
121.5962  1.04895e-19  4.38094e-21      6      0
121.7321  1.05672e-19  6.40708e-21      6      0
121.8680  9.99158e-20  6.00772e-21      6      0
122.0037  1.11624e-19  9.92681e-21      6      0
137.9894  7.90144e-20  6.17524e-21      7      0
138.1256  7.30578e-20  5.03852e-21      7      0
138.2617  7.49941e-20  4.40730e-21      7      0
138.3976  7.94966e-20  5.16424e-21      7      0
138.5334  8.36459e-20  4.23276e-21      7      0
138.6691  8.20446e-20  4.47799e-21      7      0
138.8046  8.40226e-20  4.83957e-21      7      0
138.9400  7.65312e-20  3.79162e-21      7      0
139.0753  7.28413e-20  2.80234e-21      7      0
139.1970  7.43635e-20  3.89295e-21      7      0
139.3320  7.87902e-20  3.49728e-21      7      0
139.4669  7.54416e-20  4.51046e-21      7      0
139.6018  7.33453e-20  4.08243e-21      7      0
139.7365  7.64931e-20  4.43230e-21      7      0
139.8711  7.37653e-20  4.34915e-21      7      0
140.0055  8.00109e-20  3.80127e-21      7      0
140.1399  8.02618e-20  3.74551e-21      7      0
140.2742  7.62766e-20  4.27569e-21      7      0
140.4083  7.57240e-20  4.21175e-21      7      0
140.5423  7.56603e-20  4.65625e-21      7      0
140.6763  7.74543e-20  4.50090e-21      7      0
140.8101  7.70740e-20  4.03525e-21      7      0
140.9438  8.22627e-20  4.58353e-21      7      0
141.0775  7.40677e-20  5.08758e-21      7      0
141.1977  7.40471e-20  5.31555e-21      7      0
141.3311  7.36406e-20  3.65646e-21      7      0
141.4644  7.81385e-20  5.72832e-21      7      0
141.5977  7.47279e-20  5.86445e-21      7      0
156.8622  6.90692e-20  5.54098e-21      8      0
156.9940  7.34065e-20  4.03769e-21      8      0
157.1256  6.91339e-20  3.85061e-21      8      0
157.2571  7.47506e-20  3.45701e-21      8      0
157.3884  6.63656e-20  3.56352e-21      8      0
157.5196  7.56947e-20  4.77675e-21      8      0
157.6506  7.24424e-20  3.86962e-21      8      0
157.7815  7.26142e-20  3.69471e-21      8      0
157.9123  8.07401e-20  4.46426e-21      8      0
158.0299  7.91923e-20  3.99724e-21      8      0
158.1604  8.68172e-20  4.76351e-21      8      0
158.2908  1.02163e-19  4.78902e-21      8      0
158.4211  1.33465e-19  5.36853e-21      8      0
158.5513  1.41844e-19  4.05740e-21      8      0
158.6813  1.45786e-19  5.62642e-21      8      0
158.8112  1.29093e-19  5.85762e-21      8      0
158.9410  1.13925e-19  6.54088e-21      8      0
159.0707  9.75034e-20  5.10424e-21      8      0
159.2002  7.87754e-20  4.20084e-21      8      0
159.3297  6.99504e-20  4.04169e-21      8      0
159.4590  7.78963e-20  5.75207e-21      8      0
159.5882  6.95138e-20  4.49021e-21      8      0
159.7173  6.98223e-20  5.08276e-21      8      0
159.8334  6.93865e-20  4.66815e-21      8      0
159.9624  7.49609e-20  5.88132e-21      8      0
160.0911  6.68052e-20  4.52201e-21      8      0
160.2198  6.75865e-20  5.73712e-21      8      0
160.3484  6.07245e-20  8.86829e-21      8      0
174.4655  2.45846e-20  2.20574e-20      9      0
174.5907  3.27956e-20  1.16517e-20      9      0
174.7158  3.56321e-20  1.56379e-20      9      0
174.8408  4.77595e-20  1.42948e-20      9      0
174.9656  2.66060e-20  1.56372e-20      9      0
175.0902  1.94081e-20  1.50249e-20      9      0
175.2148  3.36273e-20  1.55387e-20      9      0
175.3391  5.88821e-20  1.42552e-20      9      0
175.4634  4.98118e-20  1.65506e-20      9      0
175.5751  2.89315e-20  1.39958e-20      9      0
175.6991  3.56333e-20  1.86790e-20      9      0
175.8229  8.61688e-21  1.66868e-20      9      0
175.9466  1.56455e-20  1.97884e-20      9      0
176.0702  9.26663e-21  2.04082e-20      9      0
176.1937  3.72443e-20  1.62931e-20      9      0
176.3170  3.44129e-20  1.59039e-20      9      0
176.4402  4.23570e-20  1.98339e-20      9      0
176.5633  5.39723e-20  1.38808e-20      9      0
176.6862  2.97146e-20  2.19181e-20      9      0
176.8090  2.86867e-20  1.59794e-20      9      0
176.9317  3.66940e-20  1.99363e-20      9      0
177.0543  3.15171e-20  1.62118e-20      9      0
177.1768  8.94020e-21  1.81482e-20      9      0
177.2991  2.12629e-20  1.65287e-20      9      0
177.4092  3.06239e-20  1.37154e-20      9      0
177.5313  3.38416e-20  1.93539e-20      9      0
177.6533  5.04284e-20  1.67670e-20      9      0
177.7752  2.70373e-20  1.76627e-20      9      0
