#Arecibo Legacy Fast ALFA Survey
#http://egg.astro.cornell.edu/alfalfa/
#ASCII Table format
# 
#Telescope:      Arecibo Radio Telescope
#Instrument:     Arecibo Radio Telescope
#Beam size:      3.5x3.8 [arcminutes]
#Object:         AGC 12230
#RA:             343.33543  (J2000) decimal degrees
#DEC:            32.130703  (J2000) decimal degrees
#Rest Frequency: 1.4204058e+09 [Hz]
#Bandwidth:      24.975586 [MHz]
#Channels:       1024
#Other name:     N7407
#Detection Code:    1
#Data archive at http://arecibo.tc.cornell.edu/hiarchive/alfalfa/
#File generated by G. Hallenbeck  Thu Jul  8 16:06:12 2010
#This spectrum has been baseline subtracted.
#Table FORMAT:  (f8.1,1x,f12.6,1x,f10.4,1x,f10.4)
# 
#Column descriptions:
# 1. Heliocentric velocity [km/s]
# 2. Radio frequency [MHz]
# 3. Flux Density [mJy]
# 4. Subtracted polynomial baseline fit
# 
####################################################################
# 
  7956.8  1383.681637    -2.4500     0.6999
  7951.3  1383.706051    -3.3904     0.6948
  7945.9  1383.730465    -2.2698     0.6897
  7940.5  1383.754879     0.7684     0.6846
  7935.0  1383.779293     2.6459     0.6796
  7929.6  1383.803707     1.8236     0.6746
  7924.2  1383.828122    -0.2519     0.6695
  7918.7  1383.852536     0.4540     0.6645
  7913.3  1383.876950     2.8611     0.6595
  7907.9  1383.901364     2.0176     0.6545
  7902.5  1383.925778    -2.3819     0.6496
  7897.0  1383.950192    -4.8738     0.6446
  7891.6  1383.974606    -2.9536     0.6397
  7886.2  1383.999020    -1.7767     0.6347
  7880.8  1384.023434    -1.9512     0.6298
  7875.3  1384.047848    -2.3314     0.6249
  7869.9  1384.072262    -2.2800     0.6201
  7864.5  1384.096676     0.8732     0.6152
  7859.0  1384.121090     2.7443     0.6103
  7853.6  1384.145504     0.2052     0.6055
  7848.2  1384.169918    -1.0524     0.6007
  7842.8  1384.194332    -1.2762     0.5959
  7837.3  1384.218747    -1.2106     0.5911
  7831.9  1384.243161     0.5460     0.5863
  7826.5  1384.267575    -0.1768     0.5815
  7821.1  1384.291989    -0.7567     0.5768
  7815.6  1384.316403     0.3289     0.5720
  7810.2  1384.340817     0.2689     0.5673
  7804.8  1384.365231     0.1874     0.5626
  7799.4  1384.389645    -1.1716     0.5579
  7793.9  1384.414059    -1.3341     0.5532
  7788.5  1384.438473     1.3655     0.5486
  7783.1  1384.462887     0.8846     0.5439
  7777.7  1384.487301    -0.8906     0.5393
  7772.2  1384.511715    -0.7254     0.5347
  7766.8  1384.536129     0.0401     0.5301
  7761.4  1384.560543    -0.1786     0.5255
  7756.0  1384.584957    -1.7117     0.5209
  7750.6  1384.609372    -1.8997     0.5163
  7745.1  1384.633786    -0.6772     0.5118
  7739.7  1384.658200    -0.4438     0.5072
  7734.3  1384.682614     1.2285     0.5027
  7728.9  1384.707028     4.8225     0.4982
  7723.4  1384.731442     4.0433     0.4937
  7718.0  1384.755856    -1.9533     0.4892
  7712.6  1384.780270    -2.4562     0.4847
  7707.2  1384.804684     2.7988     0.4803
  7701.8  1384.829098     3.2556     0.4758
  7696.3  1384.853512     1.6272     0.4714
  7690.9  1384.877926     0.3209     0.4670
  7685.5  1384.902340    -0.7629     0.4626
  7680.1  1384.926754     1.1579     0.4582
  7674.7  1384.951168     2.9373     0.4538
  7669.2  1384.975582    -1.0282     0.4495
  7663.8  1384.999997    -7.9486     0.4451
  7658.4  1385.024411    -9.2420     0.4408
  7653.0  1385.048825    -4.2159     0.4365
  7647.6  1385.073239    -0.5460     0.4322
  7642.1  1385.097653    -0.1965     0.4279
  7636.7  1385.122067     0.6058     0.4236
  7631.3  1385.146481     1.0578     0.4194
  7625.9  1385.170895    -1.2607     0.4151
  7620.5  1385.195309    -2.9662     0.4109
  7615.0  1385.219723    -1.9479     0.4066
  7609.6  1385.244137     0.2137     0.4024
  7604.2  1385.268551     1.0600     0.3982
  7598.8  1385.292965    -1.5297     0.3941
  7593.4  1385.317379    -1.0403     0.3899
  7588.0  1385.341793     2.4967     0.3857
  7582.5  1385.366207     2.8537     0.3816
  7577.1  1385.390622     2.3788     0.3775
  7571.7  1385.415036     1.4229     0.3733
  7566.3  1385.439450     1.4248     0.3692
  7560.9  1385.463864     3.0083     0.3651
  7555.5  1385.488278     1.8795     0.3611
  7550.0  1385.512692    -0.5868     0.3570
  7544.6  1385.537106    -3.3935     0.3530
  7539.2  1385.561520    -5.1752     0.3489
  7533.8  1385.585934    -2.8462     0.3449
  7528.4  1385.610348    -0.6779     0.3409
  7523.0  1385.634762    -0.5517     0.3369
  7517.6  1385.659176     1.6471     0.3329
  7512.1  1385.683590     3.5262     0.3289
  7506.7  1385.708004     2.4626     0.3250
  7501.3  1385.732418    -0.0903     0.3210
  7495.9  1385.756832     0.7498     0.3171
  7490.5  1385.781247     3.5792     0.3132
  7485.1  1385.805661     2.5881     0.3093
  7479.7  1385.830075     1.7928     0.3054
  7474.2  1385.854489     1.0104     0.3015
  7468.8  1385.878903    -0.2414     0.2976
  7463.4  1385.903317    -0.5625     0.2938
  7458.0  1385.927731    -1.3693     0.2899
  7452.6  1385.952145    -2.4844     0.2861
  7447.2  1385.976559    -2.8324     0.2823
  7441.8  1386.000973    -1.6725     0.2785
  7436.4  1386.025387    -1.4654     0.2747
  7430.9  1386.049801    -1.0286     0.2709
  7425.5  1386.074215     1.1277     0.2671
  7420.1  1386.098629     2.3565     0.2634
  7414.7  1386.123043     2.0287     0.2596
  7409.3  1386.147457     0.5107     0.2559
  7403.9  1386.171872    -1.7118     0.2522
  7398.5  1386.196286    -3.8694     0.2485
  7393.1  1386.220700    -3.9949     0.2448
  7387.7  1386.245114    -0.7862     0.2411
  7382.2  1386.269528     1.0798     0.2375
  7376.8  1386.293942    -0.5089     0.2338
  7371.4  1386.318356    -1.6840     0.2302
  7366.0  1386.342770     0.1658     0.2265
  7360.6  1386.367184     3.5949     0.2229
  7355.2  1386.391598     2.8719     0.2193
  7349.8  1386.416012     1.1062     0.2157
  7344.4  1386.440426     0.0512     0.2122
  7339.0  1386.464840    -1.4510     0.2086
  7333.6  1386.489254     1.1102     0.2050
  7328.2  1386.513668     2.9647     0.2015
  7322.8  1386.538082     0.4034     0.1980
  7317.3  1386.562497    -2.1169     0.1945
  7311.9  1386.586911    -1.7852     0.1909
  7306.5  1386.611325    -1.1161     0.1875
  7301.1  1386.635739    -3.4313     0.1840
  7295.7  1386.660153    -4.1369     0.1805
  7290.3  1386.684567     0.1582     0.1771
  7284.9  1386.708981     3.7739     0.1736
  7279.5  1386.733395     2.0517     0.1702
  7274.1  1386.757809    -0.6441     0.1668
  7268.7  1386.782223    -1.2325     0.1634
  7263.3  1386.806637    -2.0761     0.1600
  7257.9  1386.831051    -2.6520     0.1566
  7252.5  1386.855465    -1.3961     0.1532
  7247.1  1386.879879     1.0222     0.1499
  7241.7  1386.904293     1.5701     0.1465
  7236.3  1386.928707     1.2408     0.1432
  7230.8  1386.953122     2.9545     0.1399
  7225.4  1386.977536     4.3390     0.1365
  7220.0  1387.001950     3.9691     0.1332
  7214.6  1387.026364     1.3425     0.1300
  7209.2  1387.050778     0.1422     0.1267
  7203.8  1387.075192     0.7380     0.1234
  7198.4  1387.099606     0.4758     0.1202
  7193.0  1387.124020     1.9027     0.1169
  7187.6  1387.148434     2.5553     0.1137
  7182.2  1387.172848     0.1355     0.1105
  7176.8  1387.197262     0.3791     0.1073
  7171.4  1387.221676     2.2635     0.1041
  7166.0  1387.246090     0.5485     0.1009
  7160.6  1387.270504    -1.6967     0.0978
  7155.2  1387.294918    -3.0095     0.0946
  7149.8  1387.319332    -2.7148     0.0915
  7144.4  1387.343747    -0.8057     0.0883
  7139.0  1387.368161    -0.4331     0.0852
  7133.6  1387.392575    -1.3347     0.0821
  7128.2  1387.416989    -1.0961     0.0790
  7122.8  1387.441403     0.8075     0.0759
  7117.4  1387.465817     2.8155     0.0728
  7112.0  1387.490231     3.7394     0.0698
  7106.6  1387.514645     4.0329     0.0667
  7101.2  1387.539059     4.3655     0.0637
  7095.8  1387.563473     2.7538     0.0607
  7090.4  1387.587887    -2.0194     0.0576
  7085.0  1387.612301    -2.7203     0.0546
  7079.6  1387.636715     0.9096     0.0517
  7074.2  1387.661129     2.4812     0.0487
  7068.8  1387.685543     2.7634     0.0457
  7063.4  1387.709957    -0.4040     0.0427
  7058.0  1387.734372    -4.0194     0.0398
  7052.6  1387.758786    -2.4469     0.0369
  7047.2  1387.783200     1.1035     0.0339
  7041.8  1387.807614     1.5679     0.0310
  7036.4  1387.832028    -1.8786     0.0281
  7031.0  1387.856442    -3.6665     0.0252
  7025.6  1387.880856    -1.8040     0.0224
  7020.2  1387.905270    -1.4955     0.0195
  7014.8  1387.929684    -2.4151     0.0166
  7009.4  1387.954098    -0.2420     0.0138
  7004.0  1387.978512     1.7558     0.0109
  6998.6  1388.002926     1.2289     0.0081
  6993.2  1388.027340     1.2304     0.0053
  6987.8  1388.051754     1.9915     0.0025
  6982.4  1388.076168     1.2990    -0.0003
  6977.1  1388.100582     0.7650    -0.0031
  6971.7  1388.124997     3.4046    -0.0058
  6966.3  1388.149411     4.1791    -0.0086
  6960.9  1388.173825     1.3147    -0.0113
  6955.5  1388.198239    -1.4502    -0.0141
  6950.1  1388.222653     0.2091    -0.0168
  6944.7  1388.247067     2.1131    -0.0195
  6939.3  1388.271481     1.2271    -0.0222
  6933.9  1388.295895    -0.5504    -0.0249
  6928.5  1388.320309    -3.4284    -0.0276
  6923.1  1388.344723    -2.0814    -0.0302
  6917.7  1388.369137     0.1590    -0.0329
  6912.3  1388.393551    -1.5600    -0.0355
  6906.9  1388.417965    -1.6506    -0.0382
  6901.5  1388.442379    -0.4308    -0.0408
  6896.1  1388.466793    -0.6093    -0.0434
  6890.7  1388.491207    -1.9257    -0.0460
  6885.4  1388.515622    -3.4692    -0.0486
  6880.0  1388.540036    -1.3529    -0.0512
  6874.6  1388.564450     1.6443    -0.0537
  6869.2  1388.588864    -0.2082    -0.0563
  6863.8  1388.613278    -1.3096    -0.0588
  6858.4  1388.637692     2.9192    -0.0614
  6853.0  1388.662106     6.8038    -0.0639
  6847.6  1388.686520     5.1966    -0.0664
  6842.2  1388.710934     2.7028    -0.0689
  6836.8  1388.735348    -0.1171    -0.0714
  6831.4  1388.759762    -5.5396    -0.0739
  6826.1  1388.784176    -4.2898    -0.0764
  6820.7  1388.808590     0.2271    -0.0788
  6815.3  1388.833004    -1.0652    -0.0813
  6809.9  1388.857418    -1.8181    -0.0837
  6804.5  1388.881832    -0.2078    -0.0861
  6799.1  1388.906247    -2.0397    -0.0886
  6793.7  1388.930661    -3.1839    -0.0910
  6788.3  1388.955075     1.3760    -0.0934
  6782.9  1388.979489     6.1347    -0.0958
  6777.5  1389.003903     4.8199    -0.0981
  6772.2  1389.028317     0.4026    -0.1005
  6766.8  1389.052731     0.2443    -0.1029
  6761.4  1389.077145     3.3828    -0.1052
  6756.0  1389.101559     4.2864    -0.1075
  6750.6  1389.125973     2.8563    -0.1099
  6745.2  1389.150387     0.8114    -0.1122
  6739.8  1389.174801    -1.0099    -0.1145
  6734.4  1389.199215    -2.3164    -0.1168
  6729.1  1389.223629    -0.6965    -0.1191
  6723.7  1389.248043     3.1178    -0.1213
  6718.3  1389.272457     2.7175    -0.1236
  6712.9  1389.296872    -1.6976    -0.1258
  6707.5  1389.321286    -2.6394    -0.1281
  6702.1  1389.345700    -1.9281    -0.1303
  6696.7  1389.370114    -2.8292    -0.1325
  6691.4  1389.394528    -2.4134    -0.1347
  6686.0  1389.418942    -0.8221    -0.1369
  6680.6  1389.443356     0.8906    -0.1391
  6675.2  1389.467770     3.6025    -0.1413
  6669.8  1389.492184     7.3906    -0.1435
  6664.4  1389.516598    10.6174    -0.1456
  6659.0  1389.541012    16.2818    -0.1478
  6653.7  1389.565426    24.0012    -0.1499
  6648.3  1389.589840    31.1810    -0.1520
  6642.9  1389.614254    32.1158    -0.1542
  6637.5  1389.638668    27.5797    -0.1563
  6632.1  1389.663082    26.9955    -0.1584
  6626.7  1389.687497    28.7855    -0.1605
  6621.4  1389.711911    30.1368    -0.1625
  6616.0  1389.736325    28.6326    -0.1646
  6610.6  1389.760739    26.3380    -0.1667
  6605.2  1389.785153    26.7672    -0.1687
  6599.8  1389.809567    25.0049    -0.1707
  6594.4  1389.833981    21.9987    -0.1728
  6589.1  1389.858395    21.3881    -0.1748
  6583.7  1389.882809    21.9601    -0.1768
  6578.3  1389.907223    22.2904    -0.1788
  6572.9  1389.931637    23.6850    -0.1808
  6567.5  1389.956051    25.8802    -0.1827
  6562.2  1389.980465    26.7226    -0.1847
  6556.8  1390.004879    26.0801    -0.1867
  6551.4  1390.029293    25.5413    -0.1886
  6546.0  1390.053707    24.5256    -0.1905
  6540.6  1390.078122    23.2663    -0.1925
  6535.3  1390.102536    20.4706    -0.1944
  6529.9  1390.126950    16.5854    -0.1963
  6524.5  1390.151364    17.3821    -0.1982
  6519.1  1390.175778    20.2678    -0.2001
  6513.7  1390.200192    22.1171    -0.2020
  6508.4  1390.224606    22.9272    -0.2038
  6503.0  1390.249020    19.5492    -0.2057
  6497.6  1390.273434    13.6666    -0.2075
  6492.2  1390.297848    12.8341    -0.2094
  6486.8  1390.322262    17.1734    -0.2112
  6481.5  1390.346676    19.0319    -0.2130
  6476.1  1390.371090    17.7417    -0.2148
  6470.7  1390.395504    16.3808    -0.2166
  6465.3  1390.419918    16.1736    -0.2184
  6460.0  1390.444332    17.6588    -0.2202
  6454.6  1390.468747    17.1546    -0.2220
  6449.2  1390.493161    17.0486    -0.2237
  6443.8  1390.517575    16.6828    -0.2255
  6438.4  1390.541989    15.1927    -0.2272
  6433.1  1390.566403    18.4373    -0.2289
  6427.7  1390.590817    22.5958    -0.2307
  6422.3  1390.615231    22.7508    -0.2324
  6416.9  1390.639645    18.2942    -0.2341
  6411.6  1390.664059    13.5017    -0.2358
  6406.2  1390.688473    14.3929    -0.2374
  6400.8  1390.712887    17.8679    -0.2391
  6395.4  1390.737301    19.0313    -0.2408
  6390.1  1390.761715    18.5698    -0.2424
  6384.7  1390.786129    18.1092    -0.2441
  6379.3  1390.810543    17.5982    -0.2457
  6373.9  1390.834957    16.4478    -0.2473
  6368.6  1390.859372    14.4300    -0.2490
  6363.2  1390.883786    14.5813    -0.2506
  6357.8  1390.908200    18.0915    -0.2522
  6352.4  1390.932614    19.8768    -0.2537
  6347.1  1390.957028    18.7397    -0.2553
  6341.7  1390.981442    16.7816    -0.2569
  6336.3  1391.005856    17.4532    -0.2584
  6331.0  1391.030270    20.3149    -0.2600
  6325.6  1391.054684    18.8562    -0.2615
  6320.2  1391.079098    16.0009    -0.2631
  6314.8  1391.103512    15.8106    -0.2646
  6309.5  1391.127926    17.7885    -0.2661
  6304.1  1391.152340    20.4698    -0.2676
  6298.7  1391.176754    22.2972    -0.2691
  6293.4  1391.201168    23.5968    -0.2706
  6288.0  1391.225582    22.4304    -0.2721
  6282.6  1391.249997    20.0274    -0.2735
  6277.2  1391.274411    20.3137    -0.2750
  6271.9  1391.298825    21.8346    -0.2764
  6266.5  1391.323239    23.2946    -0.2779
  6261.1  1391.347653    22.6211    -0.2793
  6255.8  1391.372067    20.2800    -0.2807
  6250.4  1391.396481    22.1368    -0.2821
  6245.0  1391.420895    26.7866    -0.2835
  6239.6  1391.445309    28.4528    -0.2849
  6234.3  1391.469723    28.5256    -0.2863
  6228.9  1391.494137    31.0390    -0.2877
  6223.5  1391.518551    38.6955    -0.2890
  6218.2  1391.542965    44.5872    -0.2904
  6212.8  1391.567379    43.7118    -0.2917
  6207.4  1391.591793    36.8679    -0.2931
  6202.1  1391.616207    28.2603    -0.2944
  6196.7  1391.640622    21.7448    -0.2957
  6191.3  1391.665036    14.7447    -0.2970
  6186.0  1391.689450     7.0741    -0.2983
  6180.6  1391.713864     2.0527    -0.2996
  6175.2  1391.738278     0.6308    -0.3009
  6169.9  1391.762692     0.9981    -0.3021
  6164.5  1391.787106     2.3062    -0.3034
  6159.1  1391.811520     2.8548    -0.3047
  6153.8  1391.835934     0.9566    -0.3059
  6148.4  1391.860348     0.1169    -0.3071
  6143.0  1391.884762     1.4288    -0.3084
  6137.7  1391.909176     3.6648    -0.3096
  6132.3  1391.933590     4.6513    -0.3108
  6126.9  1391.958004     1.7097    -0.3120
  6121.6  1391.982418    -2.8101    -0.3132
  6116.2  1392.006832    -3.3515    -0.3144
  6110.8  1392.031247     0.0798    -0.3155
  6105.5  1392.055661     1.3997    -0.3167
  6100.1  1392.080075    -1.4027    -0.3179
  6094.7  1392.104489    -1.5865    -0.3190
  6089.4  1392.128903     0.7921    -0.3201
  6084.0  1392.153317     0.1698    -0.3213
  6078.6  1392.177731    -1.3514    -0.3224
  6073.3  1392.202145    -3.2599    -0.3235
  6067.9  1392.226559    -4.4290    -0.3246
  6062.6  1392.250973    -1.2821    -0.3257
  6057.2  1392.275387     2.0314    -0.3268
  6051.8  1392.299801     3.4015    -0.3278
  6046.5  1392.324215     5.1131    -0.3289
  6041.1  1392.348629     4.1545    -0.3300
  6035.7  1392.373043     0.9622    -0.3310
  6030.4  1392.397457    -0.0814    -0.3321
  6025.0  1392.421872    -0.4510    -0.3331
  6019.7  1392.446286    -0.6610    -0.3341
  6014.3  1392.470700     2.4653    -0.3351
  6008.9  1392.495114     3.9705    -0.3361
  6003.6  1392.519528     0.2496    -0.3371
  5998.2  1392.543942    -0.4576    -0.3381
  5992.8  1392.568356     0.9123    -0.3391
  5987.5  1392.592770    -0.5873    -0.3400
  5982.1  1392.617184    -0.8516    -0.3410
  5976.8  1392.641598    -1.1601    -0.3420
  5971.4  1392.666012    -3.8069    -0.3429
  5966.0  1392.690426    -5.7760    -0.3438
  5960.7  1392.714840    -3.6204    -0.3448
  5955.3  1392.739254     1.6676    -0.3457
  5950.0  1392.763668     4.5214    -0.3466
  5944.6  1392.788082     3.5361    -0.3475
  5939.2  1392.812497     1.0464    -0.3484
  5933.9  1392.836911    -1.0860    -0.3492
  5928.5  1392.861325    -0.8733    -0.3501
  5923.2  1392.885739    -2.4170    -0.3510
  5917.8  1392.910153    -6.8416    -0.3518
  5912.5  1392.934567    -6.3807    -0.3527
  5907.1  1392.958981    -2.9847    -0.3535
  5901.7  1392.983395    -3.4307    -0.3544
  5896.4  1393.007809    -3.3793    -0.3552
  5891.0  1393.032223    -2.1132    -0.3560
  5885.7  1393.056637    -1.9547    -0.3568
  5880.3  1393.081051    -1.3664    -0.3576
  5874.9  1393.105465    -1.7915    -0.3584
  5869.6  1393.129879    -3.2372    -0.3592
  5864.2  1393.154293    -4.0872    -0.3599
  5858.9  1393.178707    -2.2643    -0.3607
  5853.5  1393.203122    -0.9845    -0.3614
  5848.2  1393.227536    -2.2832    -0.3622
  5842.8  1393.251950    -1.8764    -0.3629
  5837.5  1393.276364     1.8500    -0.3636
  5832.1  1393.300778     2.6243    -0.3644
  5826.7  1393.325192     0.7656    -0.3651
  5821.4  1393.349606     1.8185    -0.3658
  5816.0  1393.374020     2.1424    -0.3665
  5810.7  1393.398434     1.9939    -0.3671
  5805.3  1393.422848     2.3118    -0.3678
  5800.0  1393.447262     0.0938    -0.3685
  5794.6  1393.471676    -2.8713    -0.3691
  5789.3  1393.496090    -3.1217    -0.3698
  5783.9  1393.520504    -0.4385    -0.3704
  5778.6  1393.544918     2.9065    -0.3711
  5773.2  1393.569332     3.0134    -0.3717
  5767.9  1393.593747     0.3103    -0.3723
  5762.5  1393.618161     2.2297    -0.3729
  5757.1  1393.642575     4.7843    -0.3735
  5751.8  1393.666989     2.5789    -0.3741
  5746.4  1393.691403     1.2167    -0.3747
  5741.1  1393.715817    -0.7604    -0.3753
  5735.7  1393.740231    -3.0291    -0.3758
  5730.4  1393.764645    -3.6437    -0.3764
  5725.0  1393.789059    -2.1190    -0.3769
  5719.7  1393.813473     0.8520    -0.3775
  5714.3  1393.837887    -1.8212    -0.3780
  5709.0  1393.862301    -5.1622    -0.3785
  5703.6  1393.886715    -2.2131    -0.3791
  5698.3  1393.911129     0.6295    -0.3796
  5692.9  1393.935543     1.9817    -0.3801
  5687.6  1393.959957     3.7274    -0.3806
  5682.2  1393.984372     1.9454    -0.3810
  5676.9  1394.008786    -0.1457    -0.3815
  5671.5  1394.033200     2.1796    -0.3820
  5666.2  1394.057614     3.3517    -0.3824
  5660.8  1394.082028     0.2970    -0.3829
  5655.5  1394.106442    -2.0453    -0.3833
  5650.1  1394.130856    -4.0068    -0.3838
  5644.8  1394.155270    -6.2307    -0.3842
  5639.4  1394.179684    -3.9172    -0.3846
  5634.1  1394.204098     0.8626    -0.3850
  5628.7  1394.228512    -0.1648    -0.3854
  5623.4  1394.252926    -3.3422    -0.3858
  5618.0  1394.277340    -0.4434    -0.3862
  5612.7  1394.301754     0.5895    -0.3866
  5607.3  1394.326168    -3.9657    -0.3869
  5602.0  1394.350582    -5.4815    -0.3873
  5596.6  1394.374997    -1.0934    -0.3876
  5591.3  1394.399411     1.9795    -0.3880
  5586.0  1394.423825     0.4381    -0.3883
  5580.6  1394.448239    -2.2369    -0.3887
  5575.3  1394.472653    -3.7009    -0.3890
  5569.9  1394.497067    -2.1084    -0.3893
  5564.6  1394.521481    -0.2156    -0.3896
  5559.2  1394.545895    -0.9843    -0.3899
  5553.9  1394.570309    -1.4493    -0.3902
  5548.5  1394.594723    -2.5306    -0.3904
  5543.2  1394.619137    -3.3593    -0.3907
  5537.8  1394.643551    -2.2731    -0.3910
  5532.5  1394.667965    -0.9286    -0.3912
  5527.2  1394.692379     1.2453    -0.3915
  5521.8  1394.716793     1.1947    -0.3917
  5516.5  1394.741207     0.0658    -0.3919
  5511.1  1394.765622     0.6539    -0.3922
  5505.8  1394.790036     1.9552    -0.3924
  5500.4  1394.814450     2.1936    -0.3926
  5495.1  1394.838864    -0.0973    -0.3928
  5489.7  1394.863278    -1.3944    -0.3930
  5484.4  1394.887692    -1.4644    -0.3931
  5479.1  1394.912106     1.7862    -0.3933
  5473.7  1394.936520     6.1866    -0.3935
  5468.4  1394.960934     3.8050    -0.3936
  5463.0  1394.985348     1.8792    -0.3938
  5457.7  1395.009762     2.8888    -0.3939
  5452.3  1395.034176     2.3386    -0.3940
  5447.0  1395.058590     2.7100    -0.3942
  5441.7  1395.083004     4.5836    -0.3943
  5436.3  1395.107418     4.5818    -0.3944
  5431.0  1395.131832     2.5309    -0.3945
  5425.6  1395.156247    -0.2959    -0.3946
  5420.3  1395.180661    -3.3191    -0.3947
  5415.0  1395.205075    -0.8052    -0.3947
  5409.6  1395.229489     3.0645    -0.3948
  5404.3  1395.253903     1.3772    -0.3949
  5398.9  1395.278317    -0.3238    -0.3949
  5393.6  1395.302731     1.1730    -0.3950
  5388.3  1395.327145     1.7471    -0.3950
  5382.9  1395.351559     0.4931    -0.3950
  5377.6  1395.375973     0.4361    -0.3950
  5372.2  1395.400387     0.3373    -0.3950
  5366.9  1395.424801     0.2215    -0.3951
  5361.6  1395.449215     1.0601    -0.3950
  5356.2  1395.473629     1.6131    -0.3950
  5350.9  1395.498043     2.1182    -0.3950
  5345.5  1395.522457     4.4844    -0.3950
  5340.2  1395.546872     4.1435    -0.3949
  5334.9  1395.571286     1.8949    -0.3949
  5329.5  1395.595700     3.3649    -0.3949
  5324.2  1395.620114     5.8227    -0.3948
  5318.9  1395.644528     3.6452    -0.3947
  5313.5  1395.668942    -1.0688    -0.3946
  5308.2  1395.693356    -2.6628    -0.3946
  5302.8  1395.717770    -2.2423    -0.3945
  5297.5  1395.742184    -1.8906    -0.3944
  5292.2  1395.766598     0.6111    -0.3943
  5286.8  1395.791012     2.1360    -0.3941
  5281.5  1395.815426     2.9901    -0.3940
  5276.2  1395.839840     3.1050    -0.3939
  5270.8  1395.864254    -0.9204    -0.3937
  5265.5  1395.888668    -1.7319    -0.3936
  5260.2  1395.913082     3.2591    -0.3934
  5254.8  1395.937497     3.6607    -0.3933
  5249.5  1395.961911    -0.3475    -0.3931
  5244.2  1395.986325    -2.1255    -0.3929
  5238.8  1396.010739    -0.7123    -0.3927
  5233.5  1396.035153     3.2705    -0.3925
  5228.1  1396.059567     3.4965    -0.3923
  5222.8  1396.083981    -1.0672    -0.3921
  5217.5  1396.108395    -2.3624    -0.3919
  5212.1  1396.132809    -0.7044    -0.3917
  5206.8  1396.157223     1.0116    -0.3915
  5201.5  1396.181637     1.8975    -0.3912
  5196.1  1396.206051    -0.0130    -0.3910
  5190.8  1396.230465    -1.2148    -0.3907
  5185.5  1396.254879    -0.8888    -0.3904
  5180.1  1396.279293    -3.0891    -0.3902
  5174.8  1396.303707    -2.6504    -0.3899
  5169.5  1396.328122     1.2552    -0.3896
  5164.2  1396.352536     2.4819    -0.3893
  5158.8  1396.376950     1.3317    -0.3890
  5153.5  1396.401364     0.0904    -0.3887
  5148.2  1396.425778    -0.0420    -0.3884
  5142.8  1396.450192    -0.9344    -0.3880
  5137.5  1396.474606    -1.0658    -0.3877
  5132.2  1396.499020     1.0476    -0.3873
  5126.8  1396.523434     0.0602    -0.3870
  5121.5  1396.547848    -2.1088    -0.3866
  5116.2  1396.572262    -0.8097    -0.3863
  5110.8  1396.596676     0.9558    -0.3859
  5105.5  1396.621090    -0.2966    -0.3855
  5100.2  1396.645504    -1.4815    -0.3851
  5094.9  1396.669918    -2.4859    -0.3847
  5089.5  1396.694332    -4.1150    -0.3843
  5084.2  1396.718747    -3.2167    -0.3839
  5078.9  1396.743161    -2.2637    -0.3835
  5073.5  1396.767575    -1.4199    -0.3830
  5068.2  1396.791989     1.0712    -0.3826
  5062.9  1396.816403     0.6224    -0.3822
  5057.6  1396.840817    -1.7942    -0.3817
  5052.2  1396.865231    -2.0742    -0.3812
  5046.9  1396.889645     0.3353    -0.3808
  5041.6  1396.914059     1.7361    -0.3803
  5036.2  1396.938473    -0.2966    -0.3798
  5030.9  1396.962887    -2.2904    -0.3793
  5025.6  1396.987301    -1.0355    -0.3788
  5020.3  1397.011715     0.4335    -0.3783
  5014.9  1397.036129    -2.9087    -0.3778
  5009.6  1397.060543    -6.6800    -0.3773
  5004.3  1397.084957    -4.4406    -0.3767
  4999.0  1397.109372     0.9751    -0.3762
  4993.6  1397.133786     3.3163    -0.3756
  4988.3  1397.158200     1.5373    -0.3751
  4983.0  1397.182614     0.6046    -0.3745
  4977.6  1397.207028     2.2422    -0.3739
  4972.3  1397.231442     4.1002    -0.3734
  4967.0  1397.255856     2.9282    -0.3728
  4961.7  1397.280270     0.0192    -0.3722
  4956.3  1397.304684    -1.3906    -0.3716
  4951.0  1397.329098    -1.9075    -0.3710
  4945.7  1397.353512    -2.4291    -0.3704
  4940.4  1397.377926    -1.7539    -0.3697
  4935.1  1397.402340     2.1838    -0.3691
  4929.7  1397.426754     5.7372    -0.3685
  4924.4  1397.451168     5.7594    -0.3678
  4919.1  1397.475582     3.5184    -0.3671
  4913.8  1397.499997     0.1572    -0.3665
  4908.4  1397.524411     0.2712    -0.3658
  4903.1  1397.548825     2.7002    -0.3651
  4897.8  1397.573239     2.1313    -0.3644
  4892.5  1397.597653    -0.4194    -0.3637
  4887.1  1397.622067    -0.4238    -0.3630
  4881.8  1397.646481    -0.2741    -0.3623
  4876.5  1397.670895    -2.9407    -0.3616
  4871.2  1397.695309    -1.8440    -0.3609
  4865.9  1397.719723     1.1748    -0.3602
  4860.5  1397.744137     0.4308    -0.3594
  4855.2  1397.768551    -0.1157    -0.3587
  4849.9  1397.792965     1.2855    -0.3579
  4844.6  1397.817379     1.5665    -0.3571
  4839.3  1397.841793     1.1960    -0.3564
  4833.9  1397.866207     1.7279    -0.3556
  4828.6  1397.890622     2.4588    -0.3548
  4823.3  1397.915036     2.7826    -0.3540
  4818.0  1397.939450     2.3607    -0.3532
  4812.7  1397.963864    -0.5273    -0.3524
  4807.3  1397.988278    -5.7046    -0.3516
  4802.0  1398.012692    -5.2413    -0.3507
  4796.7  1398.037106    -1.6232    -0.3499
  4791.4  1398.061520    -1.3542    -0.3490
  4786.1  1398.085934     0.5485    -0.3482
  4780.7  1398.110348     0.3264    -0.3473
  4775.4  1398.134762    -3.5053    -0.3465
  4770.1  1398.159176    -3.5920    -0.3456
  4764.8  1398.183590    -3.0513    -0.3447
  4759.5  1398.208004    -3.8703    -0.3438
  4754.1  1398.232418    -2.6924    -0.3429
  4748.8  1398.256832    -1.7577    -0.3420
  4743.5  1398.281247    -3.1348    -0.3411
  4738.2  1398.305661    -1.3766    -0.3402
  4732.9  1398.330075     1.0496    -0.3393
  4727.6  1398.354489    -0.8630    -0.3383
  4722.2  1398.378903    -1.4024    -0.3374
  4716.9  1398.403317     0.8368    -0.3364
  4711.6  1398.427731     3.2363    -0.3355
  4706.3  1398.452145     2.1993    -0.3345
  4701.0  1398.476559    -1.6771    -0.3335
  4695.7  1398.500973    -2.4820    -0.3325
  4690.3  1398.525387    -2.2835    -0.3315
  4685.0  1398.549801    -3.4970    -0.3305
  4679.7  1398.574215    -1.7960    -0.3295
  4674.4  1398.598629     0.6862    -0.3285
  4669.1  1398.623043    -0.4006    -0.3275
  4663.8  1398.647457    -0.8143    -0.3265
  4658.5  1398.671872     0.8291    -0.3254
  4653.1  1398.696286    -1.4862    -0.3244
  4647.8  1398.720700    -5.3993    -0.3233
  4642.5  1398.745114    -2.3750    -0.3223
  4637.2  1398.769528     2.4798    -0.3212
  4631.9  1398.793942    -0.3922    -0.3201
  4626.6  1398.818356    -3.0458    -0.3190
  4621.3  1398.842770     0.1391    -0.3179
  4616.0  1398.867184     1.4800    -0.3168
  4610.6  1398.891598     1.8644    -0.3157
  4605.3  1398.916012     2.3151    -0.3146
  4600.0  1398.940426    -0.0875    -0.3135
  4594.7  1398.964840    -2.4452    -0.3124
  4589.4  1398.989254    -1.4726    -0.3112
  4584.1  1399.013668     0.4835    -0.3101
  4578.8  1399.038082     1.1784    -0.3089
  4573.5  1399.062497     1.1760    -0.3078
  4568.1  1399.086911     3.5473    -0.3066
  4562.8  1399.111325     6.2091    -0.3054
  4557.5  1399.135739     5.8266    -0.3042
  4552.2  1399.160153     4.9492    -0.3030
  4546.9  1399.184567     3.3607    -0.3018
  4541.6  1399.208981     1.8769    -0.3006
  4536.3  1399.233395     3.8893    -0.2994
  4531.0  1399.257809     3.6717    -0.2982
  4525.7  1399.282223    -0.3582    -0.2969
  4520.4  1399.306637    -0.3901    -0.2957
  4515.0  1399.331051     0.1461    -0.2944
  4509.7  1399.355465    -2.1619    -0.2932
  4504.4  1399.379879    -0.6388    -0.2919
  4499.1  1399.404293     1.5627    -0.2906
  4493.8  1399.428707    -0.3142    -0.2894
  4488.5  1399.453122    -1.5223    -0.2881
  4483.2  1399.477536    -1.9822    -0.2868
  4477.9  1399.501950    -1.5829    -0.2855
  4472.6  1399.526364     1.2295    -0.2842
  4467.3  1399.550778     2.7214    -0.2828
  4462.0  1399.575192     1.9104    -0.2815
  4456.7  1399.599606     2.5442    -0.2802
  4451.3  1399.624020     1.9257    -0.2788
  4446.0  1399.648434     1.1032    -0.2775
  4440.7  1399.672848     2.7152    -0.2761
  4435.4  1399.697262     0.5607    -0.2747
  4430.1  1399.721676    -1.3514    -0.2734
  4424.8  1399.746090     1.7435    -0.2720
  4419.5  1399.770504     3.9534    -0.2706
  4414.2  1399.794918     1.9990    -0.2692
  4408.9  1399.819332     1.0411    -0.2678
  4403.6  1399.843747     0.8627    -0.2664
  4398.3  1399.868161    -0.9439    -0.2649
  4393.0  1399.892575     0.0606    -0.2635
  4387.7  1399.916989     1.0051    -0.2621
  4382.4  1399.941403    -2.1051    -0.2606
  4377.1  1399.965817    -4.0415    -0.2592
  4371.8  1399.990231    -3.1410    -0.2577
  4366.5  1400.014645    -3.0142    -0.2562
  4361.2  1400.039059    -4.6889    -0.2548
  4355.8  1400.063473    -2.4250    -0.2533
  4350.5  1400.087887     3.7527    -0.2518
  4345.2  1400.112301     2.8121    -0.2503
  4339.9  1400.136715    -0.4070    -0.2488
  4334.6  1400.161129     1.4954    -0.2472
  4329.3  1400.185543     0.9199    -0.2457
  4324.0  1400.209957    -2.2096    -0.2442
  4318.7  1400.234372    -3.0705    -0.2426
  4313.4  1400.258786    -1.1223    -0.2411
  4308.1  1400.283200     1.0016    -0.2395
  4302.8  1400.307614     1.5244    -0.2380
  4297.5  1400.332028     2.5903    -0.2364
  4292.2  1400.356442     2.8274    -0.2348
  4286.9  1400.380856     2.4436    -0.2332
  4281.6  1400.405270     2.6651    -0.2316
  4276.3  1400.429684     2.3454    -0.2300
  4271.0  1400.454098     0.7794    -0.2284
  4265.7  1400.478512    -1.0629    -0.2268
  4260.4  1400.502926     0.0724    -0.2251
  4255.1  1400.527340     2.3792    -0.2235
  4249.8  1400.551754     2.7502    -0.2219
  4244.5  1400.576168    -1.0803    -0.2202
  4239.2  1400.600582    -4.3462    -0.2185
  4233.9  1400.624997    -1.4874    -0.2169
  4228.6  1400.649411     1.4273    -0.2152
  4223.3  1400.673825     1.4086    -0.2135
  4218.0  1400.698239     1.6799    -0.2118
  4212.7  1400.722653     1.6457    -0.2101
  4207.4  1400.747067     0.7962    -0.2084
  4202.1  1400.771481    -0.3365    -0.2067
  4196.8  1400.795895    -1.2521    -0.2049
  4191.5  1400.820309    -2.7207    -0.2032
  4186.2  1400.844723    -2.4972    -0.2015
  4180.9  1400.869137    -0.8514    -0.1997
  4175.6  1400.893551    -1.3310    -0.1980
  4170.3  1400.917965    -0.2162    -0.1962
  4165.0  1400.942379     0.7586    -0.1944
  4159.7  1400.966793    -1.7578    -0.1926
  4154.4  1400.991207    -0.2396    -0.1908
  4149.1  1401.015622     2.6834    -0.1890
  4143.8  1401.040036     2.6155    -0.1872
  4138.6  1401.064450     1.4984    -0.1854
  4133.3  1401.088864    -0.1452    -0.1836
  4128.0  1401.113278    -0.8417    -0.1818
  4122.7  1401.137692    -0.2542    -0.1799
  4117.4  1401.162106    -0.5747    -0.1781
  4112.1  1401.186520    -1.7902    -0.1762
  4106.8  1401.210934    -1.9521    -0.1743
  4101.5  1401.235348     0.7566    -0.1725
  4096.2  1401.259762     2.5582    -0.1706
  4090.9  1401.284176    -0.1254    -0.1687
  4085.6  1401.308590    -1.5277    -0.1668
  4080.3  1401.333004     2.8697    -0.1649
  4075.0  1401.357418     6.0895    -0.1630
  4069.7  1401.381832     4.7923    -0.1610
  4064.4  1401.406247     4.7132    -0.1591
  4059.1  1401.430661     3.3182    -0.1572
  4053.8  1401.455075    -1.8939    -0.1552
  4048.5  1401.479489    -5.0207    -0.1533
  4043.3  1401.503903    -3.5963    -0.1513
  4038.0  1401.528317     0.5687    -0.1493
  4032.7  1401.552731     2.8110    -0.1473
  4027.4  1401.577145     1.4783    -0.1454
  4022.1  1401.601559    -0.3988    -0.1434
  4016.8  1401.625973    -0.6448    -0.1414
  4011.5  1401.650387    -0.1052    -0.1393
  4006.2  1401.674801    -1.8069    -0.1373
  4000.9  1401.699215    -3.8652    -0.1353
  3995.6  1401.723629    -2.9131    -0.1332
  3990.3  1401.748043    -0.8185    -0.1312
  3985.0  1401.772457     1.1337    -0.1291
  3979.8  1401.796872     1.2794    -0.1271
  3974.5  1401.821286     0.0934    -0.1250
  3969.2  1401.845700    -0.8753    -0.1229
  3963.9  1401.870114    -1.2719    -0.1208
  3958.6  1401.894528    -0.1553    -0.1187
  3953.3  1401.918942     0.6098    -0.1166
  3948.0  1401.943356    -1.0586    -0.1145
  3942.7  1401.967770    -1.9482    -0.1124
  3937.4  1401.992184    -0.4915    -0.1103
  3932.1  1402.016598     0.5004    -0.1081
  3926.9  1402.041012     0.7361    -0.1060
  3921.6  1402.065426     1.7552    -0.1038
  3916.3  1402.089840     2.3992    -0.1017
  3911.0  1402.114254     1.0992    -0.0995
  3905.7  1402.138668    -2.0013    -0.0973
  3900.4  1402.163082    -2.9637    -0.0951
  3895.1  1402.187497    -2.0250    -0.0929
  3889.8  1402.211911    -1.0867    -0.0907
  3884.6  1402.236325     0.7709    -0.0885
  3879.3  1402.260739     1.1104    -0.0863
  3874.0  1402.285153     0.3834    -0.0840
  3868.7  1402.309567     0.3757    -0.0818
  3863.4  1402.333981     0.0295    -0.0795
  3858.1  1402.358395     1.7032    -0.0773
  3852.8  1402.382809     4.1342    -0.0750
  3847.5  1402.407223     2.9692    -0.0727
  3842.3  1402.431637    -3.4697    -0.0705
  3837.0  1402.456051    -6.5191    -0.0682
  3831.7  1402.480465    -0.8759    -0.0659
  3826.4  1402.504879     3.0627    -0.0636
  3821.1  1402.529293     1.9732    -0.0612
  3815.8  1402.553707     2.6288    -0.0589
  3810.5  1402.578122     4.0178    -0.0566
  3805.3  1402.602536     3.0702    -0.0542
  3800.0  1402.626950     2.6552    -0.0519
  3794.7  1402.651364     3.4063    -0.0495
  3789.4  1402.675778     3.1841    -0.0472
  3784.1  1402.700192     1.9669    -0.0448
  3778.8  1402.724606     1.3837    -0.0424
  3773.6  1402.749020     0.9975    -0.0400
  3768.3  1402.773434    -1.4444    -0.0376
  3763.0  1402.797848    -2.9242    -0.0352
  3757.7  1402.822262     0.1235    -0.0328
  3752.4  1402.846676     0.6823    -0.0303
  3747.1  1402.871090    -3.2813    -0.0279
  3741.9  1402.895504    -2.5749    -0.0254
  3736.6  1402.919918    -0.6666    -0.0230
  3731.3  1402.944332    -2.1413    -0.0205
  3726.0  1402.968747    -3.3430    -0.0180
  3720.7  1402.993161    -2.6232    -0.0156
  3715.5  1403.017575    -2.0217    -0.0131
  3710.2  1403.041989    -2.1530    -0.0106
  3704.9  1403.066403    -2.0820    -0.0081
  3699.6  1403.090817     0.5506    -0.0055
  3694.3  1403.115231     3.8717    -0.0030
  3689.0  1403.139645     2.1700    -0.0005
  3683.8  1403.164059    -2.8598     0.0021
  3678.5  1403.188473    -4.5026     0.0046
  3673.2  1403.212887    -2.5895     0.0072
  3667.9  1403.237301    -0.0003     0.0097
  3662.6  1403.261715     1.7926     0.0123
  3657.4  1403.286129    -0.0024     0.0149
  3652.1  1403.310543    -2.4378     0.0175
  3646.8  1403.334957    -1.9889     0.0201
  3641.5  1403.359372    -1.1104     0.0227
  3636.3  1403.383786    -1.2007     0.0254
  3631.0  1403.408200    -0.3414     0.0280
  3625.7  1403.432614     0.7840     0.0306
  3620.4  1403.457028    -0.2952     0.0333
  3615.1  1403.481442    -2.3005     0.0359
  3609.9  1403.505856    -4.1314     0.0386
  3604.6  1403.530270    -3.1302     0.0413
  3599.3  1403.554684    -1.5222     0.0440
  3594.0  1403.579098    -2.3414     0.0467
  3588.8  1403.603512    -2.2892     0.0494
  3583.5  1403.627926    -2.3409     0.0521
  3578.2  1403.652340    -3.0555     0.0548
  3572.9  1403.676754    -0.6136     0.0575
  3567.6  1403.701168     1.3679     0.0603
  3562.4  1403.725582     1.3150     0.0630
  3557.1  1403.749997    -0.0516     0.0658
  3551.8  1403.774411    -2.3811     0.0685
  3546.5  1403.798825    -3.1814     0.0713
  3541.3  1403.823239     0.6890     0.0741
  3536.0  1403.847653     4.1678     0.0769
  3530.7  1403.872067     3.9849     0.0797
  3525.4  1403.896481     2.7500     0.0825
  3520.2  1403.920895     0.2052     0.0853
  3514.9  1403.945309     0.1540     0.0882
  3509.6  1403.969723     1.2883     0.0910
  3504.3  1403.994137    -0.4978     0.0938
  3499.1  1404.018551    -2.0983     0.0967
  3493.8  1404.042965    -2.0768     0.0996
  3488.5  1404.067379    -2.1096     0.1024
  3483.3  1404.091793    -3.2223     0.1053
  3478.0  1404.116207    -3.3963     0.1082
  3472.7  1404.140622    -3.8634     0.1111
  3467.4  1404.165036    -2.6532     0.1140
  3462.2  1404.189450    -0.3908     0.1170
  3456.9  1404.213864    -1.7092     0.1199
  3451.6  1404.238278    -2.3462     0.1228
  3446.3  1404.262692    -0.8619     0.1258
  3441.1  1404.287106    -0.1138     0.1287
  3435.8  1404.311520    -1.1069     0.1317
  3430.5  1404.335934    -3.8760     0.1347
  3425.3  1404.360348    -1.4072     0.1377
  3420.0  1404.384762     3.9954     0.1407
  3414.7  1404.409176     2.8547     0.1437
  3409.4  1404.433590    -0.4411     0.1467
  3404.2  1404.458004    -0.4642     0.1497
  3398.9  1404.482418    -0.1473     0.1527
  3393.6  1404.506832    -1.1624     0.1558
  3388.4  1404.531247    -1.1460     0.1588
  3383.1  1404.555661     0.8145     0.1619
  3377.8  1404.580075    -0.5683     0.1650
  3372.6  1404.604489    -1.6029     0.1681
  3367.3  1404.628903     2.2386     0.1711
  3362.0  1404.653317     4.2292     0.1742
  3356.7  1404.677731     2.5623     0.1774
  3351.5  1404.702145     0.5555     0.1805
  3346.2  1404.726559     0.4928     0.1836
  3340.9  1404.750973    -0.1312     0.1867
  3335.7  1404.775387    -3.5939     0.1899
  3330.4  1404.799801    -3.5898     0.1930
  3325.1  1404.824215    -0.4827     0.1962
  3319.9  1404.848629     0.6727     0.1994
  3314.6  1404.873043     0.0774     0.2026
  3309.3  1404.897457    -0.2601     0.2058
  3304.1  1404.921872     1.1256     0.2090
  3298.8  1404.946286     2.1254     0.2122
  3293.5  1404.970700     0.2562     0.2154
  3288.3  1404.995114    -1.9146     0.2186
  3283.0  1405.019528    -0.7615     0.2219
  3277.7  1405.043942     1.1362     0.2251
  3272.5  1405.068356     2.1851     0.2284
  3267.2  1405.092770     3.0813     0.2317
  3261.9  1405.117184     0.6796     0.2349
  3256.7  1405.141598    -1.3100     0.2382
  3251.4  1405.166012    -1.0522     0.2415
  3246.1  1405.190426    -3.2770     0.2448
  3240.9  1405.214840    -4.1366     0.2482
  3235.6  1405.239254    -1.7048     0.2515
  3230.3  1405.263668     0.0910     0.2548
  3225.1  1405.288082     3.1159     0.2582
  3219.8  1405.312497     2.4135     0.2615
  3214.6  1405.336911    -1.4480     0.2649
  3209.3  1405.361325    -2.5737     0.2683
  3204.0  1405.385739    -1.2307     0.2717
  3198.8  1405.410153     1.5237     0.2751
  3193.5  1405.434567     1.5291     0.2785
  3188.2  1405.458981    -0.2756     0.2819
  3183.0  1405.483395     0.8733     0.2853
  3177.7  1405.507809     3.0626     0.2888
  3172.4  1405.532223     3.8057     0.2922
  3167.2  1405.556637     1.3503     0.2957
  3161.9  1405.581051    -4.1824     0.2991
  3156.7  1405.605465    -3.9036     0.3026
  3151.4  1405.629879     1.7253     0.3061
  3146.1  1405.654293     3.1058     0.3096
  3140.9  1405.678707     1.3055     0.3131
  3135.6  1405.703122     0.0930     0.3166
  3130.4  1405.727536     0.7905     0.3201
  3125.1  1405.751950     0.4803     0.3237
  3119.8  1405.776364    -1.8759     0.3272
  3114.6  1405.800778    -3.5377     0.3308
  3109.3  1405.825192    -3.3098     0.3343
  3104.0  1405.849606    -1.7502     0.3379
  3098.8  1405.874020    -0.8405     0.3415
  3093.5  1405.898434    -1.0182     0.3451
  3088.3  1405.922848    -1.0639     0.3487
  3083.0  1405.947262     0.3189     0.3523
  3077.8  1405.971676     2.8194     0.3560
  3072.5  1405.996090     4.6926     0.3596
  3067.2  1406.020504     5.2298     0.3632
  3062.0  1406.044918     3.1539     0.3669
  3056.7  1406.069332     2.5942     0.3706
  3051.5  1406.093747     4.4060     0.3743
  3046.2  1406.118161     3.0163     0.3779
  3040.9  1406.142575     0.3359     0.3816
  3035.7  1406.166989     0.0363     0.3853
  3030.4  1406.191403    -0.6636     0.3891
  3025.2  1406.215817    -1.8411     0.3928
  3019.9  1406.240231    -1.8749     0.3965
  3014.7  1406.264645    -1.3645     0.4003
  3009.4  1406.289059    -1.5108     0.4041
  3004.1  1406.313473    -0.9930     0.4078
  2998.9  1406.337887     0.1209     0.4116
  2993.6  1406.362301    -0.6330     0.4154
  2988.4  1406.386715    -1.0910     0.4192
  2983.1  1406.411129    -1.0820     0.4230
  2977.9  1406.435543    -0.1990     0.4268
  2972.6  1406.459957     2.1772     0.4307
  2967.3  1406.484372     0.4786     0.4345
  2962.1  1406.508786    -2.6056     0.4384
  2956.8  1406.533200    -1.5188     0.4422
  2951.6  1406.557614    -0.3031     0.4461
  2946.3  1406.582028    -1.3220     0.4500
  2941.1  1406.606442     0.4364     0.4539
  2935.8  1406.630856     3.3909     0.4578
  2930.6  1406.655270     2.9581     0.4617
  2925.3  1406.679684     1.3990     0.4656
  2920.1  1406.704098     1.8121     0.4696
  2914.8  1406.728512     3.5167     0.4735
  2909.5  1406.752926     2.0836     0.4775
  2904.3  1406.777340    -1.2958     0.4815
  2899.0  1406.801754     0.5552     0.4854
  2893.8  1406.826168     2.0765     0.4894
  2888.5  1406.850582     0.1867     0.4934
  2883.3  1406.874997     2.1111     0.4974
  2878.0  1406.899411     3.3118     0.5015
  2872.8  1406.923825     0.1727     0.5055
  2867.5  1406.948239    -0.7508     0.5096
  2862.3  1406.972653    -0.0547     0.5136
  2857.0  1406.997067     1.0136     0.5177
  2851.8  1407.021481     3.0356     0.5218
  2846.5  1407.045895     2.6562     0.5258
  2841.3  1407.070309     1.1641     0.5299
  2836.0  1407.094723     3.7698     0.5341
  2830.8  1407.119137     3.6657     0.5382
  2825.5  1407.143551    -0.6647     0.5423
  2820.3  1407.167965    -2.3073     0.5464
  2815.0  1407.192379    -1.3329     0.5506
  2809.8  1407.216793     0.1997     0.5548
  2804.5  1407.241207     2.1392     0.5589
  2799.3  1407.265622     2.7536     0.5631
  2794.0  1407.290036     0.9589     0.5673
  2788.8  1407.314450    -0.5637     0.5715
  2783.5  1407.338864     0.0333     0.5758
  2778.3  1407.363278     0.7790     0.5800
  2773.0  1407.387692     0.7521     0.5842
  2767.8  1407.412106    -1.2536     0.5885
  2762.5  1407.436520    -4.0568     0.5927
  2757.3  1407.460934    -2.2102     0.5970
  2752.0  1407.485348     1.6671     0.6013
  2746.8  1407.509762     1.2083     0.6056
  2741.5  1407.534176     0.8394     0.6099
  2736.3  1407.558590     0.4986     0.6142
  2731.0  1407.583004    -2.2093     0.6186
  2725.8  1407.607418    -2.7426     0.6229
  2720.5  1407.631832     1.1995     0.6273
  2715.3  1407.656247     2.7699     0.6316
  2710.1  1407.680661     0.5813     0.6360
  2704.8  1407.705075     0.2567     0.6404
  2699.6  1407.729489    -0.4394     0.6448
  2694.3  1407.753903    -2.8339     0.6492
  2689.1  1407.778317    -2.5298     0.6536
  2683.8  1407.802731     0.1963     0.6580
  2678.6  1407.827145     2.6853     0.6625
  2673.3  1407.851559     0.1963     0.6669
  2668.1  1407.875973    -3.6529     0.6714
  2662.8  1407.900387    -3.0408     0.6759
  2657.6  1407.924801    -1.4471     0.6804
  2652.4  1407.949215    -0.3899     0.6849
  2647.1  1407.973629     0.6627     0.6894
  2641.9  1407.998043     0.0397     0.6939
  2636.6  1408.022457    -2.9876     0.6984
  2631.4  1408.046872    -4.5402     0.7030
  2626.1  1408.071286    -2.7274     0.7075
  2620.9  1408.095700    -1.3054     0.7121
  2615.6  1408.120114    -2.8806     0.7167
  2610.4  1408.144528    -6.7253     0.7213
  2605.2  1408.168942    -5.9739     0.7259
  2599.9  1408.193356    -1.3877     0.7305
  2594.7  1408.217770    -1.4299     0.7351
  2589.4  1408.242184    -4.8024     0.7398
  2584.2  1408.266598    -4.7495     0.7444
  2578.9  1408.291012    -0.7369     0.7491
  2573.7  1408.315426     0.6520     0.7538
  2568.5  1408.339840    -1.4591     0.7584
  2563.2  1408.364254     0.1002     0.7631
  2558.0  1408.388668     2.7868     0.7678
  2552.7  1408.413082     2.9035     0.7726
  2547.5  1408.437497     1.7924     0.7773
  2542.3  1408.461911     1.5726     0.7820
  2537.0  1408.486325     1.1803     0.7868
  2531.8  1408.510739    -0.4406     0.7916
  2526.5  1408.535153     1.0466     0.7964
  2521.3  1408.559567     2.9049     0.8011
  2516.1  1408.583981     0.8867     0.8059
  2510.8  1408.608395    -1.0790     0.8108
  2505.6  1408.632809    -0.5320     0.8156
  2500.3  1408.657223     1.1518     0.8204
