#Cornell Digital HI Archive
#Springob, C. M., Haynes, M. P., Giovanelli, R. and Kent, B. R. 2005, ApJS, 160,149
#ASCII Table format
#Generated by Brian Kent  Wed Jan 17 16:34:11 2007
# 
#Telescope:      Arecibo line feed system
#Beam size:      3.3 [arcminutes]
#Object:         AGC 100038
#RA:             1.5587500  (J2000) decimal degrees
#DEC:            8.8872222  (J2000) decimal degrees
#Rest Frequency: 1.4204058e+09 [Hz]
#Bandwidth:      20000 [kHz]
#Channels:       512
#Ref Code:       2005ApJS..160..149S
#Spectrum codes:  Single Hanning only;  Good quality;  (see reference)
#HI Archive at http://arecibo.tc.cornell.edu/hiarchive/
#This spectrum is not baselined.  For a baselined spectrum, subtract the provided polynomial fit.
#Table FORMAT:  (f8.1,1x,f12.6,1x,f10.4,1x,f10.4)
# 
#Column descriptions:
# 1. Heliocentric velocity [km/s]
# 2. Radio frequency [MHz]
# 3. Flux Density [mJy]
# 4. Polynomial baseline fit
# 
####################################################################
# 
  9434.5  1377.069287     3.2790     2.6340
  9443.3  1377.030225    -0.7641     2.6110
  9452.0  1376.991162     2.0060     2.5882
  9460.8  1376.952100     2.8520     2.5656
  9469.6  1376.913037     1.0440     2.5432
  9478.4  1376.873975     1.2990     2.5209
  9487.1  1376.834912     3.9820     2.4989
  9495.9  1376.795850     4.2910     2.4770
  9504.7  1376.756787     5.8510     2.4553
  9513.5  1376.717725     5.6780     2.4338
  9522.2  1376.678662     1.4240     2.4125
  9531.0  1376.639600     5.0160     2.3914
  9539.8  1376.600537     3.6310     2.3704
  9548.6  1376.561475     3.9140     2.3496
  9557.4  1376.522412     1.4900     2.3290
  9566.1  1376.483350     0.9940     2.3086
  9574.9  1376.444287     3.0200     2.2884
  9583.7  1376.405225     1.0560     2.2683
  9592.5  1376.366162     1.3760     2.2484
  9601.3  1376.327100     1.5510     2.2287
  9610.0  1376.288037     2.5130     2.2092
  9618.8  1376.248975     2.1680     2.1898
  9627.6  1376.209912     1.2860     2.1706
  9636.4  1376.170850    -0.8354     2.1516
  9645.2  1376.131787     4.9610     2.1327
  9653.9  1376.092725     3.5510     2.1140
  9662.7  1376.053662     4.6970     2.0955
  9671.5  1376.014600     2.0510     2.0772
  9680.3  1375.975537     2.0900     2.0590
  9689.1  1375.936475     1.8610     2.0410
  9697.9  1375.897412     1.4120     2.0232
  9706.7  1375.858350     5.2020     2.0055
  9715.4  1375.819287     1.0570     1.9880
  9724.2  1375.780225     3.3770     1.9706
  9733.0  1375.741162     2.1470     1.9534
  9741.8  1375.702100     2.3260     1.9364
  9750.6  1375.663037     1.5850     1.9196
  9759.4  1375.623975     3.2600     1.9029
  9768.2  1375.584912     0.2452     1.8863
  9777.0  1375.545850    -1.3360     1.8700
  9785.8  1375.506787     1.9320     1.8538
  9794.6  1375.467725     2.3670     1.8377
  9803.3  1375.428662     0.2691     1.8218
  9812.1  1375.389600     0.0055     1.8060
  9820.9  1375.350537     2.3320     1.7905
  9829.7  1375.311475    -0.4745     1.7750
  9838.5  1375.272412     1.3310     1.7597
  9847.3  1375.233350     4.6690     1.7446
  9856.1  1375.194287     0.9975     1.7297
  9864.9  1375.155225     1.7060     1.7148
  9873.7  1375.116162     1.7970     1.7002
  9882.5  1375.077100     4.0520     1.6856
  9891.3  1375.038037     2.7850     1.6713
  9900.1  1374.998975     0.5662     1.6571
  9908.9  1374.959912     0.6491     1.6430
  9917.7  1374.920850     2.7780     1.6291
  9926.5  1374.881787     1.1740     1.6153
  9935.3  1374.842725     2.4800     1.6017
  9944.1  1374.803662     1.8540     1.5882
  9952.9  1374.764600    -0.0897     1.5748
  9961.7  1374.725537     1.4370     1.5616
  9970.5  1374.686475    -1.3300     1.5486
  9979.3  1374.647412     3.0330     1.5357
  9988.1  1374.608350    -0.5941     1.5229
  9996.9  1374.569287     2.7890     1.5103
 10005.7  1374.530225     1.5860     1.4978
 10014.5  1374.491162     2.6190     1.4854
 10023.3  1374.452100     1.1240     1.4732
 10032.1  1374.413037     2.9810     1.4611
 10040.9  1374.373975    -0.6904     1.4492
 10049.7  1374.334912     0.9216     1.4374
 10058.5  1374.295850     1.7830     1.4257
 10067.4  1374.256787     0.4349     1.4142
 10076.2  1374.217725    -2.8770     1.4028
 10085.0  1374.178662     0.2413     1.3915
 10093.8  1374.139600     0.6097     1.3804
 10102.6  1374.100537     0.4584     1.3694
 10111.4  1374.061475     3.0210     1.3585
 10120.2  1374.022412     2.2890     1.3478
 10129.0  1373.983350     0.8141     1.3371
 10137.8  1373.944287     2.5170     1.3267
 10146.6  1373.905225     3.4550     1.3163
 10155.5  1373.866162     0.0034     1.3061
 10164.3  1373.827100     3.0790     1.2960
 10173.1  1373.788037     1.6380     1.2860
 10181.9  1373.748975     0.6284     1.2761
 10190.7  1373.709912     3.4900     1.2664
 10199.5  1373.670850     1.3840     1.2568
 10208.3  1373.631787     0.5727     1.2473
 10217.2  1373.592725     1.7700     1.2379
 10226.0  1373.553662     2.3660     1.2287
 10234.8  1373.514600     2.7140     1.2196
 10243.6  1373.475537    -0.9085     1.2106
 10252.4  1373.436475     1.0220     1.2017
 10261.2  1373.397412     2.1140     1.1929
 10270.1  1373.358350     0.3397     1.1842
 10278.9  1373.319287    -0.1410     1.1757
 10287.7  1373.280225     0.6822     1.1673
 10296.5  1373.241162     2.1150     1.1590
 10305.3  1373.202100     2.7310     1.1508
 10314.2  1373.163037     2.0170     1.1427
 10323.0  1373.123975     1.0330     1.1347
 10331.8  1373.084912     2.4690     1.1269
 10340.6  1373.045850     1.3140     1.1191
 10349.5  1373.006787    -0.0198     1.1115
 10358.3  1372.967725     1.1560     1.1040
 10367.1  1372.928662     1.0690     1.0965
 10375.9  1372.889600     0.5255     1.0892
 10384.8  1372.850537     2.0720     1.0820
 10393.6  1372.811475     2.7770     1.0749
 10402.4  1372.772412     1.8230     1.0679
 10411.2  1372.733350     2.4790     1.0610
 10420.1  1372.694287    -0.2949     1.0543
 10428.9  1372.655225     1.2860     1.0476
 10437.7  1372.616162     0.7368     1.0410
 10446.5  1372.577100    -0.0177     1.0345
 10455.4  1372.538037     3.4240     1.0281
 10464.2  1372.498975     1.8270     1.0219
 10473.0  1372.459912     0.4276     1.0157
 10481.9  1372.420850     0.5431     1.0096
 10490.7  1372.381787     2.0690     1.0036
 10499.5  1372.342725     2.0920     0.9977
 10508.4  1372.303662    -0.5487     0.9919
 10517.2  1372.264600     1.0330     0.9862
 10526.0  1372.225537     1.6350     0.9806
 10534.9  1372.186475     1.4060     0.9751
 10543.7  1372.147412     1.0690     0.9697
 10552.5  1372.108350    -1.0210     0.9644
 10561.4  1372.069287     2.4780     0.9592
 10570.2  1372.030225     0.2559     0.9540
 10579.0  1371.991162     3.2880     0.9490
 10587.9  1371.952100     0.5811     0.9440
 10596.7  1371.913037     1.2730     0.9391
 10605.5  1371.873975     0.8663     0.9344
 10614.4  1371.834912     1.0700     0.9297
 10623.2  1371.795850     2.1840     0.9251
 10632.1  1371.756787    -0.6685     0.9205
 10640.9  1371.717725     0.8186     0.9161
 10649.7  1371.678662    -1.5430     0.9117
 10658.6  1371.639600     2.6600     0.9075
 10667.4  1371.600537     0.5290     0.9033
 10676.3  1371.561475     0.0178     0.8991
 10685.1  1371.522412    -0.2194     0.8951
 10694.0  1371.483350     0.4521     0.8912
 10702.8  1371.444287    -0.8611     0.8873
 10711.6  1371.405225     1.4580     0.8835
 10720.5  1371.366162     1.3950     0.8798
 10729.3  1371.327100    -1.1370     0.8761
 10738.2  1371.288037    -0.6534     0.8726
 10747.0  1371.248975     1.2650     0.8691
 10755.9  1371.209912    -0.6733     0.8657
 10764.7  1371.170850     0.2343     0.8623
 10773.6  1371.131787     1.3230     0.8591
 10782.4  1371.092725     1.0900     0.8559
 10791.3  1371.053662     0.5837     0.8528
 10800.1  1371.014600    -0.1023     0.8497
 10809.0  1370.975537     1.7100     0.8467
 10817.8  1370.936475     0.2874     0.8438
 10826.7  1370.897412     0.5950     0.8410
 10835.5  1370.858350     3.9000     0.8382
 10844.4  1370.819287     0.4403     0.8355
 10853.2  1370.780225     1.8650     0.8329
 10862.1  1370.741162    -0.4417     0.8303
 10870.9  1370.702100     1.6830     0.8278
 10879.8  1370.663037     1.7750     0.8253
 10888.6  1370.623975    -0.3327     0.8229
 10897.5  1370.584912     1.3260     0.8206
 10906.3  1370.545850     0.7914     0.8183
 10915.2  1370.506787     0.6714     0.8161
 10924.1  1370.467725     0.1910     0.8140
 10932.9  1370.428662    -0.0102     0.8119
 10941.8  1370.389600     0.8372     0.8099
 10950.6  1370.350537    -0.7971     0.8079
 10959.5  1370.311475     3.7540     0.8060
 10968.3  1370.272412     1.2740     0.8042
 10977.2  1370.233350     2.2150     0.8024
 10986.1  1370.194287     0.4795     0.8006
 10994.9  1370.155225     2.0080     0.7989
 11003.8  1370.116162     3.5100     0.7973
 11012.6  1370.077100    -0.1237     0.7957
 11021.5  1370.038037     0.2568     0.7942
 11030.4  1369.998975     0.4818     0.7927
 11039.2  1369.959912     1.8800     0.7913
 11048.1  1369.920850     1.0860     0.7899
 11057.0  1369.881787    -0.1106     0.7886
 11065.8  1369.842725    -0.2129     0.7873
 11074.7  1369.803662     1.0840     0.7860
 11083.5  1369.764600     0.7828     0.7848
 11092.4  1369.725537     1.8470     0.7837
 11101.3  1369.686475     0.7104     0.7826
 11110.1  1369.647412     0.0675     0.7815
 11119.0  1369.608350    -0.2145     0.7805
 11127.9  1369.569287     0.6111     0.7796
 11136.7  1369.530225    -0.8609     0.7786
 11145.6  1369.491162    -0.4233     0.7777
 11154.5  1369.452100    -1.6280     0.7769
 11163.4  1369.413037    -0.9115     0.7761
 11172.2  1369.373975     2.1730     0.7753
 11181.1  1369.334912     1.2710     0.7746
 11190.0  1369.295850     0.6250     0.7739
 11198.8  1369.256787     1.7670     0.7732
 11207.7  1369.217725    -0.2227     0.7726
 11216.6  1369.178662     0.0810     0.7720
 11225.5  1369.139600     1.4310     0.7714
 11234.3  1369.100537     0.5475     0.7709
 11243.2  1369.061475    -0.2058     0.7704
 11252.1  1369.022412     0.7600     0.7699
 11261.0  1368.983350     0.1482     0.7695
 11269.8  1368.944287     1.3550     0.7691
 11278.7  1368.905225     1.5970     0.7687
 11287.6  1368.866162     0.4348     0.7684
 11296.5  1368.827100    -1.1170     0.7681
 11305.3  1368.788037     2.9590     0.7678
 11314.2  1368.748975     0.9516     0.7675
 11323.1  1368.709912     3.5540     0.7673
 11332.0  1368.670850     5.9790     0.7671
 11340.9  1368.631787     6.8070     0.7669
 11349.7  1368.592725     4.9310     0.7667
 11358.6  1368.553662     3.5180     0.7666
 11367.5  1368.514600     6.9410     0.7665
 11376.4  1368.475537     5.4740     0.7664
 11385.3  1368.436475     2.9750     0.7663
 11394.1  1368.397412     3.3680     0.7662
 11403.0  1368.358350     1.6450     0.7662
 11411.9  1368.319287     3.4000     0.7662
 11420.8  1368.280225     3.1660     0.7662
 11429.7  1368.241162     2.1720     0.7662
 11438.6  1368.202100     3.7890     0.7662
 11447.5  1368.163037     2.4870     0.7663
 11456.3  1368.123975     3.4520     0.7663
 11465.2  1368.084912     1.5130     0.7664
 11474.1  1368.045850     3.6950     0.7665
 11483.0  1368.006787     1.6720     0.7665
 11491.9  1367.967725     2.4780     0.7666
 11500.8  1367.928662     0.7341     0.7668
 11509.7  1367.889600     2.5860     0.7669
 11518.6  1367.850537     3.8290     0.7670
 11527.5  1367.811475     1.9870     0.7672
 11536.3  1367.772412     2.6510     0.7673
 11545.2  1367.733350     2.9410     0.7674
 11554.1  1367.694287     4.1340     0.7676
 11563.0  1367.655225     1.8820     0.7678
 11571.9  1367.616162     3.6340     0.7679
 11580.8  1367.577100     3.5050     0.7681
 11589.7  1367.538037     4.7190     0.7683
 11598.6  1367.498975     4.3710     0.7684
 11607.5  1367.459912     0.4183     0.7686
 11616.4  1367.420850     2.5620     0.7688
 11625.3  1367.381787     1.5170     0.7690
 11634.2  1367.342725     0.8063     0.7691
 11643.1  1367.303662     2.1040     0.7693
 11652.0  1367.264600     0.9670     0.7695
 11660.9  1367.225537     3.7610     0.7696
 11669.8  1367.186475     3.7960     0.7698
 11678.7  1367.147412     4.2770     0.7700
 11687.6  1367.108350     3.4410     0.7701
 11696.5  1367.069287     3.1580     0.7702
 11705.4  1367.030225     4.3870     0.7704
 11714.3  1366.991162     5.0290     0.7705
 11723.2  1366.952100     1.5420     0.7706
 11732.1  1366.913037     7.6220     0.7707
 11741.0  1366.873975     5.6100     0.7708
 11749.9  1366.834912     4.2330     0.7709
 11758.8  1366.795850     1.4610     0.7710
 11767.7  1366.756787     2.2450     0.7710
 11776.6  1366.717725     1.1370     0.7711
 11785.5  1366.678662     1.7800     0.7711
 11794.4  1366.639600     0.9313     0.7711
 11803.3  1366.600537     0.5869     0.7711
 11812.2  1366.561475    -0.0350     0.7711
 11821.1  1366.522412    -1.2540     0.7711
 11830.0  1366.483350     2.5020     0.7710
 11838.9  1366.444287    -0.8961     0.7710
 11847.9  1366.405225     2.6090     0.7709
 11856.8  1366.366162     0.2359     0.7708
 11865.7  1366.327100    -0.8210     0.7706
 11874.6  1366.288037    -1.7170     0.7705
 11883.5  1366.248975     0.9199     0.7703
 11892.4  1366.209912     0.1215     0.7701
 11901.3  1366.170850     1.9630     0.7699
 11910.2  1366.131787     0.7402     0.7696
 11919.1  1366.092725     0.5339     0.7693
 11928.1  1366.053662     0.1826     0.7690
 11937.0  1366.014600     1.9540     0.7687
 11945.9  1365.975537     1.4100     0.7683
 11954.8  1365.936475     2.0790     0.7679
 11963.7  1365.897412     1.1690     0.7675
 11972.6  1365.858350     1.9630     0.7671
 11981.5  1365.819287    -0.4231     0.7666
 11990.5  1365.780225     1.2390     0.7661
 11999.4  1365.741162    -0.6026     0.7655
 12008.3  1365.702100     1.3220     0.7650
 12017.2  1365.663037     1.0020     0.7643
 12026.1  1365.623975     1.0810     0.7637
 12035.1  1365.584912     1.4350     0.7630
 12044.0  1365.545850     0.1265     0.7623
 12052.9  1365.506787     2.3970     0.7615
 12061.8  1365.467725     2.4870     0.7607
 12070.7  1365.428662     0.5273     0.7599
 12079.7  1365.389600     1.2110     0.7590
 12088.6  1365.350537    -0.6397     0.7581
 12097.5  1365.311475     1.8110     0.7571
 12106.4  1365.272412    -0.8240     0.7561
 12115.4  1365.233350     0.2734     0.7551
 12124.3  1365.194287     0.8010     0.7540
 12133.2  1365.155225    -0.6717     0.7529
 12142.1  1365.116162     0.9641     0.7517
 12151.1  1365.077100    -1.3040     0.7505
 12160.0  1365.038037     1.8630     0.7492
 12168.9  1364.998975     1.5480     0.7479
 12177.8  1364.959912    -1.1430     0.7465
 12186.8  1364.920850     1.2760     0.7451
 12195.7  1364.881787     2.1210     0.7437
 12204.6  1364.842725     2.2770     0.7421
 12213.6  1364.803662    -0.3849     0.7406
 12222.5  1364.764600    -0.7911     0.7390
 12231.4  1364.725537     1.5260     0.7373
 12240.3  1364.686475     1.5270     0.7356
 12249.3  1364.647412    -0.0410     0.7338
 12258.2  1364.608350    -0.0759     0.7320
 12267.1  1364.569287     0.7440     0.7301
 12276.1  1364.530225     1.5440     0.7281
 12285.0  1364.491162     1.2090     0.7261
 12293.9  1364.452100     2.4540     0.7241
 12302.9  1364.413037     1.6750     0.7219
 12311.8  1364.373975     0.6634     0.7198
 12320.8  1364.334912     1.5670     0.7175
 12329.7  1364.295850     1.3380     0.7152
 12338.6  1364.256787     0.5506     0.7129
 12347.6  1364.217725    -1.4700     0.7104
 12356.5  1364.178662     1.4950     0.7080
 12365.4  1364.139600     0.6864     0.7054
 12374.4  1364.100537    -2.4550     0.7028
 12383.3  1364.061475    -0.1445     0.7001
 12392.3  1364.022412     1.6860     0.6973
 12401.2  1363.983350     2.7810     0.6945
 12410.1  1363.944287     0.7265     0.6916
 12419.1  1363.905225     0.7641     0.6887
 12428.0  1363.866162     2.1770     0.6857
 12437.0  1363.827100     2.7570     0.6826
 12445.9  1363.788037     2.3320     0.6794
 12454.9  1363.748975     0.3646     0.6762
 12463.8  1363.709912     1.6220     0.6728
 12472.7  1363.670850    -0.7249     0.6695
 12481.7  1363.631787     3.2460     0.6660
 12490.6  1363.592725     1.7620     0.6625
 12499.6  1363.553662     0.1342     0.6589
 12508.5  1363.514600     0.6323     0.6552
 12517.5  1363.475537     1.7870     0.6514
 12526.4  1363.436475     1.8360     0.6476
 12535.4  1363.397412     0.8743     0.6436
 12544.3  1363.358350    -1.2020     0.6396
 12553.3  1363.319287     2.3480     0.6356
 12562.2  1363.280225     2.2060     0.6314
 12571.2  1363.241162    -0.3223     0.6271
 12580.1  1363.202100     0.1459     0.6228
 12589.1  1363.163037     0.2644     0.6184
 12598.0  1363.123975    -0.7048     0.6139
 12607.0  1363.084912    -1.2800     0.6093
 12615.9  1363.045850     0.3863     0.6047
 12624.9  1363.006787     1.6180     0.5999
 12633.8  1362.967725    -1.5560     0.5951
 12642.8  1362.928662     1.5040     0.5901
 12651.7  1362.889600    -0.5155     0.5851
 12660.7  1362.850537    -0.2324     0.5800
 12669.7  1362.811475     5.2650     0.5748
 12678.6  1362.772412     0.2249     0.5695
 12687.6  1362.733350    -0.1457     0.5642
 12696.5  1362.694287     0.5582     0.5587
 12705.5  1362.655225     2.2760     0.5531
 12714.4  1362.616162    -1.7660     0.5475
 12723.4  1362.577100     0.0292     0.5417
 12732.4  1362.538037     1.8970     0.5358
 12741.3  1362.498975    -0.7441     0.5299
 12750.3  1362.459912     0.1722     0.5239
 12759.2  1362.420850     1.6020     0.5177
 12768.2  1362.381787     0.6138     0.5115
 12777.2  1362.342725    -0.5231     0.5051
 12786.1  1362.303662     0.2787     0.4987
 12795.1  1362.264600    -1.1430     0.4921
 12804.1  1362.225537    -0.7037     0.4855
 12813.0  1362.186475    -0.7148     0.4787
 12822.0  1362.147412     2.5440     0.4719
 12830.9  1362.108350     0.2634     0.4649
 12839.9  1362.069287    -1.3010     0.4579
 12848.9  1362.030225     0.1192     0.4507
 12857.8  1361.991162     3.9350     0.4434
 12866.8  1361.952100    -1.3760     0.4361
 12875.8  1361.913037     0.5428     0.4286
 12884.7  1361.873975     0.0340     0.4210
 12893.7  1361.834912    -1.2440     0.4133
 12902.7  1361.795850     0.2257     0.4054
 12911.7  1361.756787     1.4250     0.3975
 12920.6  1361.717725    -2.0890     0.3895
 12929.6  1361.678662     1.5870     0.3813
 12938.6  1361.639600     1.1160     0.3731
 12947.5  1361.600537     2.2450     0.3647
 12956.5  1361.561475    -0.1208     0.3562
 12965.5  1361.522412     1.5710     0.3476
 12974.5  1361.483350     2.0820     0.3388
 12983.4  1361.444287    -2.4240     0.3300
 12992.4  1361.405225     2.0750     0.3210
 13001.4  1361.366162     2.6840     0.3120
 13010.4  1361.327100     0.7396     0.3028
 13019.3  1361.288037     0.3631     0.2934
 13028.3  1361.248975    -1.4320     0.2840
 13037.3  1361.209912    -0.0911     0.2744
 13046.3  1361.170850     1.4810     0.2647
 13055.2  1361.131787    -2.7810     0.2549
 13064.2  1361.092725    -2.3120     0.2450
 13073.2  1361.053662     1.3220     0.2349
 13082.2  1361.014600    -0.5786     0.2247
 13091.2  1360.975537    -0.6858     0.2144
 13100.1  1360.936475     0.4933     0.2040
 13109.1  1360.897412     1.6720     0.1934
 13118.1  1360.858350     1.8970     0.1827
 13127.1  1360.819287     0.9622     0.1719
 13136.1  1360.780225    -0.2017     0.1609
 13145.0  1360.741162    -0.1895     0.1499
 13154.0  1360.702100     0.0484     0.1386
 13163.0  1360.663037    -0.6505     0.1273
 13172.0  1360.623975     1.6980     0.1158
 13181.0  1360.584912     0.4485     0.1042
 13190.0  1360.545850    -1.0110     0.0924
 13199.0  1360.506787     1.8390     0.0805
 13207.9  1360.467725     1.6740     0.0685
 13216.9  1360.428662     1.5640     0.0564
 13225.9  1360.389600     0.9464     0.0440
 13234.9  1360.350537    -0.3683     0.0316
 13243.9  1360.311475     0.2518     0.0190
 13252.9  1360.272412    -0.9618     0.0063
 13261.9  1360.233350     0.5825    -0.0066
 13270.9  1360.194287    -1.1880    -0.0196
 13279.9  1360.155225    -2.3420    -0.0327
 13288.8  1360.116162     1.5740    -0.0460
 13297.8  1360.077100     1.4150    -0.0594
 13306.8  1360.038037     0.9286    -0.0730
 13315.8  1359.998975     0.7988    -0.0867
 13324.8  1359.959912    -1.3230    -0.1006
 13333.8  1359.920850    -2.1950    -0.1146
 13342.8  1359.881787     0.5933    -0.1288
 13351.8  1359.842725    -2.4930    -0.1431
 13360.8  1359.803662     0.2648    -0.1576
 13369.8  1359.764600    -0.9141    -0.1722
 13378.8  1359.725537    -2.1340    -0.1869
 13387.8  1359.686475     1.4170    -0.2019
 13396.8  1359.647412    -0.2719    -0.2169
 13405.8  1359.608350    -1.3030    -0.2321
 13414.8  1359.569287    -0.6569    -0.2475
 13423.8  1359.530225    -2.1560    -0.2631
 13432.8  1359.491162    -1.7500    -0.2787
 13441.8  1359.452100    -1.3320    -0.2946
 13450.8  1359.413037     0.3701    -0.3106
 13459.8  1359.373975     0.6894    -0.3267
 13468.8  1359.334912    -2.1330    -0.3431
 13477.8  1359.295850    -0.9665    -0.3595
 13486.8  1359.256787    -2.2230    -0.3762
 13495.8  1359.217725    -1.4220    -0.3930
 13504.8  1359.178662     0.0966    -0.4099
 13513.8  1359.139600     0.1974    -0.4271
 13522.8  1359.100537    -2.7610    -0.4443
 13531.8  1359.061475    -2.7370    -0.4618
 13540.8  1359.022412     1.8250    -0.4794
 13549.8  1358.983350    -2.1230    -0.4972
 13558.8  1358.944287    -0.8090    -0.5151
 13567.8  1358.905225    -2.6180    -0.5332
 13576.8  1358.866162    -0.5050    -0.5515
 13585.9  1358.827100    -1.1450    -0.5700
 13594.9  1358.788037     0.5808    -0.5886
 13603.9  1358.748975     0.0927    -0.6074
 13612.9  1358.709912     0.3286    -0.6263
 13621.9  1358.670850    -1.3880    -0.6455
 13630.9  1358.631787    -0.7676    -0.6648
 13639.9  1358.592725     0.7915    -0.6843
 13648.9  1358.553662    -1.1270    -0.7039
 13657.9  1358.514600     1.4610    -0.7237
 13667.0  1358.475537    -0.3322    -0.7437
 13676.0  1358.436475    -0.8287    -0.7639
 13685.0  1358.397412    -0.4560    -0.7843
 13694.0  1358.358350     0.2039    -0.8048
 13703.0  1358.319287    -0.5578    -0.8255
 13712.0  1358.280225    -1.0140    -0.8464
 13721.0  1358.241162    -0.5656    -0.8675
 13730.1  1358.202100     1.8750    -0.8888
 13739.1  1358.163037    -3.5470    -0.9102
 13748.1  1358.123975    -0.1310    -0.9318
 13757.1  1358.084912     0.0974    -0.9536
 13766.1  1358.045850    -1.0040    -0.9756
 13775.2  1358.006787    -1.9320    -0.9978
 13784.2  1357.967725    -0.5432    -1.0201
 13793.2  1357.928662    -0.7013    -1.0427
 13802.2  1357.889600    -0.3301    -1.0654
 13811.2  1357.850537     0.0860    -1.0883
 13820.3  1357.811475    -2.3150    -1.1114
 13829.3  1357.772412    -1.6780    -1.1347
 13838.3  1357.733350    -1.1290    -1.1582
 13847.3  1357.694287    -0.9185    -1.1819
 13856.4  1357.655225    -0.4936    -1.2057
 13865.4  1357.616162    -1.0210    -1.2298
 13874.4  1357.577100     0.4603    -1.2541
 13883.4  1357.538037    -2.1790    -1.2785
 13892.5  1357.498975     1.5580    -1.3031
 13901.5  1357.459912     0.3813    -1.3280
 13910.5  1357.420850    -2.1420    -1.3530
 13919.5  1357.381787    -1.1870    -1.3782
 13928.6  1357.342725    -1.3830    -1.4037
 13937.6  1357.303662    -2.3530    -1.4293
 13946.6  1357.264600     2.8430    -1.4551
 13955.7  1357.225537    -0.6739    -1.4812
 13964.7  1357.186475     0.6157    -1.5074
 13973.7  1357.147412     0.7169    -1.5338
 13982.7  1357.108350    -4.6340    -1.5604
