#Cornell Digital HI Archive
#Springob, C. M., Haynes, M. P., Giovanelli, R. and Kent, B. R. 2005, ApJS, 160,149
#ASCII Table format
#Generated by Brian Kent  Wed Jan 17 16:36:35 2007
# 
#Telescope:      Green Bank 91 meter
#Beam size:      10.0 [arcminutes]
#Object:         AGC 10832
#RA:             260.68208  (J2000) decimal degrees
#DEC:            62.165278  (J2000) decimal degrees
#Rest Frequency: 1.4204058e+09 [Hz]
#Bandwidth:      10000 [kHz]
#Channels:       192
#Ref Code:       2005ApJS..160..149S
#Spectrum codes:  Single Hanning only;  Fair quality;  (see reference)
#HI Archive at http://arecibo.tc.cornell.edu/hiarchive/
#This spectrum is not baselined.  For a baselined spectrum, subtract the provided polynomial fit.
#Table FORMAT:  (f8.1,1x,f12.6,1x,f10.4,1x,f10.4)
# 
#Column descriptions:
# 1. Heliocentric velocity [km/s]
# 2. Radio frequency [MHz]
# 3. Flux Density [mJy]
# 4. Polynomial baseline fit
# 
####################################################################
# 
  6792.3  1388.937106   -71.0700     4.5930
  6803.8  1388.885023   182.8000     4.2523
  6815.3  1388.832939    65.1000     3.9209
  6826.8  1388.780856    13.5700     3.5985
  6838.3  1388.728773    10.5400     3.2850
  6849.8  1388.676689     8.4700     2.9805
  6861.3  1388.624606     5.7740     2.6847
  6872.8  1388.572523    12.7300     2.3976
  6884.3  1388.520439    13.3000     2.1190
  6895.8  1388.468356     8.8530     1.8488
  6907.3  1388.416273    13.9100     1.5870
  6918.8  1388.364189    12.6600     1.3335
  6930.3  1388.312106     4.8000     1.0880
  6941.8  1388.260023     3.0050     0.8505
  6953.3  1388.207939     3.6420     0.6210
  6964.8  1388.155856     3.8490     0.3992
  6976.4  1388.103773     1.2530     0.1852
  6987.9  1388.051689    -1.4630    -0.0213
  6999.4  1387.999606    -0.7570    -0.2203
  7010.9  1387.947523     1.5800    -0.4119
  7022.4  1387.895439     0.8062    -0.5963
  7033.9  1387.843356    -0.9580    -0.7735
  7045.4  1387.791273     0.0530    -0.9437
  7056.9  1387.739189    -1.0150    -1.1069
  7068.5  1387.687106    -1.7790    -1.2633
  7080.0  1387.635023    -0.6790    -1.4129
  7091.5  1387.582939    -1.9100    -1.5560
  7103.0  1387.530856    -4.2180    -1.6925
  7114.5  1387.478773    -4.2700    -1.8226
  7126.1  1387.426689    -3.3500    -1.9465
  7137.6  1387.374606    -4.8980    -2.0641
  7149.1  1387.322523    -4.2550    -2.1757
  7160.6  1387.270439    -0.3530    -2.2813
  7172.2  1387.218356    -0.7380    -2.3810
  7183.7  1387.166273    -3.6930    -2.4749
  7195.2  1387.114189    -0.9340    -2.5632
  7206.7  1387.062106     1.4710    -2.6460
  7218.3  1387.010023    -1.2630    -2.7233
  7229.8  1386.957939    -2.3270    -2.7953
  7241.3  1386.905856    -2.9300    -2.8620
  7252.9  1386.853773    -3.8170    -2.9236
  7264.4  1386.801689    -3.2070    -2.9803
  7275.9  1386.749606    -2.1360    -3.0320
  7287.4  1386.697523    -2.1640    -3.0789
  7299.0  1386.645439    -4.0610    -3.1211
  7310.5  1386.593356    -2.9470    -3.1588
  7322.1  1386.541273    -0.9000    -3.1919
  7333.6  1386.489189    -1.1740    -3.2207
  7345.1  1386.437106    -2.9920    -3.2453
  7356.7  1386.385023    -6.6490    -3.2657
  7368.2  1386.332939    -8.3330    -3.2820
  7379.7  1386.280856    -7.8430    -3.2944
  7391.3  1386.228773    -5.6940    -3.3030
  7402.8  1386.176689    -3.1300    -3.3078
  7414.4  1386.124606    -2.1940    -3.3090
  7425.9  1386.072523    -3.8680    -3.3067
  7437.5  1386.020439    -7.3280    -3.3010
  7449.0  1385.968356    -6.1840    -3.2920
  7460.6  1385.916273    -1.5760    -3.2799
  7472.1  1385.864189    -1.7680    -3.2646
  7483.6  1385.812106    -6.4210    -3.2464
  7495.2  1385.760023    -7.0470    -3.2253
  7506.7  1385.707939    -4.1130    -3.2014
  7518.3  1385.655856    -3.5370    -3.1749
  7529.8  1385.603773    -3.4480    -3.1458
  7541.4  1385.551689    -2.1280    -3.1143
  7553.0  1385.499606     0.3860    -3.0804
  7564.5  1385.447523    -0.0590    -3.0444
  7576.1  1385.395439    -2.2060    -3.0062
  7587.6  1385.343356    -1.2230    -2.9660
  7599.2  1385.291273    -0.9080    -2.9239
  7610.7  1385.239189    -0.6110    -2.8800
  7622.3  1385.187106    -1.0000    -2.8344
  7633.9  1385.135023    -1.0800    -2.7872
  7645.4  1385.082939     0.9153    -2.7386
  7657.0  1385.030856    -0.5610    -2.6886
  7668.5  1384.978773    -4.1310    -2.6373
  7680.1  1384.926689    -4.1090    -2.5849
  7691.7  1384.874606    -0.9210    -2.5314
  7703.2  1384.822523    -0.1790    -2.4770
  7714.8  1384.770439    -2.4180    -2.4217
  7726.4  1384.718356    -3.1270    -2.3657
  7737.9  1384.666273    -1.0490    -2.3092
  7749.5  1384.614189    -0.2030    -2.2521
  7761.1  1384.562106    -4.0960    -2.1945
  7772.6  1384.510023    -6.2100    -2.1367
  7784.2  1384.457939    -3.0560    -2.0788
  7795.8  1384.405856    -0.3290    -2.0207
  7807.3  1384.353773    -0.9130    -1.9626
  7818.9  1384.301689    -3.7040    -1.9047
  7830.5  1384.249606    -4.9220    -1.8470
  7842.1  1384.197523    -3.3400    -1.7897
  7853.6  1384.145439    -0.5970    -1.7328
  7865.2  1384.093356     1.0800    -1.6765
  7876.8  1384.041273     0.3770    -1.6209
  7888.4  1383.989189    -2.4860    -1.5660
  7900.0  1383.937106    -4.5710    -1.5120
  7911.5  1383.885023    -2.3720    -1.4590
  7923.1  1383.832939     0.6480    -1.4071
  7934.7  1383.780856     3.2630    -1.3564
  7946.3  1383.728773     7.1520    -1.3070
  7957.9  1383.676689     8.2300    -1.2590
  7969.4  1383.624606     6.4490    -1.2126
  7981.0  1383.572523     7.5730    -1.1678
  7992.6  1383.520439     8.9810    -1.1247
  8004.2  1383.468356     9.0540    -1.0835
  8015.8  1383.416273    11.6200    -1.0442
  8027.4  1383.364189    11.6300    -1.0070
  8039.0  1383.312106     8.6100    -0.9719
  8050.6  1383.260023     7.3420    -0.9391
  8062.2  1383.207939     5.2040    -0.9088
  8073.7  1383.155856     2.5880    -0.8809
  8085.3  1383.103773     1.7020    -0.8556
  8096.9  1383.051689    -0.0500    -0.8330
  8108.5  1382.999606    -2.9030    -0.8132
  8120.1  1382.947523    -1.7560    -0.7963
  8131.7  1382.895439     0.3360    -0.7825
  8143.3  1382.843356    -2.5480    -0.7717
  8154.9  1382.791273    -5.1350    -0.7643
  8166.5  1382.739189    -2.9070    -0.7602
  8178.1  1382.687106     1.3850    -0.7595
  8189.7  1382.635023     1.8170    -0.7624
  8201.3  1382.582939    -1.5910    -0.7689
  8212.9  1382.530856    -3.9730    -0.7793
  8224.5  1382.478773    -4.2800    -0.7935
  8236.1  1382.426689    -1.9190    -0.8117
  8247.7  1382.374606     0.0040    -0.8340
  8259.3  1382.322523     0.4260    -0.8605
  8271.0  1382.270439     1.1220    -0.8913
  8282.6  1382.218356     1.1680    -0.9266
  8294.2  1382.166273     2.4030    -0.9663
  8305.8  1382.114189     1.0600    -1.0107
  8317.4  1382.062106    -0.9710    -1.0599
  8329.0  1382.010023     1.3970    -1.1138
  8340.6  1381.957939     1.3850    -1.1728
  8352.2  1381.905856    -1.0380    -1.2368
  8363.8  1381.853773    -2.7130    -1.3059
  8375.5  1381.801689    -3.7310    -1.3804
  8387.1  1381.749606     0.0540    -1.4602
  8398.7  1381.697523    11.5200    -1.5455
  8410.3  1381.645439    30.3200    -1.6364
  8421.9  1381.593356    49.7700    -1.7331
  8433.5  1381.541273    58.3700    -1.8355
  8445.2  1381.489189    54.5400    -1.9438
  8456.8  1381.437106    46.8700    -2.0582
  8468.4  1381.385023    42.3800    -2.1787
  8480.0  1381.332939    40.1400    -2.3055
  8491.7  1381.280856    33.9200    -2.4386
  8503.3  1381.228773    27.8400    -2.5781
  8514.9  1381.176689    27.5600    -2.7242
  8526.5  1381.124606    26.1400    -2.8770
  8538.2  1381.072523    20.9400    -3.0366
  8549.8  1381.020439    12.7400    -3.2030
  8561.4  1380.968356     3.7100    -3.3764
  8573.0  1380.916273     1.4800    -3.5570
  8584.7  1380.864189     1.3850    -3.7447
  8596.3  1380.812106    -2.7390    -3.9397
  8607.9  1380.760023    -3.5890    -4.1422
  8619.6  1380.707939    -2.6900    -4.3522
  8631.2  1380.655856    -5.9070    -4.5698
  8642.8  1380.603773    -8.8200    -4.7952
  8654.5  1380.551689   -10.9000    -5.0284
  8666.1  1380.499606   -10.0800    -5.2695
  8677.8  1380.447523    -7.0380    -5.5188
  8689.4  1380.395439    -8.0890    -5.7762
  8701.0  1380.343356    -7.6670    -6.0418
  8712.7  1380.291273    -5.1010    -6.3159
  8724.3  1380.239189    -6.6600    -6.5984
  8736.0  1380.187106    -8.8700    -6.8896
  8747.6  1380.135023    -8.0620    -7.1894
  8759.2  1380.082939    -7.9080    -7.4981
  8770.9  1380.030856    -8.2580    -7.8157
  8782.5  1379.978773    -4.2430    -8.1423
  8794.2  1379.926689    -2.6830    -8.4780
  8805.8  1379.874606    -7.4980    -8.8230
  8817.5  1379.822523    -9.7300    -9.1773
  8829.1  1379.770439   -12.0000    -9.5411
  8840.8  1379.718356   -16.7300    -9.9144
  8852.4  1379.666273   -15.9500   -10.2975
  8864.1  1379.614189   -13.6100   -10.6902
  8875.7  1379.562106    -7.7360   -11.0929
  8887.4  1379.510023    -0.7280   -11.5056
  8899.0  1379.457939    -1.2150   -11.9283
  8910.7  1379.405856   -15.8500   -12.3613
  8922.4  1379.353773   -67.7100   -12.8046
  8934.0  1379.301689   -94.3100   -13.2583
  8945.7  1379.249606   -85.3400   -13.7225
  8957.3  1379.197523   -66.3800   -14.1974
  8969.0  1379.145439    -4.6600   -14.6830
  8980.7  1379.093356    19.8600   -15.1794
  8992.3  1379.041273     7.3190   -15.6868
  9004.0  1378.989189  -130.0000   -16.2053
