#Arecibo Legacy Fast ALFA Survey
#http://egg.astro.cornell.edu/alfalfa/
#ASCII Table format
# 
#Telescope:      Arecibo Radio Telescope
#Instrument:     Arecibo Radio Telescope
#Beam size:      3.5x3.8 [arcminutes]
#Object:         AGC 5378
#RA:             150.13122  (J2000) decimal degrees
#DEC:            4.4101418  (J2000) decimal degrees
#Rest Frequency: 1.4204058e+09 [Hz]
#Bandwidth:      24.975586 [MHz]
#Channels:       1024
#Other name:     036-016
#Detection Code:    1
#Data archive at http://arecibo.tc.cornell.edu/hiarchive/alfalfa/
#File generated by G. Hallenbeck  Thu Jul  8 16:03:37 2010
#This spectrum has been baseline subtracted.
#Table FORMAT:  (f8.1,1x,f12.6,1x,f10.4,1x,f10.4)
# 
#Column descriptions:
# 1. Heliocentric velocity [km/s]
# 2. Radio frequency [MHz]
# 3. Flux Density [mJy]
# 4. Subtracted polynomial baseline fit
# 
####################################################################
# 
  7956.8  1383.681637     1.6325    -0.8670
  7951.3  1383.706051     2.1477    -0.8535
  7945.9  1383.730465     2.6482    -0.8400
  7940.5  1383.754879     0.9383    -0.8267
  7935.0  1383.779293    -2.0488    -0.8135
  7929.6  1383.803707    -2.0551    -0.8004
  7924.2  1383.828122    -1.0644    -0.7874
  7918.7  1383.852536    -2.6891    -0.7744
  7913.3  1383.876950    -3.9191    -0.7616
  7907.9  1383.901364    -0.4062    -0.7489
  7902.5  1383.925778     4.6534    -0.7363
  7897.0  1383.950192     4.7064    -0.7238
  7891.6  1383.974606    -0.4474    -0.7114
  7886.2  1383.999020    -2.7538    -0.6991
  7880.8  1384.023434    -0.4079    -0.6869
  7875.3  1384.047848    -2.2572    -0.6747
  7869.9  1384.072262    -4.4899    -0.6627
  7864.5  1384.096676     1.1051    -0.6508
  7859.0  1384.121090     6.4111    -0.6390
  7853.6  1384.145504     4.4218    -0.6273
  7848.2  1384.169918    -0.0219    -0.6156
  7842.8  1384.194332    -1.5384    -0.6041
  7837.3  1384.218747     0.2920    -0.5927
  7831.9  1384.243161     1.4369    -0.5813
  7826.5  1384.267575     0.9103    -0.5701
  7821.1  1384.291989    -1.1363    -0.5590
  7815.6  1384.316403    -2.1860    -0.5479
  7810.2  1384.340817    -0.3247    -0.5369
  7804.8  1384.365231     0.7091    -0.5261
  7799.4  1384.389645    -1.4429    -0.5153
  7793.9  1384.414059    -1.6292    -0.5046
  7788.5  1384.438473    -0.9759    -0.4940
  7783.1  1384.462887     0.2509    -0.4835
  7777.7  1384.487301     2.7811    -0.4731
  7772.2  1384.511715     3.0622    -0.4628
  7766.8  1384.536129     2.1730    -0.4526
  7761.4  1384.560543     0.9791    -0.4425
  7756.0  1384.584957    -0.9777    -0.4324
  7750.6  1384.609372    -0.8137    -0.4225
  7745.1  1384.633786    -0.3616    -0.4126
  7739.7  1384.658200    -1.2980    -0.4028
  7734.3  1384.682614    -0.4116    -0.3931
  7728.9  1384.707028     2.4364    -0.3835
  7723.4  1384.731442     2.3092    -0.3740
  7718.0  1384.755856     0.1979    -0.3646
  7712.6  1384.780270    -0.3645    -0.3553
  7707.2  1384.804684    -0.4461    -0.3460
  7701.8  1384.829098    -0.6431    -0.3368
  7696.3  1384.853512    -0.1205    -0.3278
  7690.9  1384.877926     2.1145    -0.3188
  7685.5  1384.902340     5.3806    -0.3099
  7680.1  1384.926754     4.2230    -0.3010
  7674.7  1384.951168     3.3939    -0.2923
  7669.2  1384.975582     1.8967    -0.2836
  7663.8  1384.999997    -3.2274    -0.2751
  7658.4  1385.024411    -1.4306    -0.2666
  7653.0  1385.048825     2.9291    -0.2582
  7647.6  1385.073239     1.5668    -0.2498
  7642.1  1385.097653    -0.8213    -0.2416
  7636.7  1385.122067    -1.0164    -0.2334
  7631.3  1385.146481     0.7369    -0.2253
  7625.9  1385.170895     0.0216    -0.2173
  7620.5  1385.195309    -2.3589    -0.2094
  7615.0  1385.219723    -1.4412    -0.2016
  7609.6  1385.244137     0.1816    -0.1938
  7604.2  1385.268551     1.4759    -0.1861
  7598.8  1385.292965     1.6631    -0.1785
  7593.4  1385.317379    -0.4596    -0.1710
  7588.0  1385.341793    -1.7374    -0.1635
  7582.5  1385.366207    -0.8827    -0.1562
  7577.1  1385.390622    -1.1188    -0.1489
  7571.7  1385.415036    -1.9255    -0.1417
  7566.3  1385.439450    -1.2521    -0.1345
  7560.9  1385.463864     0.4586    -0.1275
  7555.5  1385.488278     0.5567    -0.1205
  7550.0  1385.512692    -0.0536    -0.1136
  7544.6  1385.537106     0.1750    -0.1067
  7539.2  1385.561520    -1.9390    -0.1000
  7533.8  1385.585934    -4.1244    -0.0933
  7528.4  1385.610348    -3.5563    -0.0867
  7523.0  1385.634762    -3.1872    -0.0801
  7517.6  1385.659176    -4.4863    -0.0736
  7512.1  1385.683590    -4.7073    -0.0673
  7506.7  1385.708004    -2.5946    -0.0609
  7501.3  1385.732418     0.3883    -0.0547
  7495.9  1385.756832     1.7136    -0.0485
  7490.5  1385.781247     1.2966    -0.0424
  7485.1  1385.805661     2.5697    -0.0364
  7479.7  1385.830075     6.0571    -0.0304
  7474.2  1385.854489     5.1646    -0.0245
  7468.8  1385.878903     0.0005    -0.0187
  7463.4  1385.903317    -3.4195    -0.0129
  7458.0  1385.927731    -4.8054    -0.0072
  7452.6  1385.952145    -3.9653    -0.0016
  7447.2  1385.976559    -2.2443     0.0039
  7441.8  1386.000973    -1.1478     0.0094
  7436.4  1386.025387    -0.9346     0.0148
  7430.9  1386.049801    -1.2494     0.0202
  7425.5  1386.074215     0.7924     0.0254
  7420.1  1386.098629     1.4187     0.0307
  7414.7  1386.123043    -1.3665     0.0358
  7409.3  1386.147457    -0.6436     0.0409
  7403.9  1386.171872     2.1654     0.0459
  7398.5  1386.196286     0.9058     0.0508
  7393.1  1386.220700    -0.2902     0.0557
  7387.7  1386.245114     0.8160     0.0605
  7382.2  1386.269528     1.2092     0.0653
  7376.8  1386.293942     2.2884     0.0700
  7371.4  1386.318356     0.8084     0.0746
  7366.0  1386.342770    -3.6801     0.0792
  7360.6  1386.367184    -3.4703     0.0836
  7355.2  1386.391598    -0.5415     0.0881
  7349.8  1386.416012     1.2272     0.0925
  7344.4  1386.440426     1.8024     0.0968
  7339.0  1386.464840    -0.5027     0.1010
  7333.6  1386.489254    -0.5883     0.1052
  7328.2  1386.513668     0.2897     0.1093
  7322.8  1386.538082    -2.5120     0.1134
  7317.3  1386.562497    -2.6967     0.1174
  7311.9  1386.586911     0.3783     0.1213
  7306.5  1386.611325     1.9115     0.1252
  7301.1  1386.635739     2.9093     0.1291
  7295.7  1386.660153     1.4524     0.1328
  7290.3  1386.684567    -0.0129     0.1365
  7284.9  1386.708981     2.1038     0.1402
  7279.5  1386.733395     0.5509     0.1438
  7274.1  1386.757809    -3.5652     0.1473
  7268.7  1386.782223    -2.8715     0.1508
  7263.3  1386.806637    -1.0342     0.1542
  7257.9  1386.831051     0.5619     0.1576
  7252.5  1386.855465     2.0375     0.1609
  7247.1  1386.879879     0.8532     0.1641
  7241.7  1386.904293     0.0888     0.1673
  7236.3  1386.928707     2.2378     0.1705
  7230.8  1386.953122     2.5498     0.1735
  7225.4  1386.977536    -1.7723     0.1766
  7220.0  1387.001950    -3.5294     0.1795
  7214.6  1387.026364    -0.9206     0.1825
  7209.2  1387.050778     1.4481     0.1853
  7203.8  1387.075192     1.3875     0.1881
  7198.4  1387.099606    -1.2237     0.1909
  7193.0  1387.124020    -3.7233     0.1936
  7187.6  1387.148434    -5.4181     0.1963
  7182.2  1387.172848    -4.1151     0.1989
  7176.8  1387.197262    -1.5727     0.2014
  7171.4  1387.221676    -1.0016     0.2039
  7166.0  1387.246090    -1.2927     0.2064
  7160.6  1387.270504    -1.4856     0.2088
  7155.2  1387.294918    -2.8006     0.2111
  7149.8  1387.319332    -2.9487     0.2134
  7144.4  1387.343747    -0.7248     0.2157
  7139.0  1387.368161     1.8399     0.2179
  7133.6  1387.392575     2.3544     0.2200
  7128.2  1387.416989     2.8708     0.2221
  7122.8  1387.441403     4.5609     0.2241
  7117.4  1387.465817     1.2811     0.2261
  7112.0  1387.490231    -1.2553     0.2281
  7106.6  1387.514645     3.3539     0.2300
  7101.2  1387.539059     6.6640     0.2319
  7095.8  1387.563473     4.0458     0.2337
  7090.4  1387.587887    -0.3975     0.2354
  7085.0  1387.612301    -3.4101     0.2371
  7079.6  1387.636715    -2.7623     0.2388
  7074.2  1387.661129    -0.5648     0.2404
  7068.8  1387.685543    -0.1481     0.2420
  7063.4  1387.709957     0.2285     0.2435
  7058.0  1387.734372    -0.2308     0.2450
  7052.6  1387.758786    -1.9100     0.2465
  7047.2  1387.783200    -2.9592     0.2479
  7041.8  1387.807614    -2.3809     0.2492
  7036.4  1387.832028     0.0921     0.2505
  7031.0  1387.856442     0.8456     0.2518
  7025.6  1387.880856    -1.8325     0.2530
  7020.2  1387.905270    -4.8664     0.2542
  7014.8  1387.929684    -5.3356     0.2553
  7009.4  1387.954098    -3.0135     0.2564
  7004.0  1387.978512    -1.9844     0.2575
  6998.6  1388.002926    -1.0197     0.2585
  6993.2  1388.027340    -0.1300     0.2595
  6987.8  1388.051754    -0.3575     0.2604
  6982.4  1388.076168     1.1123     0.2613
  6977.1  1388.100582     1.8786     0.2621
  6971.7  1388.124997    -1.2348     0.2629
  6966.3  1388.149411    -1.9441     0.2637
  6960.9  1388.173825     0.8216     0.2644
  6955.5  1388.198239     1.8085     0.2651
  6950.1  1388.222653     2.7357     0.2657
  6944.7  1388.247067     3.9713     0.2663
  6939.3  1388.271481     2.4468     0.2669
  6933.9  1388.295895     1.4451     0.2674
  6928.5  1388.320309     0.8195     0.2679
  6923.1  1388.344723    -0.7572     0.2684
  6917.7  1388.369137    -0.5145     0.2688
  6912.3  1388.393551     1.4208     0.2692
  6906.9  1388.417965     2.9296     0.2695
  6901.5  1388.442379     1.7278     0.2698
  6896.1  1388.466793    -0.3558     0.2701
  6890.7  1388.491207     0.1744     0.2703
  6885.4  1388.515622    -0.3926     0.2705
  6880.0  1388.540036    -1.2499     0.2707
  6874.6  1388.564450     0.2815     0.2708
  6869.2  1388.588864    -0.7672     0.2709
  6863.8  1388.613278    -2.5035     0.2709
  6858.4  1388.637692    -0.9435     0.2710
  6853.0  1388.662106    -0.7353     0.2709
  6847.6  1388.686520    -3.3473     0.2709
  6842.2  1388.710934    -3.0467     0.2708
  6836.8  1388.735348     1.1816     0.2707
  6831.4  1388.759762     4.8276     0.2705
  6826.1  1388.784176     5.3205     0.2704
  6820.7  1388.808590     1.6353     0.2701
  6815.3  1388.833004    -1.9440     0.2699
  6809.9  1388.857418     0.2949     0.2696
  6804.5  1388.881832     4.1914     0.2693
  6799.1  1388.906247     2.8799     0.2690
  6793.7  1388.930661    -0.3402     0.2686
  6788.3  1388.955075    -0.9813     0.2682
  6782.9  1388.979489    -2.1738     0.2677
  6777.5  1389.003903    -2.1126     0.2673
  6772.2  1389.028317    -1.3668     0.2668
  6766.8  1389.052731    -1.3140     0.2662
  6761.4  1389.077145    -0.9274     0.2657
  6756.0  1389.101559     0.9507     0.2651
  6750.6  1389.125973     3.8011     0.2645
  6745.2  1389.150387     3.3458     0.2638
  6739.8  1389.174801     2.5266     0.2631
  6734.4  1389.199215     2.3793     0.2624
  6729.1  1389.223629     1.0968     0.2617
  6723.7  1389.248043     1.4931     0.2609
  6718.3  1389.272457     2.8342     0.2602
  6712.9  1389.296872     2.8028     0.2593
  6707.5  1389.321286     1.5876     0.2585
  6702.1  1389.345700     2.6478     0.2576
  6696.7  1389.370114     6.6327     0.2567
  6691.4  1389.394528     5.7670     0.2558
  6686.0  1389.418942    -0.3255     0.2549
  6680.6  1389.443356    -3.4072     0.2539
  6675.2  1389.467770    -0.8694     0.2529
  6669.8  1389.492184    -0.0105     0.2519
  6664.4  1389.516598    -2.3798     0.2508
  6659.0  1389.541012    -1.8310     0.2497
  6653.7  1389.565426     0.5918     0.2486
  6648.3  1389.589840     1.7545     0.2475
  6642.9  1389.614254     1.8841     0.2463
  6637.5  1389.638668     1.8995     0.2452
  6632.1  1389.663082     2.3317     0.2440
  6626.7  1389.687497     2.6095     0.2427
  6621.4  1389.711911     2.8494     0.2415
  6616.0  1389.736325     0.9899     0.2402
  6610.6  1389.760739    -2.0750     0.2389
  6605.2  1389.785153    -1.6368     0.2376
  6599.8  1389.809567     0.3559     0.2363
  6594.4  1389.833981     2.5393     0.2349
  6589.1  1389.858395     5.1196     0.2335
  6583.7  1389.882809     2.1752     0.2321
  6578.3  1389.907223     0.8560     0.2307
  6572.9  1389.931637     2.9750     0.2292
  6567.5  1389.956051     1.7942     0.2278
  6562.2  1389.980465     0.9709     0.2263
  6556.8  1390.004879     0.7958     0.2248
  6551.4  1390.029293     0.0816     0.2233
  6546.0  1390.053707    -0.4447     0.2217
  6540.6  1390.078122    -0.3462     0.2201
  6535.3  1390.102536    -1.1190     0.2185
  6529.9  1390.126950    -2.5919     0.2169
  6524.5  1390.151364    -1.4103     0.2153
  6519.1  1390.175778     0.4015     0.2137
  6513.7  1390.200192     1.6413     0.2120
  6508.4  1390.224606     0.6672     0.2103
  6503.0  1390.249020    -0.7534     0.2086
  6497.6  1390.273434     0.1631     0.2069
  6492.2  1390.297848     0.3797     0.2051
  6486.8  1390.322262    -0.7315     0.2034
  6481.5  1390.346676    -0.4145     0.2016
  6476.1  1390.371090     1.4911     0.1998
  6470.7  1390.395504     0.8047     0.1980
  6465.3  1390.419918    -1.1764     0.1962
  6460.0  1390.444332    -1.8659     0.1943
  6454.6  1390.468747     0.0443     0.1925
  6449.2  1390.493161     0.9357     0.1906
  6443.8  1390.517575    -0.7205     0.1887
  6438.4  1390.541989    -0.2470     0.1868
  6433.1  1390.566403     1.0094     0.1849
  6427.7  1390.590817    -0.4792     0.1829
  6422.3  1390.615231    -2.7899     0.1810
  6416.9  1390.639645    -2.7191     0.1790
  6411.6  1390.664059     0.2437     0.1770
  6406.2  1390.688473     2.5978     0.1750
  6400.8  1390.712887     1.1739     0.1730
  6395.4  1390.737301     0.5321     0.1710
  6390.1  1390.761715     0.0907     0.1690
  6384.7  1390.786129    -1.1397     0.1669
  6379.3  1390.810543    -0.1289     0.1649
  6373.9  1390.834957     0.5816     0.1628
  6368.6  1390.859372     1.0865     0.1607
  6363.2  1390.883786     2.2411     0.1586
  6357.8  1390.908200     1.8250     0.1565
  6352.4  1390.932614     0.0050     0.1543
  6347.1  1390.957028    -0.7171     0.1522
  6341.7  1390.981442    -1.8872     0.1500
  6336.3  1391.005856    -2.2108     0.1479
  6331.0  1391.030270     0.6744     0.1457
  6325.6  1391.054684     0.6372     0.1435
  6320.2  1391.079098    -2.1960     0.1413
  6314.8  1391.103512    -1.3093     0.1391
  6309.5  1391.127926     1.1167     0.1369
  6304.1  1391.152340     1.5247     0.1346
  6298.7  1391.176754     1.2724     0.1324
  6293.4  1391.201168    -0.7037     0.1301
  6288.0  1391.225582    -2.8088     0.1279
  6282.6  1391.249997    -2.5795     0.1256
  6277.2  1391.274411    -0.7433     0.1233
  6271.9  1391.298825     1.7198     0.1210
  6266.5  1391.323239     1.3263     0.1187
  6261.1  1391.347653     1.4087     0.1164
  6255.8  1391.372067     3.3991     0.1141
  6250.4  1391.396481     0.9502     0.1118
  6245.0  1391.420895    -2.8784     0.1094
  6239.6  1391.445309    -3.9793     0.1071
  6234.3  1391.469723    -3.2260     0.1047
  6228.9  1391.494137     0.6471     0.1024
  6223.5  1391.518551     3.3652     0.1000
  6218.2  1391.542965     3.5744     0.0976
  6212.8  1391.567379     3.5723     0.0952
  6207.4  1391.591793     2.7652     0.0928
  6202.1  1391.616207     1.2170     0.0904
  6196.7  1391.640622    -1.3233     0.0880
  6191.3  1391.665036    -4.3016     0.0856
  6186.0  1391.689450    -6.5623     0.0832
  6180.6  1391.713864    -3.7392     0.0808
  6175.2  1391.738278     0.8304     0.0783
  6169.9  1391.762692    -2.6336     0.0759
  6164.5  1391.787106    -5.8328     0.0735
  6159.1  1391.811520    -2.2022     0.0710
  6153.8  1391.835934    -0.4115     0.0686
  6148.4  1391.860348     0.3171     0.0661
  6143.0  1391.884762     1.3477     0.0636
  6137.7  1391.909176    -0.3399     0.0612
  6132.3  1391.933590     1.1274     0.0587
  6126.9  1391.958004     5.7570     0.0562
  6121.6  1391.982418     6.2715     0.0537
  6116.2  1392.006832     4.2068     0.0512
  6110.8  1392.031247     3.7455     0.0487
  6105.5  1392.055661     2.0131     0.0463
  6100.1  1392.080075    -0.0550     0.0438
  6094.7  1392.104489    -0.9025     0.0412
  6089.4  1392.128903    -0.7066     0.0387
  6084.0  1392.153317     1.0010     0.0362
  6078.6  1392.177731     1.1226     0.0337
  6073.3  1392.202145     1.9042     0.0312
  6067.9  1392.226559     2.2253     0.0287
  6062.6  1392.250973    -3.4181     0.0262
  6057.2  1392.275387    -6.7632     0.0236
  6051.8  1392.299801    -3.2375     0.0211
  6046.5  1392.324215    -2.1629     0.0186
  6041.1  1392.348629    -3.1905     0.0160
  6035.7  1392.373043    -2.1511     0.0135
  6030.4  1392.397457    -0.8621     0.0110
  6025.0  1392.421872     0.7963     0.0084
  6019.7  1392.446286     1.7667     0.0059
  6014.3  1392.470700     1.1521     0.0034
  6008.9  1392.495114    -0.8858     0.0008
  6003.6  1392.519528    -4.4335    -0.0017
  5998.2  1392.543942    -4.0428    -0.0043
  5992.8  1392.568356    -0.6321    -0.0068
  5987.5  1392.592770    -0.0585    -0.0093
  5982.1  1392.617184    -0.6764    -0.0119
  5976.8  1392.641598    -0.7972    -0.0144
  5971.4  1392.666012    -3.3678    -0.0170
  5966.0  1392.690426    -5.9001    -0.0195
  5960.7  1392.714840    -2.2773    -0.0221
  5955.3  1392.739254     0.9954    -0.0246
  5950.0  1392.763668    -0.7052    -0.0271
  5944.6  1392.788082    -0.5023    -0.0297
  5939.2  1392.812497     0.6764    -0.0322
  5933.9  1392.836911    -0.4777    -0.0348
  5928.5  1392.861325    -0.7895    -0.0373
  5923.2  1392.885739    -0.3116    -0.0398
  5917.8  1392.910153    -0.4069    -0.0424
  5912.5  1392.934567     0.4414    -0.0449
  5907.1  1392.958981     0.4133    -0.0474
  5901.7  1392.983395    -0.5067    -0.0500
  5896.4  1393.007809     1.1412    -0.0525
  5891.0  1393.032223     1.9473    -0.0550
  5885.7  1393.056637     1.9307    -0.0575
  5880.3  1393.081051     2.3203    -0.0601
  5874.9  1393.105465     0.6310    -0.0626
  5869.6  1393.129879     0.0477    -0.0651
  5864.2  1393.154293     0.5994    -0.0676
  5858.9  1393.178707     0.0134    -0.0701
  5853.5  1393.203122    -1.9604    -0.0726
  5848.2  1393.227536    -2.1147    -0.0751
  5842.8  1393.251950     0.3144    -0.0776
  5837.5  1393.276364     1.0908    -0.0801
  5832.1  1393.300778    -0.9387    -0.0826
  5826.7  1393.325192     0.1483    -0.0851
  5821.4  1393.349606     3.5973    -0.0876
  5816.0  1393.374020     3.0209    -0.0901
  5810.7  1393.398434    -0.6137    -0.0926
  5805.3  1393.422848    -2.5858    -0.0950
  5800.0  1393.447262    -0.8603    -0.0975
  5794.6  1393.471676     2.5481    -0.1000
  5789.3  1393.496090     2.6508    -0.1024
  5783.9  1393.520504    -0.4769    -0.1049
  5778.6  1393.544918    -1.2147    -0.1073
  5773.2  1393.569332     0.5981    -0.1098
  5767.9  1393.593747     0.0309    -0.1122
  5762.5  1393.618161    -0.2002    -0.1147
  5757.1  1393.642575     1.1001    -0.1171
  5751.8  1393.666989     0.0214    -0.1195
  5746.4  1393.691403    -1.4714    -0.1219
  5741.1  1393.715817    -0.4418    -0.1243
  5735.7  1393.740231    -0.3936    -0.1267
  5730.4  1393.764645    -0.1628    -0.1292
  5725.0  1393.789059     1.5520    -0.1315
  5719.7  1393.813473     0.8543    -0.1339
  5714.3  1393.837887    -1.4045    -0.1363
  5709.0  1393.862301    -1.4898    -0.1387
  5703.6  1393.886715    -0.9459    -0.1411
  5698.3  1393.911129    -0.9187    -0.1434
  5692.9  1393.935543    -0.1252    -0.1458
  5687.6  1393.959957     1.5984    -0.1481
  5682.2  1393.984372     2.0924    -0.1505
  5676.9  1394.008786    -0.2629    -0.1528
  5671.5  1394.033200    -0.8432    -0.1551
  5666.2  1394.057614     0.0091    -0.1575
  5660.8  1394.082028    -0.4019    -0.1598
  5655.5  1394.106442    -1.0187    -0.1621
  5650.1  1394.130856    -1.8917    -0.1644
  5644.8  1394.155270    -1.2300    -0.1667
  5639.4  1394.179684     0.5118    -0.1690
  5634.1  1394.204098     0.7057    -0.1712
  5628.7  1394.228512     0.1491    -0.1735
  5623.4  1394.252926    -0.9219    -0.1758
  5618.0  1394.277340    -1.7676    -0.1780
  5612.7  1394.301754    -0.6744    -0.1803
  5607.3  1394.326168     0.3710    -0.1825
  5602.0  1394.350582    -1.2418    -0.1847
  5596.6  1394.374997    -2.7170    -0.1869
  5591.3  1394.399411    -3.0883    -0.1892
  5586.0  1394.423825    -2.9840    -0.1914
  5580.6  1394.448239    -0.1804    -0.1935
  5575.3  1394.472653     0.1952    -0.1957
  5569.9  1394.497067    -2.0402    -0.1979
  5564.6  1394.521481    -0.9526    -0.2001
  5559.2  1394.545895     0.7052    -0.2022
  5553.9  1394.570309     1.4683    -0.2044
  5548.5  1394.594723     2.3750    -0.2065
  5543.2  1394.619137     3.2252    -0.2086
  5537.8  1394.643551     0.9039    -0.2108
  5532.5  1394.667965    -3.7516    -0.2129
  5527.2  1394.692379    -1.7182    -0.2150
  5521.8  1394.716793     5.7291    -0.2171
  5516.5  1394.741207     7.1661    -0.2191
  5511.1  1394.765622     2.4713    -0.2212
  5505.8  1394.790036     0.3642    -0.2233
  5500.4  1394.814450     1.6464    -0.2253
  5495.1  1394.838864     2.2113    -0.2273
  5489.7  1394.863278    -0.8690    -0.2294
  5484.4  1394.887692    -3.7995    -0.2314
  5479.1  1394.912106    -1.6584    -0.2334
  5473.7  1394.936520    -0.8184    -0.2354
  5468.4  1394.960934    -3.1233    -0.2374
  5463.0  1394.985348    -3.1650    -0.2394
  5457.7  1395.009762    -0.5095    -0.2413
  5452.3  1395.034176     2.8874    -0.2433
  5447.0  1395.058590     3.3626    -0.2452
  5441.7  1395.083004     1.5425    -0.2472
  5436.3  1395.107418     0.5597    -0.2491
  5431.0  1395.131832     1.4944    -0.2510
  5425.6  1395.156247     1.8657    -0.2529
  5420.3  1395.180661    -1.2107    -0.2548
  5415.0  1395.205075    -3.1138    -0.2566
  5409.6  1395.229489    -1.4151    -0.2585
  5404.3  1395.253903     0.0723    -0.2604
  5398.9  1395.278317    -1.6751    -0.2622
  5393.6  1395.302731    -3.2121    -0.2640
  5388.3  1395.327145    -1.1213    -0.2658
  5382.9  1395.351559     0.5116    -0.2677
  5377.6  1395.375973     1.2023    -0.2694
  5372.2  1395.400387     2.2199    -0.2712
  5366.9  1395.424801     0.5570    -0.2730
  5361.6  1395.449215    -3.4911    -0.2748
  5356.2  1395.473629    -4.6981    -0.2765
  5350.9  1395.498043    -1.5908    -0.2782
  5345.5  1395.522457     1.1661    -0.2800
  5340.2  1395.546872    -0.4420    -0.2817
  5334.9  1395.571286    -2.0175    -0.2834
  5329.5  1395.595700    -2.1454    -0.2850
  5324.2  1395.620114    -3.1656    -0.2867
  5318.9  1395.644528    -3.4400    -0.2884
  5313.5  1395.668942    -2.3159    -0.2900
  5308.2  1395.693356    -0.9502    -0.2917
  5302.8  1395.717770    -2.4051    -0.2933
  5297.5  1395.742184    -3.3187    -0.2949
  5292.2  1395.766598    -0.5701    -0.2965
  5286.8  1395.791012    -0.3689    -0.2981
  5281.5  1395.815426    -1.7872    -0.2996
  5276.2  1395.839840    -1.6878    -0.3012
  5270.8  1395.864254    -2.3097    -0.3027
  5265.5  1395.888668    -2.7677    -0.3043
  5260.2  1395.913082    -2.3743    -0.3058
  5254.8  1395.937497    -2.4002    -0.3073
  5249.5  1395.961911    -0.3112    -0.3088
  5244.2  1395.986325     1.8858    -0.3102
  5238.8  1396.010739     2.0247    -0.3117
  5233.5  1396.035153    -0.2598    -0.3132
  5228.1  1396.059567    -2.3406    -0.3146
  5222.8  1396.083981    -0.2499    -0.3160
  5217.5  1396.108395     1.3317    -0.3174
  5212.1  1396.132809     0.9003    -0.3188
  5206.8  1396.157223     1.5376    -0.3202
  5201.5  1396.181637     0.5968    -0.3216
  5196.1  1396.206051    -2.1821    -0.3229
  5190.8  1396.230465    -1.0675    -0.3243
  5185.5  1396.254879     2.7840    -0.3256
  5180.1  1396.279293     4.3998    -0.3269
  5174.8  1396.303707     3.5992    -0.3282
  5169.5  1396.328122     1.0231    -0.3295
  5164.2  1396.352536     1.1733    -0.3308
  5158.8  1396.376950     2.4212    -0.3320
  5153.5  1396.401364    -1.0051    -0.3333
  5148.2  1396.425778    -3.8472    -0.3345
  5142.8  1396.450192    -3.7551    -0.3357
  5137.5  1396.474606    -2.9712    -0.3369
  5132.2  1396.499020    -0.9738    -0.3381
  5126.8  1396.523434    -0.1114    -0.3393
  5121.5  1396.547848     0.3617    -0.3405
  5116.2  1396.572262     1.6519    -0.3416
  5110.8  1396.596676     2.1411    -0.3427
  5105.5  1396.621090     0.8309    -0.3439
  5100.2  1396.645504     0.1494    -0.3450
  5094.9  1396.669918     1.0062    -0.3460
  5089.5  1396.694332     0.7005    -0.3471
  5084.2  1396.718747     2.0001    -0.3482
  5078.9  1396.743161     2.4681    -0.3492
  5073.5  1396.767575    -0.9452    -0.3503
  5068.2  1396.791989    -0.5214    -0.3513
  5062.9  1396.816403     2.0165    -0.3523
  5057.6  1396.840817     2.6533    -0.3533
  5052.2  1396.865231     1.9634    -0.3542
  5046.9  1396.889645    -0.1476    -0.3552
  5041.6  1396.914059    -0.9115    -0.3561
  5036.2  1396.938473    -1.2544    -0.3571
  5030.9  1396.962887    -2.7010    -0.3580
  5025.6  1396.987301    -0.1210    -0.3589
  5020.3  1397.011715     1.9636    -0.3598
  5014.9  1397.036129    -0.1511    -0.3606
  5009.6  1397.060543    -0.8971    -0.3615
  5004.3  1397.084957    -0.5036    -0.3623
  4999.0  1397.109372    -1.4307    -0.3632
  4993.6  1397.133786    -1.3414    -0.3640
  4988.3  1397.158200     1.6490    -0.3648
  4983.0  1397.182614     2.6291    -0.3656
  4977.6  1397.207028     1.9027    -0.3663
  4972.3  1397.231442     3.7232    -0.3671
  4967.0  1397.255856     3.9838    -0.3678
  4961.7  1397.280270     0.2187    -0.3685
  4956.3  1397.304684    -1.7200    -0.3693
  4951.0  1397.329098    -2.6532    -0.3699
  4945.7  1397.353512    -5.1770    -0.3706
  4940.4  1397.377926    -3.6828    -0.3713
  4935.1  1397.402340    -0.7801    -0.3719
  4929.7  1397.426754    -0.2910    -0.3726
  4924.4  1397.451168    -0.3633    -0.3732
  4919.1  1397.475582     0.1270    -0.3738
  4913.8  1397.499997     2.1252    -0.3744
  4908.4  1397.524411     1.8952    -0.3750
  4903.1  1397.548825    -0.4992    -0.3755
  4897.8  1397.573239    -0.8108    -0.3761
  4892.5  1397.597653     0.0864    -0.3766
  4887.1  1397.622067     0.1092    -0.3771
  4881.8  1397.646481    -1.2253    -0.3776
  4876.5  1397.670895    -1.7148    -0.3781
  4871.2  1397.695309    -0.9704    -0.3786
  4865.9  1397.719723    -0.0614    -0.3791
  4860.5  1397.744137     1.0023    -0.3795
  4855.2  1397.768551     1.9390    -0.3799
  4849.9  1397.792965     3.3869    -0.3803
  4844.6  1397.817379     4.2169    -0.3807
  4839.3  1397.841793     1.5768    -0.3811
  4833.9  1397.866207    -0.7229    -0.3815
  4828.6  1397.890622     0.1977    -0.3818
  4823.3  1397.915036     0.6557    -0.3822
  4818.0  1397.939450     0.4539    -0.3825
  4812.7  1397.963864     0.8747    -0.3828
  4807.3  1397.988278    -1.0919    -0.3831
  4802.0  1398.012692    -3.0041    -0.3834
  4796.7  1398.037106    -1.6997    -0.3837
  4791.4  1398.061520    -0.5192    -0.3839
  4786.1  1398.085934    -1.7304    -0.3842
  4780.7  1398.110348    -2.9599    -0.3844
  4775.4  1398.134762    -2.8613    -0.3846
  4770.1  1398.159176    -3.5835    -0.3848
  4764.8  1398.183590    -2.7794    -0.3850
  4759.5  1398.208004     0.4667    -0.3851
  4754.1  1398.232418     2.0381    -0.3853
  4748.8  1398.256832     1.9386    -0.3854
  4743.5  1398.281247     2.3232    -0.3855
  4738.2  1398.305661     2.6669    -0.3856
  4732.9  1398.330075     4.6285    -0.3857
  4727.6  1398.354489     6.6128    -0.3858
  4722.2  1398.378903     5.3589    -0.3859
  4716.9  1398.403317     4.4903    -0.3859
  4711.6  1398.427731     3.7050    -0.3860
  4706.3  1398.452145     0.7068    -0.3860
  4701.0  1398.476559     0.0418    -0.3860
  4695.7  1398.500973     0.4321    -0.3860
  4690.3  1398.525387     1.1926    -0.3860
  4685.0  1398.549801     3.3268    -0.3859
  4679.7  1398.574215     2.1235    -0.3859
  4674.4  1398.598629    -1.1420    -0.3858
  4669.1  1398.623043    -0.6753    -0.3857
  4663.8  1398.647457     1.8760    -0.3856
  4658.5  1398.671872     2.8580    -0.3855
  4653.1  1398.696286     3.4065    -0.3854
  4647.8  1398.720700     2.0127    -0.3853
  4642.5  1398.745114    -0.3014    -0.3851
  4637.2  1398.769528     2.0966    -0.3850
  4631.9  1398.793942     4.2792    -0.3848
  4626.6  1398.818356     0.5621    -0.3846
  4621.3  1398.842770    -1.9324    -0.3844
  4616.0  1398.867184     1.5253    -0.3842
  4610.6  1398.891598     4.6798    -0.3840
  4605.3  1398.916012     5.8328    -0.3837
  4600.0  1398.940426     4.4229    -0.3835
  4594.7  1398.964840    -0.1768    -0.3832
  4589.4  1398.989254    -2.7112    -0.3829
  4584.1  1399.013668    -0.7582    -0.3826
  4578.8  1399.038082    -0.1743    -0.3823
  4573.5  1399.062497    -2.7246    -0.3820
  4568.1  1399.086911    -3.9539    -0.3816
  4562.8  1399.111325    -3.1476    -0.3813
  4557.5  1399.135739     1.1333    -0.3809
  4552.2  1399.160153     3.1423    -0.3805
  4546.9  1399.184567    -0.9648    -0.3802
  4541.6  1399.208981    -2.1206    -0.3798
  4536.3  1399.233395    -1.3941    -0.3793
  4531.0  1399.257809    -2.7806    -0.3789
  4525.7  1399.282223    -0.7136    -0.3785
  4520.4  1399.306637     2.1500    -0.3780
  4515.0  1399.331051     3.0412    -0.3775
  4509.7  1399.355465     1.8180    -0.3771
  4504.4  1399.379879    -2.6068    -0.3766
  4499.1  1399.404293    -3.6676    -0.3761
  4493.8  1399.428707    -1.4345    -0.3755
  4488.5  1399.453122    -1.5794    -0.3750
  4483.2  1399.477536    -2.1108    -0.3745
  4477.9  1399.501950    -1.1427    -0.3739
  4472.6  1399.526364    -1.1425    -0.3733
  4467.3  1399.550778    -1.7420    -0.3728
  4462.0  1399.575192     1.3712    -0.3722
  4456.7  1399.599606     5.0410    -0.3716
  4451.3  1399.624020     4.2200    -0.3710
  4446.0  1399.648434    -0.1734    -0.3703
  4440.7  1399.672848    -2.1669    -0.3697
  4435.4  1399.697262    -1.1766    -0.3690
  4430.1  1399.721676    -4.1176    -0.3684
  4424.8  1399.746090    -4.9163    -0.3677
  4419.5  1399.770504    -0.1312    -0.3670
  4414.2  1399.794918    -0.1282    -0.3663
  4408.9  1399.819332    -1.7594    -0.3656
  4403.6  1399.843747    -0.3246    -0.3649
  4398.3  1399.868161    -0.2013    -0.3641
  4393.0  1399.892575    -0.6303    -0.3634
  4387.7  1399.916989     0.0246    -0.3626
  4382.4  1399.941403    -1.5414    -0.3619
  4377.1  1399.965817    -3.2313    -0.3611
  4371.8  1399.990231    -3.9590    -0.3603
  4366.5  1400.014645    -1.9733    -0.3595
  4361.2  1400.039059    -0.4786    -0.3587
  4355.8  1400.063473    -2.5237    -0.3579
  4350.5  1400.087887    -1.5216    -0.3570
  4345.2  1400.112301     1.6197    -0.3562
  4339.9  1400.136715     1.1295    -0.3553
  4334.6  1400.161129     1.6937    -0.3545
  4329.3  1400.185543     2.7619    -0.3536
  4324.0  1400.209957    -1.2294    -0.3527
  4318.7  1400.234372    -3.9620    -0.3518
  4313.4  1400.258786    -0.4527    -0.3509
  4308.1  1400.283200     4.4707    -0.3500
  4302.8  1400.307614     7.3880    -0.3491
  4297.5  1400.332028    10.0632    -0.3481
  4292.2  1400.356442    13.0340    -0.3472
  4286.9  1400.380856    13.8802    -0.3462
  4281.6  1400.405270    17.3927    -0.3453
  4276.3  1400.429684    22.9961    -0.3443
  4271.0  1400.454098    24.9850    -0.3433
  4265.7  1400.478512    27.1557    -0.3423
  4260.4  1400.502926    27.8679    -0.3413
  4255.1  1400.527340    25.6305    -0.3403
  4249.8  1400.551754    23.5032    -0.3393
  4244.5  1400.576168    20.6578    -0.3382
  4239.2  1400.600582    18.5937    -0.3372
  4233.9  1400.624997    19.0749    -0.3362
  4228.6  1400.649411    18.8578    -0.3351
  4223.3  1400.673825    17.4031    -0.3340
  4218.0  1400.698239    14.3258    -0.3330
  4212.7  1400.722653    13.3157    -0.3319
  4207.4  1400.747067    13.9185    -0.3308
  4202.1  1400.771481    11.6915    -0.3297
  4196.8  1400.795895    11.5218    -0.3286
  4191.5  1400.820309    12.4862    -0.3275
  4186.2  1400.844723    12.4737    -0.3264
  4180.9  1400.869137    13.0023    -0.3252
  4175.6  1400.893551    14.8958    -0.3241
  4170.3  1400.917965    14.6599    -0.3229
  4165.0  1400.942379    13.5679    -0.3218
  4159.7  1400.966793    12.9289    -0.3206
  4154.4  1400.991207    12.2393    -0.3195
  4149.1  1401.015622    14.5886    -0.3183
  4143.8  1401.040036    19.4068    -0.3171
  4138.6  1401.064450    20.2287    -0.3159
  4133.3  1401.088864    16.9209    -0.3147
  4128.0  1401.113278    13.6341    -0.3135
  4122.7  1401.137692    14.9555    -0.3123
  4117.4  1401.162106    18.9365    -0.3111
  4112.1  1401.186520    21.5329    -0.3099
  4106.8  1401.210934    19.5989    -0.3086
  4101.5  1401.235348    15.7444    -0.3074
  4096.2  1401.259762    14.9248    -0.3061
  4090.9  1401.284176    17.9052    -0.3049
  4085.6  1401.308590    21.1146    -0.3036
  4080.3  1401.333004    22.6013    -0.3024
  4075.0  1401.357418    24.9217    -0.3011
  4069.7  1401.381832    27.8544    -0.2998
  4064.4  1401.406247    27.8594    -0.2986
  4059.1  1401.430661    25.1246    -0.2973
  4053.8  1401.455075    23.5525    -0.2960
  4048.5  1401.479489    23.9382    -0.2947
  4043.3  1401.503903    22.2751    -0.2934
  4038.0  1401.528317    21.9556    -0.2921
  4032.7  1401.552731    20.8753    -0.2908
  4027.4  1401.577145    13.9614    -0.2895
  4022.1  1401.601559     4.6049    -0.2882
  4016.8  1401.625973    -1.5298    -0.2869
  4011.5  1401.650387    -1.3740    -0.2855
  4006.2  1401.674801     0.9673    -0.2842
  4000.9  1401.699215     0.8894    -0.2829
  3995.6  1401.723629     0.1038    -0.2815
  3990.3  1401.748043     1.1366    -0.2802
  3985.0  1401.772457     3.3772    -0.2789
  3979.8  1401.796872     3.1407    -0.2775
  3974.5  1401.821286     1.8393    -0.2762
  3969.2  1401.845700     1.0650    -0.2748
  3963.9  1401.870114    -0.4361    -0.2734
  3958.6  1401.894528    -2.0668    -0.2721
  3953.3  1401.918942    -3.7683    -0.2707
  3948.0  1401.943356    -2.9831    -0.2694
  3942.7  1401.967770    -2.5014    -0.2680
  3937.4  1401.992184    -1.8566    -0.2666
  3932.1  1402.016598     0.9956    -0.2653
  3926.9  1402.041012     1.1330    -0.2639
  3921.6  1402.065426     0.5972    -0.2625
  3916.3  1402.089840     0.2433    -0.2611
  3911.0  1402.114254     0.7207    -0.2597
  3905.7  1402.138668     2.6950    -0.2584
  3900.4  1402.163082     3.5101    -0.2570
  3895.1  1402.187497     1.7115    -0.2556
  3889.8  1402.211911    -0.3829    -0.2542
  3884.6  1402.236325    -0.0345    -0.2528
  3879.3  1402.260739     0.1769    -0.2514
  3874.0  1402.285153     1.2812    -0.2500
  3868.7  1402.309567     2.7894    -0.2487
  3863.4  1402.333981     1.6730    -0.2473
  3858.1  1402.358395     0.2808    -0.2459
  3852.8  1402.382809    -0.8053    -0.2445
  3847.5  1402.407223    -2.0600    -0.2431
  3842.3  1402.431637    -2.1373    -0.2417
  3837.0  1402.456051    -1.0792    -0.2403
  3831.7  1402.480465    -0.8875    -0.2389
  3826.4  1402.504879     0.0142    -0.2376
  3821.1  1402.529293     4.6379    -0.2362
  3815.8  1402.553707     7.4464    -0.2348
  3810.5  1402.578122     4.3143    -0.2334
  3805.3  1402.602536     1.9680    -0.2320
  3800.0  1402.626950     3.6506    -0.2306
  3794.7  1402.651364     3.8154    -0.2292
  3789.4  1402.675778    -0.0367    -0.2279
  3784.1  1402.700192    -0.2751    -0.2265
  3778.8  1402.724606     1.8191    -0.2251
  3773.6  1402.749020    -0.3817    -0.2237
  3768.3  1402.773434    -0.8594    -0.2224
  3763.0  1402.797848     1.1995    -0.2210
  3757.7  1402.822262     0.4797    -0.2196
  3752.4  1402.846676     0.3852    -0.2183
  3747.1  1402.871090     1.5591    -0.2169
  3741.9  1402.895504     2.2735    -0.2156
  3736.6  1402.919918     2.3648    -0.2142
  3731.3  1402.944332    -0.9550    -0.2129
  3726.0  1402.968747    -4.4080    -0.2115
  3720.7  1402.993161    -2.3220    -0.2102
  3715.5  1403.017575    -1.1879    -0.2088
  3710.2  1403.041989    -2.5436    -0.2075
  3704.9  1403.066403    -1.9975    -0.2062
  3699.6  1403.090817    -1.1993    -0.2048
  3694.3  1403.115231    -1.7484    -0.2035
  3689.0  1403.139645     0.1677    -0.2022
  3683.8  1403.164059     1.7306    -0.2009
  3678.5  1403.188473     1.4324    -0.1996
  3673.2  1403.212887     3.6807    -0.1983
  3667.9  1403.237301     4.1321    -0.1970
  3662.6  1403.261715     0.0909    -0.1957
  3657.4  1403.286129    -2.2138    -0.1944
  3652.1  1403.310543    -1.1632    -0.1931
  3646.8  1403.334957     0.5001    -0.1919
  3641.5  1403.359372     0.9619    -0.1906
  3636.3  1403.383786     2.4692    -0.1894
  3631.0  1403.408200     5.8199    -0.1881
  3625.7  1403.432614     5.5659    -0.1869
  3620.4  1403.457028     1.1464    -0.1856
  3615.1  1403.481442    -2.0667    -0.1844
  3609.9  1403.505856    -3.8407    -0.1832
  3604.6  1403.530270    -4.5827    -0.1820
  3599.3  1403.554684    -0.7617    -0.1807
  3594.0  1403.579098     1.8853    -0.1795
  3588.8  1403.603512    -0.4080    -0.1784
  3583.5  1403.627926    -2.0757    -0.1772
  3578.2  1403.652340    -3.6785    -0.1760
  3572.9  1403.676754    -4.5143    -0.1748
  3567.6  1403.701168    -3.0247    -0.1737
  3562.4  1403.725582    -0.8478    -0.1725
  3557.1  1403.749997     2.4592    -0.1714
  3551.8  1403.774411     0.9993    -0.1703
  3546.5  1403.798825    -0.9184    -0.1691
  3541.3  1403.823239    -1.2823    -0.1680
  3536.0  1403.847653    -2.2797    -0.1669
  3530.7  1403.872067     1.5278    -0.1658
  3525.4  1403.896481     3.4242    -0.1648
  3520.2  1403.920895     0.7228    -0.1637
  3514.9  1403.945309    -1.2955    -0.1626
  3509.6  1403.969723    -1.2724    -0.1616
  3504.3  1403.994137    -0.1487    -0.1606
  3499.1  1404.018551    -0.9176    -0.1595
  3493.8  1404.042965    -1.1941    -0.1585
  3488.5  1404.067379     0.9995    -0.1575
  3483.3  1404.091793     0.1011    -0.1565
  3478.0  1404.116207    -1.5245    -0.1556
  3472.7  1404.140622    -0.0086    -0.1546
  3467.4  1404.165036     0.8236    -0.1537
  3462.2  1404.189450    -2.4110    -0.1527
  3456.9  1404.213864    -5.0721    -0.1518
  3451.6  1404.238278    -2.8035    -0.1509
  3446.3  1404.262692     1.1552    -0.1500
  3441.1  1404.287106     4.5614    -0.1491
  3435.8  1404.311520     5.9822    -0.1482
  3430.5  1404.335934     4.2719    -0.1474
  3425.3  1404.360348     2.8306    -0.1465
  3420.0  1404.384762     2.5665    -0.1457
  3414.7  1404.409176     2.8578    -0.1449
  3409.4  1404.433590     2.7296    -0.1441
  3404.2  1404.458004     2.2794    -0.1433
  3398.9  1404.482418     1.4594    -0.1426
  3393.6  1404.506832     0.5750    -0.1418
  3388.4  1404.531247    -0.5079    -0.1411
  3383.1  1404.555661    -3.1100    -0.1403
  3377.8  1404.580075    -2.9253    -0.1396
  3372.6  1404.604489    -1.9387    -0.1390
  3367.3  1404.628903    -4.6986    -0.1383
  3362.0  1404.653317    -2.6931    -0.1376
  3356.7  1404.677731     2.3330    -0.1370
  3351.5  1404.702145     2.5103    -0.1364
  3346.2  1404.726559     1.7424    -0.1358
  3340.9  1404.750973     1.5460    -0.1352
  3335.7  1404.775387     1.5596    -0.1346
  3330.4  1404.799801     0.9985    -0.1341
  3325.1  1404.824215    -2.5571    -0.1335
  3319.9  1404.848629    -4.2182    -0.1330
  3314.6  1404.873043    -6.4718    -0.1325
  3309.3  1404.897457    -5.1529    -0.1321
  3304.1  1404.921872    -1.7655    -0.1316
  3298.8  1404.946286    -2.1047    -0.1312
  3293.5  1404.970700    -2.3258    -0.1308
  3288.3  1404.995114     0.5686    -0.1304
  3283.0  1405.019528     2.1742    -0.1300
  3277.7  1405.043942    -0.4211    -0.1296
  3272.5  1405.068356    -2.2333    -0.1293
  3267.2  1405.092770    -1.3091    -0.1290
  3261.9  1405.117184     0.0502    -0.1287
  3256.7  1405.141598     2.6956    -0.1284
  3251.4  1405.166012     3.0470    -0.1282
  3246.1  1405.190426     1.5935    -0.1280
  3240.9  1405.214840     0.1805    -0.1278
  3235.6  1405.239254     0.9564    -0.1276
  3230.3  1405.263668     3.5669    -0.1274
  3225.1  1405.288082     2.7013    -0.1273
  3219.8  1405.312497    -3.6058    -0.1272
  3214.6  1405.336911    -1.8173    -0.1271
  3209.3  1405.361325     1.0558    -0.1270
  3204.0  1405.385739     6.6582    -0.1270
  3198.8  1405.410153     6.4476    -0.1269
  3193.5  1405.434567     1.3983    -0.1269
  3188.2  1405.458981    -0.7728    -0.1270
  3183.0  1405.483395    -0.6145    -0.1270
  3177.7  1405.507809     0.4441    -0.1271
  3172.4  1405.532223     0.4410    -0.1272
  3167.2  1405.556637    -0.8215    -0.1273
  3161.9  1405.581051     1.1035    -0.1275
  3156.7  1405.605465     2.1861    -0.1277
  3151.4  1405.629879     0.2220    -0.1279
  3146.1  1405.654293    -0.4038    -0.1281
  3140.9  1405.678707    -0.9276    -0.1284
  3135.6  1405.703122    -2.0953    -0.1286
  3130.4  1405.727536    -3.0685    -0.1290
  3125.1  1405.751950    -4.3435    -0.1293
  3119.8  1405.776364    -3.1310    -0.1297
  3114.6  1405.800778    -0.1953    -0.1301
  3109.3  1405.825192    -0.0343    -0.1305
  3104.0  1405.849606    -1.8680    -0.1309
  3098.8  1405.874020    -2.8535    -0.1314
  3093.5  1405.898434    -2.9461    -0.1319
  3088.3  1405.922848    -3.0609    -0.1325
  3083.0  1405.947262    -3.7076    -0.1330
  3077.8  1405.971676    -3.1439    -0.1336
  3072.5  1405.996090    -1.6660    -0.1343
  3067.2  1406.020504    -0.1831    -0.1349
  3062.0  1406.044918     0.5535    -0.1356
  3056.7  1406.069332     1.0304    -0.1363
  3051.5  1406.093747     1.5049    -0.1371
  3046.2  1406.118161    -0.0574    -0.1378
  3040.9  1406.142575    -0.2573    -0.1387
  3035.7  1406.166989     2.1735    -0.1395
  3030.4  1406.191403     2.6152    -0.1404
  3025.2  1406.215817     0.0502    -0.1413
  3019.9  1406.240231    -0.9609    -0.1422
  3014.7  1406.264645    -0.5759    -0.1432
  3009.4  1406.289059    -2.4370    -0.1442
  3004.1  1406.313473    -3.6942    -0.1452
  2998.9  1406.337887    -3.1946    -0.1463
  2993.6  1406.362301    -3.5356    -0.1474
  2988.4  1406.386715    -5.6189    -0.1486
  2983.1  1406.411129    -5.9002    -0.1497
  2977.9  1406.435543    -2.5540    -0.1510
  2972.6  1406.459957     1.8246    -0.1522
  2967.3  1406.484372     2.2576    -0.1535
  2962.1  1406.508786    -0.7582    -0.1548
  2956.8  1406.533200    -2.0526    -0.1561
  2951.6  1406.557614     1.0981    -0.1575
  2946.3  1406.582028     2.4842    -0.1590
  2941.1  1406.606442    -0.2331    -0.1604
  2935.8  1406.630856    -1.0432    -0.1619
  2930.6  1406.655270     1.6612    -0.1635
  2925.3  1406.679684     4.3742    -0.1650
  2920.1  1406.704098     2.9078    -0.1666
  2914.8  1406.728512     1.6019    -0.1683
  2909.5  1406.752926     2.6213    -0.1700
  2904.3  1406.777340     1.2902    -0.1717
  2899.0  1406.801754     1.4152    -0.1735
  2893.8  1406.826168     3.6352    -0.1753
  2888.5  1406.850582     3.1228    -0.1771
  2883.3  1406.874997     0.5149    -0.1790
  2878.0  1406.899411    -0.9574    -0.1809
  2872.8  1406.923825    -0.6923    -0.1829
  2867.5  1406.948239     1.3386    -0.1849
  2862.3  1406.972653     3.2968    -0.1869
  2857.0  1406.997067    -0.8373    -0.1890
  2851.8  1407.021481    -7.2715    -0.1911
  2846.5  1407.045895    -4.9613    -0.1933
  2841.3  1407.070309    -0.3287    -0.1955
  2836.0  1407.094723     0.8241    -0.1977
  2830.8  1407.119137     2.1112    -0.2000
  2825.5  1407.143551     2.2241    -0.2024
  2820.3  1407.167965     0.7554    -0.2047
  2815.0  1407.192379    -1.7123    -0.2072
  2809.8  1407.216793    -5.3906    -0.2096
  2804.5  1407.241207    -6.8183    -0.2121
  2799.3  1407.265622    -5.4721    -0.2147
  2794.0  1407.290036    -3.9604    -0.2173
  2788.8  1407.314450    -1.9298    -0.2199
  2783.5  1407.338864     1.0190    -0.2226
  2778.3  1407.363278     3.4211    -0.2254
  2773.0  1407.387692     2.8067    -0.2282
  2767.8  1407.412106    -0.9487    -0.2310
  2762.5  1407.436520    -1.8161    -0.2339
  2757.3  1407.460934    -0.5543    -0.2368
  2752.0  1407.485348     1.7668    -0.2397
  2746.8  1407.509762     5.1972    -0.2428
  2741.5  1407.534176     4.2538    -0.2458
  2736.3  1407.558590     1.6024    -0.2489
  2731.0  1407.583004     0.9709    -0.2521
  2725.8  1407.607418     1.8144    -0.2553
  2720.5  1407.631832     1.5275    -0.2585
  2715.3  1407.656247     0.0712    -0.2618
  2710.1  1407.680661     0.2119    -0.2652
  2704.8  1407.705075    -0.3780    -0.2686
  2699.6  1407.729489    -1.9347    -0.2721
  2694.3  1407.753903    -1.6248    -0.2756
  2689.1  1407.778317     1.1246    -0.2791
  2683.8  1407.802731     1.9987    -0.2827
  2678.6  1407.827145     0.9137    -0.2864
  2673.3  1407.851559     0.3314    -0.2901
  2668.1  1407.875973    -1.1418    -0.2939
  2662.8  1407.900387    -1.6467    -0.2977
  2657.6  1407.924801     0.6097    -0.3015
  2652.4  1407.949215     2.7198    -0.3054
  2647.1  1407.973629     2.5995    -0.3094
  2641.9  1407.998043    -0.1665    -0.3134
  2636.6  1408.022457    -1.7283    -0.3175
  2631.4  1408.046872    -0.8468    -0.3217
  2626.1  1408.071286     1.3248    -0.3258
  2620.9  1408.095700     1.8960    -0.3301
  2615.6  1408.120114    -1.1494    -0.3344
  2610.4  1408.144528    -0.8490    -0.3387
  2605.2  1408.168942     2.9594    -0.3431
  2599.9  1408.193356     4.8479    -0.3476
  2594.7  1408.217770     3.6004    -0.3521
  2589.4  1408.242184     0.9420    -0.3567
  2584.2  1408.266598    -1.6378    -0.3613
  2578.9  1408.291012    -2.8473    -0.3660
  2573.7  1408.315426    -2.0949    -0.3708
  2568.5  1408.339840    -2.2560    -0.3756
  2563.2  1408.364254    -1.5450    -0.3805
  2558.0  1408.388668     1.0655    -0.3854
  2552.7  1408.413082     3.2197    -0.3904
  2547.5  1408.437497     2.8030    -0.3954
  2542.3  1408.461911     1.4528    -0.4005
  2537.0  1408.486325     0.2561    -0.4057
  2531.8  1408.510739    -1.5453    -0.4109
  2526.5  1408.535153    -1.7537    -0.4162
  2521.3  1408.559567    -0.8172    -0.4215
  2516.1  1408.583981     0.7651    -0.4270
  2510.8  1408.608395     1.4494    -0.4324
  2505.6  1408.632809     0.0384    -0.4380
  2500.3  1408.657223     0.6817    -0.4435
