#Arecibo Legacy Fast ALFA Survey
#http://egg.astro.cornell.edu/alfalfa/
#ASCII Table format
# 
#Telescope:      Arecibo Radio Telescope
#Instrument:     Arecibo Radio Telescope
#Beam size:      3.5x3.8 [arcminutes]
#Object:         AGC 5803
#RA:             159.98956  (J2000) decimal degrees
#DEC:            24.092202  (J2000) decimal degrees
#Rest Frequency: 1.4204058e+09 [Hz]
#Bandwidth:      24.975586 [MHz]
#Channels:       1024
#Other name:     N3327
#Detection Code:    1
#Data archive at http://arecibo.tc.cornell.edu/hiarchive/alfalfa/
#File generated by G. Hallenbeck  Thu Jul  8 16:03:54 2010
#This spectrum has been baseline subtracted.
#Table FORMAT:  (f8.1,1x,f12.6,1x,f10.4,1x,f10.4)
# 
#Column descriptions:
# 1. Heliocentric velocity [km/s]
# 2. Radio frequency [MHz]
# 3. Flux Density [mJy]
# 4. Subtracted polynomial baseline fit
# 
####################################################################
# 
  7956.8  1383.681637     3.7663    -0.1505
  7951.3  1383.706051     0.6657    -0.1534
  7945.9  1383.730465    -1.3142    -0.1562
  7940.5  1383.754879    -1.3233    -0.1590
  7935.0  1383.779293    -1.0883    -0.1618
  7929.6  1383.803707     0.1667    -0.1646
  7924.2  1383.828122     0.8504    -0.1673
  7918.7  1383.852536    -0.6128    -0.1699
  7913.3  1383.876950    -1.8733    -0.1726
  7907.9  1383.901364    -2.9432    -0.1752
  7902.5  1383.925778    -2.9540    -0.1778
  7897.0  1383.950192    -1.9208    -0.1804
  7891.6  1383.974606    -1.8519    -0.1829
  7886.2  1383.999020    -0.4261    -0.1854
  7880.8  1384.023434     0.9717    -0.1879
  7875.3  1384.047848     1.4474    -0.1903
  7869.9  1384.072262     0.3963    -0.1927
  7864.5  1384.096676    -1.3110    -0.1951
  7859.0  1384.121090    -1.2279    -0.1974
  7853.6  1384.145504    -0.3750    -0.1998
  7848.2  1384.169918     0.0406    -0.2021
  7842.8  1384.194332     0.2745    -0.2043
  7837.3  1384.218747     1.1402    -0.2066
  7831.9  1384.243161     3.0165    -0.2088
  7826.5  1384.267575     3.3221    -0.2109
  7821.1  1384.291989     2.5229    -0.2131
  7815.6  1384.316403     2.5454    -0.2152
  7810.2  1384.340817     0.7326    -0.2173
  7804.8  1384.365231     0.1482    -0.2194
  7799.4  1384.389645     1.2019    -0.2214
  7793.9  1384.414059    -1.1379    -0.2234
  7788.5  1384.438473    -1.9786    -0.2254
  7783.1  1384.462887     0.7133    -0.2274
  7777.7  1384.487301     2.0176    -0.2293
  7772.2  1384.511715     3.6608    -0.2312
  7766.8  1384.536129     4.8031    -0.2331
  7761.4  1384.560543     1.9697    -0.2349
  7756.0  1384.584957    -0.8366    -0.2368
  7750.6  1384.609372    -1.5273    -0.2386
  7745.1  1384.633786    -1.3876    -0.2403
  7739.7  1384.658200    -0.2342    -0.2421
  7734.3  1384.682614     0.5887    -0.2438
  7728.9  1384.707028     1.0149    -0.2455
  7723.4  1384.731442     0.6253    -0.2472
  7718.0  1384.755856    -2.0773    -0.2488
  7712.6  1384.780270    -2.9274    -0.2504
  7707.2  1384.804684    -2.2233    -0.2520
  7701.8  1384.829098    -2.2691    -0.2536
  7696.3  1384.853512    -1.7848    -0.2551
  7690.9  1384.877926    -0.7680    -0.2567
  7685.5  1384.902340    -0.3615    -0.2582
  7680.1  1384.926754    -1.6864    -0.2596
  7674.7  1384.951168    -2.5969    -0.2611
  7669.2  1384.975582    -1.5127    -0.2625
  7663.8  1384.999997     0.9000    -0.2639
  7658.4  1385.024411     1.2248    -0.2653
  7653.0  1385.048825    -0.2168    -0.2666
  7647.6  1385.073239     0.7419    -0.2680
  7642.1  1385.097653     0.9121    -0.2693
  7636.7  1385.122067    -0.4041    -0.2706
  7631.3  1385.146481     0.3832    -0.2718
  7625.9  1385.170895     1.9217    -0.2731
  7620.5  1385.195309     0.0297    -0.2743
  7615.0  1385.219723    -5.3649    -0.2755
  7609.6  1385.244137    -5.6293    -0.2766
  7604.2  1385.268551    -1.8294    -0.2778
  7598.8  1385.292965     0.2687    -0.2789
  7593.4  1385.317379     0.8054    -0.2800
  7588.0  1385.341793    -0.0679    -0.2811
  7582.5  1385.366207    -0.8289    -0.2822
  7577.1  1385.390622     1.3289    -0.2832
  7571.7  1385.415036     2.3419    -0.2842
  7566.3  1385.439450     0.0156    -0.2852
  7560.9  1385.463864    -0.4816    -0.2862
  7555.5  1385.488278     1.7484    -0.2872
  7550.0  1385.512692     0.7350    -0.2881
  7544.6  1385.537106    -2.0183    -0.2890
  7539.2  1385.561520    -0.7345    -0.2899
  7533.8  1385.585934     1.0562    -0.2908
  7528.4  1385.610348    -0.2673    -0.2917
  7523.0  1385.634762    -1.1023    -0.2925
  7517.6  1385.659176     0.9393    -0.2933
  7512.1  1385.683590     2.2664    -0.2941
  7506.7  1385.708004     1.5613    -0.2949
  7501.3  1385.732418     3.5498    -0.2956
  7495.9  1385.756832     3.8598    -0.2964
  7490.5  1385.781247     0.9730    -0.2971
  7485.1  1385.805661     1.4475    -0.2978
  7479.7  1385.830075     2.1202    -0.2985
  7474.2  1385.854489     0.1004    -0.2991
  7468.8  1385.878903    -0.2631    -0.2998
  7463.4  1385.903317     0.4665    -0.3004
  7458.0  1385.927731     0.7871    -0.3010
  7452.6  1385.952145     1.3775    -0.3016
  7447.2  1385.976559     2.7442    -0.3021
  7441.8  1386.000973     4.4506    -0.3027
  7436.4  1386.025387     2.9624    -0.3032
  7430.9  1386.049801     0.7808    -0.3037
  7425.5  1386.074215     1.3220    -0.3042
  7420.1  1386.098629     2.1302    -0.3047
  7414.7  1386.123043     0.4022    -0.3052
  7409.3  1386.147457     0.8395    -0.3056
  7403.9  1386.171872     2.1687    -0.3061
  7398.5  1386.196286    -0.5636    -0.3065
  7393.1  1386.220700    -1.4256    -0.3069
  7387.7  1386.245114    -0.5500    -0.3072
  7382.2  1386.269528    -1.3703    -0.3076
  7376.8  1386.293942     0.1791    -0.3079
  7371.4  1386.318356     2.2709    -0.3083
  7366.0  1386.342770     1.2826    -0.3086
  7360.6  1386.367184    -0.8696    -0.3089
  7355.2  1386.391598    -3.7197    -0.3092
  7349.8  1386.416012    -5.3944    -0.3094
  7344.4  1386.440426    -4.5830    -0.3097
  7339.0  1386.464840    -4.0812    -0.3099
  7333.6  1386.489254    -2.7378    -0.3101
  7328.2  1386.513668    -2.1612    -0.3103
  7322.8  1386.538082    -0.8651    -0.3105
  7317.3  1386.562497     3.1163    -0.3107
  7311.9  1386.586911     4.0216    -0.3108
  7306.5  1386.611325     1.8232    -0.3110
  7301.1  1386.635739    -0.4396    -0.3111
  7295.7  1386.660153    -3.8085    -0.3112
  7290.3  1386.684567    -5.8462    -0.3113
  7284.9  1386.708981    -5.5547    -0.3114
  7279.5  1386.733395    -1.6273    -0.3115
  7274.1  1386.757809     3.4848    -0.3115
  7268.7  1386.782223     2.2873    -0.3116
  7263.3  1386.806637    -2.1845    -0.3116
  7257.9  1386.831051    -2.5052    -0.3116
  7252.5  1386.855465    -0.8576    -0.3116
  7247.1  1386.879879    -1.6466    -0.3116
  7241.7  1386.904293    -2.9465    -0.3116
  7236.3  1386.928707    -1.4402    -0.3115
  7230.8  1386.953122     0.3479    -0.3115
  7225.4  1386.977536    -0.7613    -0.3114
  7220.0  1387.001950    -3.2680    -0.3113
  7214.6  1387.026364    -3.1867    -0.3112
  7209.2  1387.050778    -0.3220    -0.3111
  7203.8  1387.075192     1.2468    -0.3110
  7198.4  1387.099606     0.8486    -0.3109
  7193.0  1387.124020     1.0682    -0.3107
  7187.6  1387.148434     1.7963    -0.3106
  7182.2  1387.172848     3.0964    -0.3104
  7176.8  1387.197262     3.0247    -0.3103
  7171.4  1387.221676     0.3433    -0.3101
  7166.0  1387.246090    -1.8707    -0.3099
  7160.6  1387.270504    -1.5191    -0.3096
  7155.2  1387.294918     1.1256    -0.3094
  7149.8  1387.319332     2.5949    -0.3092
  7144.4  1387.343747     1.4108    -0.3089
  7139.0  1387.368161    -0.6692    -0.3087
  7133.6  1387.392575    -0.9136    -0.3084
  7128.2  1387.416989    -0.9730    -0.3081
  7122.8  1387.441403    -0.8865    -0.3078
  7117.4  1387.465817    -0.0830    -0.3075
  7112.0  1387.490231     2.8047    -0.3072
  7106.6  1387.514645     4.7086    -0.3069
  7101.2  1387.539059     3.0124    -0.3066
  7095.8  1387.563473    -0.0362    -0.3062
  7090.4  1387.587887    -2.8009    -0.3059
  7085.0  1387.612301    -2.0710    -0.3055
  7079.6  1387.636715    -0.3546    -0.3051
  7074.2  1387.661129    -0.8439    -0.3047
  7068.8  1387.685543    -2.3486    -0.3043
  7063.4  1387.709957    -2.8180    -0.3039
  7058.0  1387.734372    -1.0203    -0.3035
  7052.6  1387.758786     0.4023    -0.3031
  7047.2  1387.783200     2.0672    -0.3027
  7041.8  1387.807614     1.8050    -0.3022
  7036.4  1387.832028    -0.8340    -0.3018
  7031.0  1387.856442    -0.0973    -0.3013
  7025.6  1387.880856     1.2075    -0.3009
  7020.2  1387.905270    -0.6122    -0.3004
  7014.8  1387.929684    -1.3483    -0.2999
  7009.4  1387.954098    -0.6540    -0.2994
  7004.0  1387.978512    -1.2166    -0.2989
  6998.6  1388.002926    -3.2505    -0.2984
  6993.2  1388.027340    -3.1014    -0.2979
  6987.8  1388.051754     0.6936    -0.2973
  6982.4  1388.076168     2.3000    -0.2968
  6977.1  1388.100582     1.0781    -0.2963
  6971.7  1388.124997     1.6062    -0.2957
  6966.3  1388.149411     2.1838    -0.2951
  6960.9  1388.173825     1.1442    -0.2946
  6955.5  1388.198239     0.4187    -0.2940
  6950.1  1388.222653     3.3552    -0.2934
  6944.7  1388.247067     6.4944    -0.2928
  6939.3  1388.271481     5.1972    -0.2922
  6933.9  1388.295895     3.8074    -0.2916
  6928.5  1388.320309     2.8084    -0.2910
  6923.1  1388.344723     1.6623    -0.2904
  6917.7  1388.369137     0.0756    -0.2898
  6912.3  1388.393551    -1.6852    -0.2891
  6906.9  1388.417965    -0.6143    -0.2885
  6901.5  1388.442379     2.2688    -0.2878
  6896.1  1388.466793     2.5696    -0.2872
  6890.7  1388.491207     0.3462    -0.2865
  6885.4  1388.515622    -0.9215    -0.2859
  6880.0  1388.540036    -2.1659    -0.2852
  6874.6  1388.564450    -2.9257    -0.2845
  6869.2  1388.588864    -1.5363    -0.2838
  6863.8  1388.613278    -1.6417    -0.2831
  6858.4  1388.637692    -2.9116    -0.2824
  6853.0  1388.662106    -1.0566    -0.2817
  6847.6  1388.686520     1.6869    -0.2810
  6842.2  1388.710934     1.3505    -0.2803
  6836.8  1388.735348    -0.0946    -0.2796
  6831.4  1388.759762     0.6173    -0.2789
  6826.1  1388.784176     3.6877    -0.2781
  6820.7  1388.808590     4.9795    -0.2774
  6815.3  1388.833004     2.9213    -0.2767
  6809.9  1388.857418     1.1560    -0.2759
  6804.5  1388.881832     1.1286    -0.2752
  6799.1  1388.906247     0.7173    -0.2744
  6793.7  1388.930661    -1.5573    -0.2737
  6788.3  1388.955075    -1.5455    -0.2729
  6782.9  1388.979489     0.6602    -0.2721
  6777.5  1389.003903    -0.9767    -0.2713
  6772.2  1389.028317    -4.5143    -0.2706
  6766.8  1389.052731    -4.1035    -0.2698
  6761.4  1389.077145    -2.8686    -0.2690
  6756.0  1389.101559    -3.6237    -0.2682
  6750.6  1389.125973    -2.4857    -0.2674
  6745.2  1389.150387    -0.0985    -0.2666
  6739.8  1389.174801     0.6120    -0.2658
  6734.4  1389.199215     0.2796    -0.2650
  6729.1  1389.223629    -0.4458    -0.2642
  6723.7  1389.248043    -1.1089    -0.2634
  6718.3  1389.272457    -1.2974    -0.2626
  6712.9  1389.296872    -0.5775    -0.2617
  6707.5  1389.321286     0.3691    -0.2609
  6702.1  1389.345700     0.0117    -0.2601
  6696.7  1389.370114    -1.1199    -0.2592
  6691.4  1389.394528    -0.8862    -0.2584
  6686.0  1389.418942     0.6083    -0.2576
  6680.6  1389.443356    -1.6159    -0.2567
  6675.2  1389.467770    -3.5906    -0.2559
  6669.8  1389.492184    -1.0097    -0.2550
  6664.4  1389.516598     1.7235    -0.2542
  6659.0  1389.541012     2.4275    -0.2533
  6653.7  1389.565426    -0.0419    -0.2525
  6648.3  1389.589840    -3.4318    -0.2516
  6642.9  1389.614254    -1.7335    -0.2507
  6637.5  1389.638668     1.2076    -0.2499
  6632.1  1389.663082     1.8845    -0.2490
  6626.7  1389.687497     1.0152    -0.2482
  6621.4  1389.711911    -0.6648    -0.2473
  6616.0  1389.736325     0.5049    -0.2464
  6610.6  1389.760739     2.4976    -0.2455
  6605.2  1389.785153     1.6765    -0.2447
  6599.8  1389.809567     0.4636    -0.2438
  6594.4  1389.833981    -1.5330    -0.2429
  6589.1  1389.858395    -2.5899    -0.2420
  6583.7  1389.882809    -0.7954    -0.2411
  6578.3  1389.907223    -0.5245    -0.2402
  6572.9  1389.931637    -0.6969    -0.2394
  6567.5  1389.956051     1.4016    -0.2385
  6562.2  1389.980465    -0.1904    -0.2376
  6556.8  1390.004879    -3.8829    -0.2367
  6551.4  1390.029293    -2.5696    -0.2358
  6546.0  1390.053707    -0.3582    -0.2349
  6540.6  1390.078122    -0.7229    -0.2340
  6535.3  1390.102536    -2.1222    -0.2331
  6529.9  1390.126950    -0.2037    -0.2322
  6524.5  1390.151364     3.7143    -0.2313
  6519.1  1390.175778     3.2006    -0.2304
  6513.7  1390.200192     1.1093    -0.2295
  6508.4  1390.224606     1.0374    -0.2286
  6503.0  1390.249020     1.3567    -0.2277
  6497.6  1390.273434     1.3783    -0.2268
  6492.2  1390.297848     0.8656    -0.2259
  6486.8  1390.322262     0.8265    -0.2250
  6481.5  1390.346676     4.3022    -0.2241
  6476.1  1390.371090     7.7798    -0.2232
  6470.7  1390.395504     7.4230    -0.2223
  6465.3  1390.419918     8.9820    -0.2214
  6460.0  1390.444332    13.7846    -0.2205
  6454.6  1390.468747    16.0127    -0.2196
  6449.2  1390.493161    14.9213    -0.2187
  6443.8  1390.517575    14.9741    -0.2178
  6438.4  1390.541989    15.2770    -0.2169
  6433.1  1390.566403    14.6918    -0.2160
  6427.7  1390.590817    13.9220    -0.2151
  6422.3  1390.615231    10.6661    -0.2142
  6416.9  1390.639645     9.9407    -0.2133
  6411.6  1390.664059    12.0485    -0.2124
  6406.2  1390.688473    12.4404    -0.2115
  6400.8  1390.712887    11.2707    -0.2106
  6395.4  1390.737301     9.0419    -0.2097
  6390.1  1390.761715     7.6256    -0.2088
  6384.7  1390.786129     6.4212    -0.2079
  6379.3  1390.810543     6.6106    -0.2070
  6373.9  1390.834957     6.2613    -0.2061
  6368.6  1390.859372     5.8189    -0.2052
  6363.2  1390.883786     6.7077    -0.2043
  6357.8  1390.908200     9.2004    -0.2034
  6352.4  1390.932614    10.6550    -0.2025
  6347.1  1390.957028     9.1935    -0.2016
  6341.7  1390.981442     9.4505    -0.2007
  6336.3  1391.005856    12.1626    -0.1998
  6331.0  1391.030270    12.1178    -0.1989
  6325.6  1391.054684     9.6329    -0.1980
  6320.2  1391.079098     8.2246    -0.1972
  6314.8  1391.103512     8.0342    -0.1963
  6309.5  1391.127926     9.3558    -0.1954
  6304.1  1391.152340    11.2078    -0.1945
  6298.7  1391.176754    11.0517    -0.1936
  6293.4  1391.201168    10.7758    -0.1928
  6288.0  1391.225582    11.9839    -0.1919
  6282.6  1391.249997    13.7525    -0.1910
  6277.2  1391.274411    12.4446    -0.1901
  6271.9  1391.298825    10.1276    -0.1893
  6266.5  1391.323239     8.6627    -0.1884
  6261.1  1391.347653     8.7061    -0.1875
  6255.8  1391.372067    11.6168    -0.1867
  6250.4  1391.396481    12.7648    -0.1858
  6245.0  1391.420895     9.8929    -0.1849
  6239.6  1391.445309    11.8223    -0.1841
  6234.3  1391.469723    15.6320    -0.1832
  6228.9  1391.494137    14.4202    -0.1824
  6223.5  1391.518551    14.1503    -0.1815
  6218.2  1391.542965    14.4677    -0.1807
  6212.8  1391.567379    12.9191    -0.1798
  6207.4  1391.591793    12.8426    -0.1790
  6202.1  1391.616207    13.0893    -0.1782
  6196.7  1391.640622    13.5639    -0.1773
  6191.3  1391.665036    17.3057    -0.1765
  6186.0  1391.689450    20.9028    -0.1757
  6180.6  1391.713864    21.0290    -0.1748
  6175.2  1391.738278    19.8119    -0.1740
  6169.9  1391.762692    17.4913    -0.1732
  6164.5  1391.787106    14.3470    -0.1724
  6159.1  1391.811520    10.5005    -0.1715
  6153.8  1391.835934     6.2148    -0.1707
  6148.4  1391.860348     1.9038    -0.1699
  6143.0  1391.884762    -0.6813    -0.1691
  6137.7  1391.909176    -1.1042    -0.1683
  6132.3  1391.933590     0.5481    -0.1675
  6126.9  1391.958004     0.8288    -0.1667
  6121.6  1391.982418    -1.4393    -0.1659
  6116.2  1392.006832     0.3269    -0.1651
  6110.8  1392.031247     3.7385    -0.1643
  6105.5  1392.055661     1.3839    -0.1635
  6100.1  1392.080075    -0.2281    -0.1627
  6094.7  1392.104489     1.8938    -0.1620
  6089.4  1392.128903     1.8919    -0.1612
  6084.0  1392.153317     1.3806    -0.1604
  6078.6  1392.177731     0.4167    -0.1597
  6073.3  1392.202145    -0.5506    -0.1589
  6067.9  1392.226559     0.1493    -0.1581
  6062.6  1392.250973    -0.3887    -0.1574
  6057.2  1392.275387    -0.2547    -0.1566
  6051.8  1392.299801     0.2381    -0.1559
  6046.5  1392.324215    -0.6925    -0.1551
  6041.1  1392.348629     0.7257    -0.1544
  6035.7  1392.373043     3.6235    -0.1536
  6030.4  1392.397457     3.6413    -0.1529
  6025.0  1392.421872     2.6408    -0.1522
  6019.7  1392.446286     2.7140    -0.1514
  6014.3  1392.470700     0.6938    -0.1507
  6008.9  1392.495114    -0.2440    -0.1500
  6003.6  1392.519528     2.0897    -0.1493
  5998.2  1392.543942     0.6697    -0.1486
  5992.8  1392.568356    -1.2701    -0.1479
  5987.5  1392.592770     1.0001    -0.1472
  5982.1  1392.617184     0.4820    -0.1465
  5976.8  1392.641598    -2.7635    -0.1458
  5971.4  1392.666012    -2.2381    -0.1451
  5966.0  1392.690426     0.2797    -0.1444
  5960.7  1392.714840     0.6355    -0.1437
  5955.3  1392.739254    -0.3258    -0.1430
  5950.0  1392.763668    -1.4830    -0.1424
  5944.6  1392.788082    -2.0802    -0.1417
  5939.2  1392.812497    -1.7495    -0.1410
  5933.9  1392.836911    -1.9636    -0.1404
  5928.5  1392.861325    -1.0276    -0.1397
  5923.2  1392.885739    -0.7543    -0.1391
  5917.8  1392.910153    -1.4458    -0.1384
  5912.5  1392.934567    -0.8180    -0.1378
  5907.1  1392.958981     0.4790    -0.1371
  5901.7  1392.983395     0.3854    -0.1365
  5896.4  1393.007809    -1.3626    -0.1359
  5891.0  1393.032223    -2.7987    -0.1353
  5885.7  1393.056637    -2.2043    -0.1346
  5880.3  1393.081051    -1.1636    -0.1340
  5874.9  1393.105465     0.9365    -0.1334
  5869.6  1393.129879     3.4381    -0.1328
  5864.2  1393.154293     1.3228    -0.1322
  5858.9  1393.178707    -1.6528    -0.1316
  5853.5  1393.203122    -1.7390    -0.1310
  5848.2  1393.227536    -1.9823    -0.1304
  5842.8  1393.251950    -0.6983    -0.1299
  5837.5  1393.276364     1.4083    -0.1293
  5832.1  1393.300778     1.2436    -0.1287
  5826.7  1393.325192     0.2699    -0.1282
  5821.4  1393.349606     1.3727    -0.1276
  5816.0  1393.374020     0.9862    -0.1270
  5810.7  1393.398434    -1.6052    -0.1265
  5805.3  1393.422848    -0.8003    -0.1260
  5800.0  1393.447262     0.7534    -0.1254
  5794.6  1393.471676    -1.1435    -0.1249
  5789.3  1393.496090    -2.2378    -0.1243
  5783.9  1393.520504    -2.0236    -0.1238
  5778.6  1393.544918    -1.6972    -0.1233
  5773.2  1393.569332     0.1198    -0.1228
  5767.9  1393.593747     1.4349    -0.1223
  5762.5  1393.618161     0.1489    -0.1218
  5757.1  1393.642575    -2.0573    -0.1213
  5751.8  1393.666989    -2.4265    -0.1208
  5746.4  1393.691403    -0.9184    -0.1203
  5741.1  1393.715817     1.0819    -0.1198
  5735.7  1393.740231     0.7012    -0.1193
  5730.4  1393.764645    -2.5036    -0.1189
  5725.0  1393.789059    -2.3847    -0.1184
  5719.7  1393.813473     1.2139    -0.1179
  5714.3  1393.837887     0.7822    -0.1175
  5709.0  1393.862301    -1.6270    -0.1170
  5703.6  1393.886715     0.2953    -0.1166
  5698.3  1393.911129     2.4622    -0.1161
  5692.9  1393.935543     0.8875    -0.1157
  5687.6  1393.959957    -0.6474    -0.1153
  5682.2  1393.984372     0.7262    -0.1148
  5676.9  1394.008786     1.9770    -0.1144
  5671.5  1394.033200     2.1013    -0.1140
  5666.2  1394.057614     1.5063    -0.1136
  5660.8  1394.082028     2.0561    -0.1132
  5655.5  1394.106442     2.1720    -0.1128
  5650.1  1394.130856    -0.0780    -0.1124
  5644.8  1394.155270     0.7746    -0.1120
  5639.4  1394.179684     2.8962    -0.1116
  5634.1  1394.204098     1.5272    -0.1113
  5628.7  1394.228512    -0.1618    -0.1109
  5623.4  1394.252926     0.8849    -0.1105
  5618.0  1394.277340     1.3270    -0.1102
  5612.7  1394.301754    -1.6288    -0.1098
  5607.3  1394.326168    -1.9552    -0.1095
  5602.0  1394.350582    -0.3658    -0.1091
  5596.6  1394.374997    -0.9920    -0.1088
  5591.3  1394.399411    -1.4484    -0.1085
  5586.0  1394.423825     0.4082    -0.1081
  5580.6  1394.448239     1.9512    -0.1078
  5575.3  1394.472653     3.0572    -0.1075
  5569.9  1394.497067     2.9094    -0.1072
  5564.6  1394.521481     0.8383    -0.1069
  5559.2  1394.545895     0.2444    -0.1066
  5553.9  1394.570309     2.1772    -0.1063
  5548.5  1394.594723     3.6362    -0.1060
  5543.2  1394.619137     3.8289    -0.1057
  5537.8  1394.643551     1.8149    -0.1055
  5532.5  1394.667965    -1.2953    -0.1052
  5527.2  1394.692379    -1.4968    -0.1049
  5521.8  1394.716793    -0.7677    -0.1047
  5516.5  1394.741207    -1.0686    -0.1044
  5511.1  1394.765622    -1.1217    -0.1042
  5505.8  1394.790036    -0.8351    -0.1039
  5500.4  1394.814450    -0.2611    -0.1037
  5495.1  1394.838864    -0.3704    -0.1034
  5489.7  1394.863278    -2.7122    -0.1032
  5484.4  1394.887692    -2.9017    -0.1030
  5479.1  1394.912106     0.8294    -0.1028
  5473.7  1394.936520     1.8118    -0.1026
  5468.4  1394.960934    -0.8430    -0.1024
  5463.0  1394.985348    -1.0843    -0.1022
  5457.7  1395.009762     1.6164    -0.1020
  5452.3  1395.034176     3.3912    -0.1018
  5447.0  1395.058590     2.3308    -0.1016
  5441.7  1395.083004     0.8651    -0.1014
  5436.3  1395.107418     2.4171    -0.1013
  5431.0  1395.131832     3.8797    -0.1011
  5425.6  1395.156247     1.5407    -0.1009
  5420.3  1395.180661    -2.3449    -0.1008
  5415.0  1395.205075    -2.1063    -0.1006
  5409.6  1395.229489     2.0310    -0.1005
  5404.3  1395.253903     2.9550    -0.1004
  5398.9  1395.278317     1.6098    -0.1002
  5393.6  1395.302731     1.6125    -0.1001
  5388.3  1395.327145    -0.7328    -0.1000
  5382.9  1395.351559    -2.5455    -0.0999
  5377.6  1395.375973    -1.9739    -0.0997
  5372.2  1395.400387    -1.5761    -0.0996
  5366.9  1395.424801     1.1425    -0.0995
  5361.6  1395.449215     2.9440    -0.0994
  5356.2  1395.473629     2.2063    -0.0994
  5350.9  1395.498043     1.3764    -0.0993
  5345.5  1395.522457     0.1448    -0.0992
  5340.2  1395.546872    -1.2053    -0.0991
  5334.9  1395.571286    -0.5707    -0.0991
  5329.5  1395.595700     1.1935    -0.0990
  5324.2  1395.620114     0.2165    -0.0989
  5318.9  1395.644528    -0.6552    -0.0989
  5313.5  1395.668942    -0.3196    -0.0988
  5308.2  1395.693356     0.0263    -0.0988
  5302.8  1395.717770     1.0543    -0.0988
  5297.5  1395.742184     0.1952    -0.0987
  5292.2  1395.766598    -1.3350    -0.0987
  5286.8  1395.791012    -1.3229    -0.0987
  5281.5  1395.815426    -1.3007    -0.0987
  5276.2  1395.839840    -0.7563    -0.0987
  5270.8  1395.864254    -0.1704    -0.0987
  5265.5  1395.888668    -0.1079    -0.0987
  5260.2  1395.913082     0.7023    -0.0987
  5254.8  1395.937497     0.8430    -0.0987
  5249.5  1395.961911    -0.5567    -0.0987
  5244.2  1395.986325    -0.6279    -0.0987
  5238.8  1396.010739     1.3688    -0.0987
  5233.5  1396.035153     1.6925    -0.0988
  5228.1  1396.059567     0.0884    -0.0988
  5222.8  1396.083981     0.0735    -0.0988
  5217.5  1396.108395    -0.3063    -0.0989
  5212.1  1396.132809    -2.5770    -0.0989
  5206.8  1396.157223    -2.6145    -0.0990
  5201.5  1396.181637     0.3108    -0.0990
  5196.1  1396.206051    -0.2021    -0.0991
  5190.8  1396.230465    -2.8299    -0.0992
  5185.5  1396.254879    -1.5304    -0.0993
  5180.1  1396.279293     0.5338    -0.0993
  5174.8  1396.303707    -0.1533    -0.0994
  5169.5  1396.328122    -1.2104    -0.0995
  5164.2  1396.352536    -0.7270    -0.0996
  5158.8  1396.376950    -0.2666    -0.0997
  5153.5  1396.401364    -0.2021    -0.0998
  5148.2  1396.425778     0.4823    -0.0999
  5142.8  1396.450192     1.0905    -0.1000
  5137.5  1396.474606     1.2733    -0.1001
  5132.2  1396.499020     1.3281    -0.1003
  5126.8  1396.523434     1.9786    -0.1004
  5121.5  1396.547848     2.5149    -0.1005
  5116.2  1396.572262     0.9045    -0.1007
  5110.8  1396.596676     0.6847    -0.1008
  5105.5  1396.621090     2.8472    -0.1009
  5100.2  1396.645504     2.0483    -0.1011
  5094.9  1396.669918    -0.5442    -0.1012
  5089.5  1396.694332    -0.4129    -0.1014
  5084.2  1396.718747     0.7984    -0.1016
  5078.9  1396.743161    -0.9781    -0.1017
  5073.5  1396.767575    -2.1043    -0.1019
  5068.2  1396.791989    -0.8023    -0.1021
  5062.9  1396.816403     0.4766    -0.1022
  5057.6  1396.840817     1.3844    -0.1024
  5052.2  1396.865231     0.4418    -0.1026
  5046.9  1396.889645    -2.8849    -0.1028
  5041.6  1396.914059    -3.3552    -0.1030
  5036.2  1396.938473     0.5987    -0.1032
  5030.9  1396.962887     1.4260    -0.1034
  5025.6  1396.987301    -2.4213    -0.1036
  5020.3  1397.011715    -4.5144    -0.1038
  5014.9  1397.036129    -3.0624    -0.1040
  5009.6  1397.060543    -1.5529    -0.1043
  5004.3  1397.084957    -0.1917    -0.1045
  4999.0  1397.109372     0.2818    -0.1047
  4993.6  1397.133786    -1.3220    -0.1049
  4988.3  1397.158200    -0.5647    -0.1052
  4983.0  1397.182614     3.2150    -0.1054
  4977.6  1397.207028     4.8920    -0.1056
  4972.3  1397.231442     2.9609    -0.1059
  4967.0  1397.255856     0.4514    -0.1061
  4961.7  1397.280270     0.3687    -0.1064
  4956.3  1397.304684     2.8482    -0.1066
  4951.0  1397.329098     4.3830    -0.1069
  4945.7  1397.353512     2.3110    -0.1072
  4940.4  1397.377926    -0.6283    -0.1074
  4935.1  1397.402340     0.0514    -0.1077
  4929.7  1397.426754     1.5831    -0.1080
  4924.4  1397.451168     0.5171    -0.1082
  4919.1  1397.475582     1.1287    -0.1085
  4913.8  1397.499997     0.7733    -0.1088
  4908.4  1397.524411    -1.4877    -0.1091
  4903.1  1397.548825    -1.7347    -0.1094
  4897.8  1397.573239    -1.2064    -0.1097
  4892.5  1397.597653    -0.1635    -0.1100
  4887.1  1397.622067     0.6613    -0.1103
  4881.8  1397.646481    -0.6844    -0.1106
  4876.5  1397.670895    -0.2291    -0.1109
  4871.2  1397.695309     0.5121    -0.1112
  4865.9  1397.719723    -0.3997    -0.1115
  4860.5  1397.744137    -0.0546    -0.1118
  4855.2  1397.768551     0.0770    -0.1121
  4849.9  1397.792965     0.5195    -0.1124
  4844.6  1397.817379     0.6906    -0.1127
  4839.3  1397.841793    -1.7606    -0.1130
  4833.9  1397.866207    -3.0095    -0.1134
  4828.6  1397.890622    -1.2257    -0.1137
  4823.3  1397.915036    -0.3186    -0.1140
  4818.0  1397.939450    -1.6419    -0.1144
  4812.7  1397.963864    -3.3388    -0.1147
  4807.3  1397.988278    -2.7703    -0.1150
  4802.0  1398.012692    -1.2878    -0.1154
  4796.7  1398.037106    -0.6092    -0.1157
  4791.4  1398.061520    -1.3921    -0.1160
  4786.1  1398.085934    -2.4493    -0.1164
  4780.7  1398.110348    -2.7176    -0.1167
  4775.4  1398.134762    -2.3698    -0.1171
  4770.1  1398.159176    -2.3352    -0.1174
  4764.8  1398.183590    -1.4084    -0.1178
  4759.5  1398.208004     0.0041    -0.1181
  4754.1  1398.232418    -3.1266    -0.1185
  4748.8  1398.256832    -4.3049    -0.1188
  4743.5  1398.281247    -2.3566    -0.1192
  4738.2  1398.305661    -3.7261    -0.1196
  4732.9  1398.330075    -3.4054    -0.1199
  4727.6  1398.354489    -1.2278    -0.1203
  4722.2  1398.378903     0.4328    -0.1206
  4716.9  1398.403317     1.7850    -0.1210
  4711.6  1398.427731     1.8187    -0.1214
  4706.3  1398.452145     0.8607    -0.1217
  4701.0  1398.476559    -0.4486    -0.1221
  4695.7  1398.500973     0.0763    -0.1225
  4690.3  1398.525387     1.5217    -0.1229
  4685.0  1398.549801     0.8207    -0.1232
  4679.7  1398.574215    -0.6519    -0.1236
  4674.4  1398.598629    -0.5095    -0.1240
  4669.1  1398.623043    -0.7234    -0.1243
  4663.8  1398.647457    -0.8507    -0.1247
  4658.5  1398.671872     1.1854    -0.1251
  4653.1  1398.696286     2.7196    -0.1255
  4647.8  1398.720700     1.5523    -0.1259
  4642.5  1398.745114    -1.7104    -0.1262
  4637.2  1398.769528    -2.0380    -0.1266
  4631.9  1398.793942    -0.6172    -0.1270
  4626.6  1398.818356    -0.1353    -0.1274
  4621.3  1398.842770    -0.6996    -0.1277
  4616.0  1398.867184    -3.0487    -0.1281
  4610.6  1398.891598    -2.0969    -0.1285
  4605.3  1398.916012     1.8542    -0.1289
  4600.0  1398.940426     3.2177    -0.1293
  4594.7  1398.964840     1.4862    -0.1296
  4589.4  1398.989254     0.9783    -0.1300
  4584.1  1399.013668     1.0504    -0.1304
  4578.8  1399.038082    -0.9528    -0.1308
  4573.5  1399.062497    -1.8570    -0.1312
  4568.1  1399.086911    -1.0529    -0.1315
  4562.8  1399.111325     0.4953    -0.1319
  4557.5  1399.135739     2.1071    -0.1323
  4552.2  1399.160153     1.0759    -0.1327
  4546.9  1399.184567    -0.5163    -0.1330
  4541.6  1399.208981    -0.4961    -0.1334
  4536.3  1399.233395     0.1698    -0.1338
  4531.0  1399.257809     0.2900    -0.1342
  4525.7  1399.282223    -0.2157    -0.1345
  4520.4  1399.306637    -0.8777    -0.1349
  4515.0  1399.331051    -2.4389    -0.1353
  4509.7  1399.355465    -1.9244    -0.1357
  4504.4  1399.379879    -0.3110    -0.1360
  4499.1  1399.404293    -0.9318    -0.1364
  4493.8  1399.428707    -1.6876    -0.1368
  4488.5  1399.453122    -1.5951    -0.1371
  4483.2  1399.477536    -0.9248    -0.1375
  4477.9  1399.501950    -0.1327    -0.1379
  4472.6  1399.526364     1.0550    -0.1382
  4467.3  1399.550778     0.9779    -0.1386
  4462.0  1399.575192     0.0993    -0.1389
  4456.7  1399.599606     2.5481    -0.1393
  4451.3  1399.624020     5.1446    -0.1396
  4446.0  1399.648434     3.8483    -0.1400
  4440.7  1399.672848     0.4784    -0.1403
  4435.4  1399.697262    -1.5951    -0.1407
  4430.1  1399.721676    -1.5998    -0.1410
  4424.8  1399.746090    -1.2186    -0.1414
  4419.5  1399.770504    -0.2367    -0.1417
  4414.2  1399.794918     0.1026    -0.1420
  4408.9  1399.819332    -0.3922    -0.1424
  4403.6  1399.843747     1.1974    -0.1427
  4398.3  1399.868161     2.2907    -0.1430
  4393.0  1399.892575     0.5559    -0.1434
  4387.7  1399.916989    -1.1947    -0.1437
  4382.4  1399.941403    -1.7942    -0.1440
  4377.1  1399.965817    -0.7635    -0.1443
  4371.8  1399.990231     0.5853    -0.1446
  4366.5  1400.014645     0.8830    -0.1450
  4361.2  1400.039059     0.8227    -0.1453
  4355.8  1400.063473    -1.4960    -0.1456
  4350.5  1400.087887    -1.8994    -0.1459
  4345.2  1400.112301     1.5873    -0.1462
  4339.9  1400.136715     3.1190    -0.1465
  4334.6  1400.161129     1.9491    -0.1468
  4329.3  1400.185543     0.2685    -0.1470
  4324.0  1400.209957    -2.3728    -0.1473
  4318.7  1400.234372    -2.2143    -0.1476
  4313.4  1400.258786    -1.3940    -0.1479
  4308.1  1400.283200    -1.3828    -0.1482
  4302.8  1400.307614    -0.0508    -0.1484
  4297.5  1400.332028    -0.6661    -0.1487
  4292.2  1400.356442    -3.8009    -0.1490
  4286.9  1400.380856    -3.8720    -0.1492
  4281.6  1400.405270    -0.8484    -0.1495
  4276.3  1400.429684    -0.3685    -0.1497
  4271.0  1400.454098     0.3555    -0.1499
  4265.7  1400.478512     1.8277    -0.1502
  4260.4  1400.502926     1.5510    -0.1504
  4255.1  1400.527340     2.7629    -0.1506
  4249.8  1400.551754     3.1420    -0.1509
  4244.5  1400.576168     0.3828    -0.1511
  4239.2  1400.600582    -1.6079    -0.1513
  4233.9  1400.624997    -1.5139    -0.1515
  4228.6  1400.649411    -0.5515    -0.1517
  4223.3  1400.673825     0.2112    -0.1519
  4218.0  1400.698239    -0.1015    -0.1521
  4212.7  1400.722653     0.1531    -0.1523
  4207.4  1400.747067     0.7730    -0.1524
  4202.1  1400.771481     1.5548    -0.1526
  4196.8  1400.795895     1.8830    -0.1528
  4191.5  1400.820309     1.2390    -0.1529
  4186.2  1400.844723     0.7903    -0.1531
  4180.9  1400.869137     0.7560    -0.1532
  4175.6  1400.893551     1.5581    -0.1534
  4170.3  1400.917965     1.9180    -0.1535
  4165.0  1400.942379     0.5141    -0.1537
  4159.7  1400.966793     2.2705    -0.1538
  4154.4  1400.991207     2.6288    -0.1539
  4149.1  1401.015622    -0.3836    -0.1540
  4143.8  1401.040036    -0.4049    -0.1541
  4138.6  1401.064450    -1.4753    -0.1542
  4133.3  1401.088864    -2.9612    -0.1543
  4128.0  1401.113278    -2.1252    -0.1544
  4122.7  1401.137692    -2.4447    -0.1544
  4117.4  1401.162106    -2.0867    -0.1545
  4112.1  1401.186520    -1.3405    -0.1546
  4106.8  1401.210934    -1.3375    -0.1546
  4101.5  1401.235348    -2.2391    -0.1547
  4096.2  1401.259762    -3.6824    -0.1547
  4090.9  1401.284176    -3.6617    -0.1547
  4085.6  1401.308590    -3.3066    -0.1548
  4080.3  1401.333004    -2.7405    -0.1548
  4075.0  1401.357418    -0.8831    -0.1548
  4069.7  1401.381832     1.7094    -0.1548
  4064.4  1401.406247     2.5508    -0.1548
  4059.1  1401.430661     0.3795    -0.1547
  4053.8  1401.455075    -0.1411    -0.1547
  4048.5  1401.479489     1.1291    -0.1547
  4043.3  1401.503903     0.8109    -0.1546
  4038.0  1401.528317     0.8749    -0.1546
  4032.7  1401.552731     1.1542    -0.1545
  4027.4  1401.577145     0.5615    -0.1544
  4022.1  1401.601559    -0.2000    -0.1543
  4016.8  1401.625973     0.1093    -0.1543
  4011.5  1401.650387     0.7108    -0.1542
  4006.2  1401.674801    -0.2762    -0.1540
  4000.9  1401.699215    -0.2912    -0.1539
  3995.6  1401.723629     1.8403    -0.1538
  3990.3  1401.748043     1.1547    -0.1537
  3985.0  1401.772457     0.3861    -0.1535
  3979.8  1401.796872     3.3143    -0.1534
  3974.5  1401.821286     2.4722    -0.1532
  3969.2  1401.845700    -0.3390    -0.1530
  3963.9  1401.870114     0.4662    -0.1528
  3958.6  1401.894528     3.8600    -0.1526
  3953.3  1401.918942     4.6653    -0.1524
  3948.0  1401.943356     0.6016    -0.1522
  3942.7  1401.967770    -1.9283    -0.1519
  3937.4  1401.992184    -1.0485    -0.1517
  3932.1  1402.016598    -1.0113    -0.1515
  3926.9  1402.041012    -1.2311    -0.1512
  3921.6  1402.065426     0.4819    -0.1509
  3916.3  1402.089840     3.0075    -0.1506
  3911.0  1402.114254     3.0326    -0.1503
  3905.7  1402.138668     1.3102    -0.1500
  3900.4  1402.163082    -0.1755    -0.1497
  3895.1  1402.187497    -0.8702    -0.1494
  3889.8  1402.211911    -1.0023    -0.1490
  3884.6  1402.236325    -0.3937    -0.1487
  3879.3  1402.260739    -1.0624    -0.1483
  3874.0  1402.285153    -1.5279    -0.1479
  3868.7  1402.309567    -0.4373    -0.1475
  3863.4  1402.333981    -0.4134    -0.1471
  3858.1  1402.358395     0.0491    -0.1467
  3852.8  1402.382809     0.9509    -0.1463
  3847.5  1402.407223    -0.9585    -0.1458
  3842.3  1402.431637    -1.9164    -0.1453
  3837.0  1402.456051    -0.2931    -0.1449
  3831.7  1402.480465     0.1881    -0.1444
  3826.4  1402.504879    -0.1838    -0.1439
  3821.1  1402.529293     0.3015    -0.1434
  3815.8  1402.553707     1.5178    -0.1429
  3810.5  1402.578122     3.1261    -0.1423
  3805.3  1402.602536     1.8913    -0.1418
  3800.0  1402.626950    -0.3507    -0.1412
  3794.7  1402.651364     0.9382    -0.1406
  3789.4  1402.675778     4.2002    -0.1400
  3784.1  1402.700192     3.9560    -0.1394
  3778.8  1402.724606     0.1464    -0.1388
  3773.6  1402.749020    -1.6699    -0.1382
  3768.3  1402.773434    -2.1480    -0.1375
  3763.0  1402.797848    -1.7785    -0.1369
  3757.7  1402.822262     0.9693    -0.1362
  3752.4  1402.846676     3.4939    -0.1355
  3747.1  1402.871090     3.2951    -0.1348
  3741.9  1402.895504     1.7148    -0.1340
  3736.6  1402.919918     1.7276    -0.1333
  3731.3  1402.944332     1.4955    -0.1325
  3726.0  1402.968747    -0.0127    -0.1318
  3720.7  1402.993161    -2.0632    -0.1310
  3715.5  1403.017575    -1.7891    -0.1302
  3710.2  1403.041989     0.9180    -0.1294
  3704.9  1403.066403     1.7607    -0.1285
  3699.6  1403.090817    -0.5790    -0.1277
  3694.3  1403.115231    -1.5874    -0.1268
  3689.0  1403.139645     1.3227    -0.1259
  3683.8  1403.164059     3.5630    -0.1250
  3678.5  1403.188473     1.7951    -0.1241
  3673.2  1403.212887    -0.3486    -0.1232
  3667.9  1403.237301     0.1456    -0.1222
  3662.6  1403.261715    -1.0614    -0.1213
  3657.4  1403.286129    -3.5453    -0.1203
  3652.1  1403.310543    -2.5670    -0.1193
  3646.8  1403.334957     0.3327    -0.1182
  3641.5  1403.359372     1.8447    -0.1172
  3636.3  1403.383786     1.7605    -0.1162
  3631.0  1403.408200     0.8009    -0.1151
  3625.7  1403.432614    -0.0006    -0.1140
  3620.4  1403.457028     2.0601    -0.1129
  3615.1  1403.481442     3.4211    -0.1118
  3609.9  1403.505856     0.2100    -0.1106
  3604.6  1403.530270    -2.8094    -0.1094
  3599.3  1403.554684    -2.6764    -0.1083
  3594.0  1403.579098    -1.1596    -0.1071
  3588.8  1403.603512     0.2320    -0.1058
  3583.5  1403.627926    -0.6330    -0.1046
  3578.2  1403.652340    -1.3137    -0.1033
  3572.9  1403.676754    -0.0505    -0.1021
  3567.6  1403.701168     0.9683    -0.1008
  3562.4  1403.725582     0.1747    -0.0994
  3557.1  1403.749997    -1.1428    -0.0981
  3551.8  1403.774411     1.0669    -0.0967
  3546.5  1403.798825     2.1213    -0.0954
  3541.3  1403.823239    -1.7363    -0.0940
  3536.0  1403.847653    -4.2642    -0.0925
  3530.7  1403.872067    -2.2968    -0.0911
  3525.4  1403.896481     1.4425    -0.0897
  3520.2  1403.920895     3.3097    -0.0882
  3514.9  1403.945309     2.9649    -0.0867
  3509.6  1403.969723     1.2369    -0.0851
  3504.3  1403.994137     1.1840    -0.0836
  3499.1  1404.018551     0.5297    -0.0820
  3493.8  1404.042965     0.0928    -0.0805
  3488.5  1404.067379     0.2158    -0.0788
  3483.3  1404.091793    -1.1523    -0.0772
  3478.0  1404.116207    -2.1930    -0.0756
  3472.7  1404.140622    -1.4196    -0.0739
  3467.4  1404.165036     0.3702    -0.0722
  3462.2  1404.189450    -1.2701    -0.0705
  3456.9  1404.213864    -1.9917    -0.0687
  3451.6  1404.238278     0.8634    -0.0670
  3446.3  1404.262692     0.8635    -0.0652
  3441.1  1404.287106     0.1348    -0.0634
  3435.8  1404.311520    -0.7514    -0.0616
  3430.5  1404.335934    -1.1651    -0.0597
  3425.3  1404.360348    -0.4913    -0.0578
  3420.0  1404.384762    -1.0371    -0.0559
  3414.7  1404.409176    -0.8209    -0.0540
  3409.4  1404.433590    -0.6298    -0.0521
  3404.2  1404.458004    -0.6089    -0.0501
  3398.9  1404.482418    -0.3619    -0.0481
  3393.6  1404.506832    -0.0073    -0.0461
  3388.4  1404.531247     1.0557    -0.0440
  3383.1  1404.555661     0.8959    -0.0420
  3377.8  1404.580075    -0.6608    -0.0399
  3372.6  1404.604489     0.6012    -0.0377
  3367.3  1404.628903     0.4850    -0.0356
  3362.0  1404.653317    -2.1795    -0.0334
  3356.7  1404.677731    -0.5835    -0.0312
  3351.5  1404.702145     1.6282    -0.0290
  3346.2  1404.726559     1.1713    -0.0268
  3340.9  1404.750973     0.8244    -0.0245
  3335.7  1404.775387     0.5079    -0.0222
  3330.4  1404.799801    -0.9244    -0.0199
  3325.1  1404.824215    -0.0315    -0.0175
  3319.9  1404.848629     2.8318    -0.0152
  3314.6  1404.873043     3.1983    -0.0128
  3309.3  1404.897457     1.2961    -0.0103
  3304.1  1404.921872    -0.4125    -0.0079
  3298.8  1404.946286    -2.2639    -0.0054
  3293.5  1404.970700    -3.7954    -0.0029
  3288.3  1404.995114    -4.4751    -0.0004
  3283.0  1405.019528    -0.8665     0.0022
  3277.7  1405.043942     4.0999     0.0048
  3272.5  1405.068356     4.2966     0.0074
  3267.2  1405.092770     1.9178     0.0100
  3261.9  1405.117184     2.0670     0.0127
  3256.7  1405.141598     3.2182     0.0154
  3251.4  1405.166012     1.3889     0.0182
  3246.1  1405.190426     2.3159     0.0209
  3240.9  1405.214840     5.1699     0.0237
  3235.6  1405.239254     2.7527     0.0265
  3230.3  1405.263668    -1.3395     0.0294
  3225.1  1405.288082    -1.3729     0.0322
  3219.8  1405.312497    -0.7117     0.0351
  3214.6  1405.336911    -0.4934     0.0381
  3209.3  1405.361325     0.1310     0.0410
  3204.0  1405.385739    -0.9209     0.0440
  3198.8  1405.410153    -2.4339     0.0470
  3193.5  1405.434567    -0.4500     0.0501
  3188.2  1405.458981     2.2403     0.0532
  3183.0  1405.483395     0.8036     0.0563
  3177.7  1405.507809    -1.2487     0.0594
  3172.4  1405.532223    -1.4598     0.0626
  3167.2  1405.556637    -0.5325     0.0658
  3161.9  1405.581051     0.6502     0.0690
  3156.7  1405.605465    -1.6397     0.0723
  3151.4  1405.629879    -4.2041     0.0756
  3146.1  1405.654293    -2.8947     0.0789
  3140.9  1405.678707    -1.5732     0.0823
  3135.6  1405.703122     0.8533     0.0857
  3130.4  1405.727536     3.8882     0.0891
  3125.1  1405.751950     4.5217     0.0926
  3119.8  1405.776364     3.1676     0.0961
  3114.6  1405.800778     2.1942     0.0996
  3109.3  1405.825192     1.6144     0.1031
  3104.0  1405.849606     0.5471     0.1067
  3098.8  1405.874020    -0.7364     0.1104
  3093.5  1405.898434    -2.8577     0.1140
  3088.3  1405.922848    -2.9331     0.1177
  3083.0  1405.947262    -1.3623     0.1214
  3077.8  1405.971676    -1.4085     0.1252
  3072.5  1405.996090    -0.6457     0.1290
  3067.2  1406.020504    -0.3917     0.1328
  3062.0  1406.044918    -2.0211     0.1366
  3056.7  1406.069332    -0.7142     0.1405
  3051.5  1406.093747     0.4011     0.1445
  3046.2  1406.118161    -1.8924     0.1484
  3040.9  1406.142575    -0.1749     0.1524
  3035.7  1406.166989     5.1026     0.1564
  3030.4  1406.191403     5.8483     0.1605
  3025.2  1406.215817     1.8160     0.1646
  3019.9  1406.240231    -0.5032     0.1688
  3014.7  1406.264645     0.2413     0.1729
  3009.4  1406.289059     1.7984     0.1771
  3004.1  1406.313473     0.9036     0.1814
  2998.9  1406.337887    -1.9543     0.1857
  2993.6  1406.362301    -1.7235     0.1900
  2988.4  1406.386715    -1.2687     0.1943
  2983.1  1406.411129    -4.0932     0.1987
  2977.9  1406.435543    -5.5893     0.2032
  2972.6  1406.459957    -4.6465     0.2076
  2967.3  1406.484372    -1.3719     0.2121
  2962.1  1406.508786     0.7726     0.2167
  2956.8  1406.533200     0.1136     0.2212
  2951.6  1406.557614    -0.5871     0.2259
  2946.3  1406.582028     0.0056     0.2305
  2941.1  1406.606442    -1.4592     0.2352
  2935.8  1406.630856    -3.1750     0.2399
  2930.6  1406.655270    -0.5301     0.2447
  2925.3  1406.679684     0.9859     0.2495
  2920.1  1406.704098     0.2593     0.2544
  2914.8  1406.728512    -0.5604     0.2592
  2909.5  1406.752926    -2.3777     0.2642
  2904.3  1406.777340    -2.6855     0.2691
  2899.0  1406.801754    -1.7784     0.2741
  2893.8  1406.826168     0.2111     0.2792
  2888.5  1406.850582     2.2089     0.2843
  2883.3  1406.874997     2.3107     0.2894
  2878.0  1406.899411     1.3513     0.2946
  2872.8  1406.923825     0.2983     0.2998
  2867.5  1406.948239    -1.6779     0.3050
  2862.3  1406.972653    -3.1975     0.3103
  2857.0  1406.997067    -0.8060     0.3156
  2851.8  1407.021481     2.9533     0.3210
  2846.5  1407.045895     2.2053     0.3264
  2841.3  1407.070309    -1.8605     0.3319
  2836.0  1407.094723    -2.7582     0.3374
  2830.8  1407.119137    -0.0264     0.3429
  2825.5  1407.143551    -0.1252     0.3485
  2820.3  1407.167965    -2.6519     0.3541
  2815.0  1407.192379    -3.7729     0.3598
  2809.8  1407.216793    -3.0254     0.3655
  2804.5  1407.241207    -1.7703     0.3713
  2799.3  1407.265622    -1.6194     0.3771
  2794.0  1407.290036    -2.2213     0.3829
  2788.8  1407.314450    -0.4475     0.3888
  2783.5  1407.338864     1.6181     0.3947
  2778.3  1407.363278     1.9615     0.4007
  2773.0  1407.387692     1.5234     0.4067
  2767.8  1407.412106    -0.1556     0.4127
  2762.5  1407.436520    -1.3822     0.4189
  2757.3  1407.460934     0.7719     0.4250
  2752.0  1407.485348     3.4172     0.4312
  2746.8  1407.509762     2.5730     0.4374
  2741.5  1407.534176     0.0589     0.4437
  2736.3  1407.558590    -1.3325     0.4500
  2731.0  1407.583004    -1.7192     0.4564
  2725.8  1407.607418    -1.0927     0.4628
  2720.5  1407.631832     0.2369     0.4693
  2715.3  1407.656247     0.0520     0.4758
  2710.1  1407.680661     0.0858     0.4824
  2704.8  1407.705075     0.6317     0.4890
  2699.6  1407.729489     0.9040     0.4957
  2694.3  1407.753903     1.2305     0.5024
  2689.1  1407.778317    -0.0704     0.5091
  2683.8  1407.802731    -1.7820     0.5159
  2678.6  1407.827145    -1.5439     0.5227
  2673.3  1407.851559    -1.6858     0.5296
  2668.1  1407.875973    -1.6255     0.5366
  2662.8  1407.900387     2.7812     0.5436
  2657.6  1407.924801     4.3780     0.5506
  2652.4  1407.949215     0.8172     0.5577
  2647.1  1407.973629     0.2056     0.5648
  2641.9  1407.998043     0.8885     0.5720
  2636.6  1408.022457    -1.3747     0.5792
  2631.4  1408.046872    -2.4405     0.5865
  2626.1  1408.071286    -0.1893     0.5939
  2620.9  1408.095700     2.0968     0.6012
  2615.6  1408.120114    -0.2995     0.6087
  2610.4  1408.144528    -2.6849     0.6162
  2605.2  1408.168942     0.5524     0.6237
  2599.9  1408.193356     2.6275     0.6313
  2594.7  1408.217770     0.9410     0.6389
  2589.4  1408.242184    -1.3155     0.6466
  2584.2  1408.266598    -4.5145     0.6543
  2578.9  1408.291012    -3.8136     0.6621
  2573.7  1408.315426    -0.8692     0.6700
  2568.5  1408.339840    -0.6127     0.6779
  2563.2  1408.364254     0.2514     0.6858
  2558.0  1408.388668     0.9113     0.6938
  2552.7  1408.413082    -1.7426     0.7019
  2547.5  1408.437497    -1.9430     0.7100
  2542.3  1408.461911     1.8991     0.7181
  2537.0  1408.486325     3.4925     0.7263
  2531.8  1408.510739     1.9130     0.7346
  2526.5  1408.535153     0.8618     0.7429
  2521.3  1408.559567     1.5795     0.7513
  2516.1  1408.583981     2.5571     0.7597
  2510.8  1408.608395     2.9346     0.7682
  2505.6  1408.632809     2.8905     0.7767
  2500.3  1408.657223     2.7174     0.7853
