#Cornell Digital HI Archive
#Springob, C. M., Haynes, M. P., Giovanelli, R. and Kent, B. R. 2005, ApJS, 160,149
#ASCII Table format
#Generated by Brian Kent  Wed Jan 17 16:37:01 2007
# 
#Telescope:      Arecibo line feed system
#Beam size:      3.3 [arcminutes]
#Object:         AGC 12158
#RA:             340.54375  (J2000) decimal degrees
#DEC:            19.996667  (J2000) decimal degrees
#Rest Frequency: 1.4204058e+09 [Hz]
#Bandwidth:      10000 [kHz]
#Channels:       252
#Ref Code:       2005ApJS..160..149S
#Spectrum codes:  Single Hanning only;  Good quality;  (see reference)
#HI Archive at http://arecibo.tc.cornell.edu/hiarchive/
#This spectrum is not baselined.  For a baselined spectrum, subtract the provided polynomial fit.
#Table FORMAT:  (f8.1,1x,f12.6,1x,f10.4,1x,f10.4)
# 
#Column descriptions:
# 1. Heliocentric velocity [km/s]
# 2. Radio frequency [MHz]
# 3. Flux Density [mJy]
# 4. Polynomial baseline fit
# 
####################################################################
# 
  8892.4  1379.487641     9.6600     4.8430
  8901.3  1379.447958     9.9100     4.6943
  8910.2  1379.408276     2.3560     4.5476
  8919.0  1379.368593     1.9500     4.4027
  8927.9  1379.328911     4.0700     4.2597
  8936.8  1379.289228     5.5060     4.1185
  8945.7  1379.249546    -0.2564     3.9792
  8954.6  1379.209863    12.0700     3.8417
  8963.5  1379.170181     0.2506     3.7060
  8972.3  1379.130498     8.5340     3.5722
  8981.2  1379.090816     5.8660     3.4401
  8990.1  1379.051133    -4.1940     3.3099
  8999.0  1379.011451    11.5600     3.1814
  9007.9  1378.971768     2.3400     3.0547
  9016.8  1378.932085     7.4160     2.9298
  9025.7  1378.892403     1.7770     2.8066
  9034.5  1378.852720    -0.3146     2.6851
  9043.4  1378.813038     7.3500     2.5654
  9052.3  1378.773355     9.8600     2.4474
  9061.2  1378.733673    -5.6860     2.3311
  9070.1  1378.693990    -0.0510     2.2165
  9079.0  1378.654308     2.7790     2.1036
  9087.9  1378.614625    -9.6550     1.9924
  9096.8  1378.574943     5.5950     1.8829
  9105.7  1378.535260     2.6990     1.7750
  9114.6  1378.495578     5.1940     1.6687
  9123.4  1378.455895     5.9280     1.5641
  9132.3  1378.416212     3.0160     1.4611
  9141.2  1378.376530     2.0270     1.3597
  9150.1  1378.336847    -2.5790     1.2600
  9159.0  1378.297165    -2.8810     1.1618
  9167.9  1378.257482     4.6130     1.0652
  9176.8  1378.217800     3.2120     0.9702
  9185.7  1378.178117     4.9930     0.8768
  9194.6  1378.138435     5.4930     0.7849
  9203.5  1378.098752    -1.4010     0.6945
  9212.4  1378.059070    11.3100     0.6057
  9221.3  1378.019387    10.8800     0.5184
  9230.2  1377.979705    24.4100     0.4326
  9239.1  1377.940022    17.8300     0.3483
  9248.0  1377.900339    21.7300     0.2655
  9256.9  1377.860657    24.4200     0.1842
  9265.8  1377.820974    33.6900     0.1044
  9274.7  1377.781292    20.9300     0.0260
  9283.6  1377.741609    27.5900    -0.0510
  9292.5  1377.701927    36.3900    -0.1265
  9301.4  1377.662244    20.3400    -0.2005
  9310.3  1377.622562    16.1300    -0.2732
  9319.2  1377.582879    23.9700    -0.3444
  9328.1  1377.543197    31.1900    -0.4143
  9337.0  1377.503514    28.5200    -0.4828
  9345.9  1377.463831    33.4200    -0.5498
  9354.8  1377.424149    21.4500    -0.6156
  9363.7  1377.384466    28.9200    -0.6799
  9372.6  1377.344784    22.0500    -0.7430
  9381.6  1377.305101     8.4570    -0.8046
  9390.5  1377.265419     1.5860    -0.8650
  9399.4  1377.225736    -3.7360    -0.9241
  9408.3  1377.186054     1.2470    -0.9818
  9417.2  1377.146371    -3.2460    -1.0383
  9426.1  1377.106689    -5.9910    -1.0934
  9435.0  1377.067006    -2.0540    -1.1474
  9443.9  1377.027324    -7.1310    -1.2000
  9452.8  1376.987641    -6.5890    -1.2514
  9461.7  1376.947958    -6.8750    -1.3015
  9470.7  1376.908276    -6.9330    -1.3505
  9479.6  1376.868593    -1.7450    -1.3982
  9488.5  1376.828911    -2.3060    -1.4447
  9497.4  1376.789228    -1.4860    -1.4900
  9506.3  1376.749546    -4.5930    -1.5341
  9515.2  1376.709863   -10.9600    -1.5770
  9524.1  1376.670181   -10.1100    -1.6188
  9533.1  1376.630498    -1.3000    -1.6594
  9542.0  1376.590816    -5.5200    -1.6988
  9550.9  1376.551133    -2.7080    -1.7371
  9559.8  1376.511451     1.2230    -1.7743
  9568.7  1376.471768    -1.0530    -1.8104
  9577.7  1376.432085    -6.6570    -1.8454
  9586.6  1376.392403    -6.0500    -1.8793
  9595.5  1376.352720    -6.5280    -1.9121
  9604.4  1376.313038    -7.5650    -1.9438
  9613.3  1376.273355    -1.0670    -1.9745
  9622.3  1376.233673     1.8020    -2.0041
  9631.2  1376.193990    -6.6120    -2.0327
  9640.1  1376.154308    -2.8110    -2.0602
  9649.0  1376.114625    -7.1750    -2.0867
  9657.9  1376.074943    -7.9050    -2.1122
  9666.9  1376.035260     3.4800    -2.1367
  9675.8  1375.995578    -3.8770    -2.1602
  9684.7  1375.955895   -13.6900    -2.1828
  9693.6  1375.916212    -1.8440    -2.2043
  9702.6  1375.876530     4.9760    -2.2249
  9711.5  1375.836847     1.6300    -2.2446
  9720.4  1375.797165    -5.3770    -2.2633
  9729.4  1375.757482     7.1160    -2.2811
  9738.3  1375.717800     5.9730    -2.2980
  9747.2  1375.678117     1.6170    -2.3140
  9756.1  1375.638435    10.3300    -2.3290
  9765.1  1375.598752    -5.8930    -2.3432
  9774.0  1375.559070     6.7240    -2.3566
  9782.9  1375.519387    -5.0290    -2.3690
  9791.9  1375.479705    -1.1860    -2.3806
  9800.8  1375.440022     0.1396    -2.3913
  9809.7  1375.400339    -4.2350    -2.4013
  9818.7  1375.360657    -5.4250    -2.4104
  9827.6  1375.320974     0.4574    -2.4186
  9836.5  1375.281292    -2.0780    -2.4261
  9845.5  1375.241609     8.5130    -2.4328
  9854.4  1375.201927    -5.2010    -2.4387
  9863.3  1375.162244     3.7420    -2.4438
  9872.3  1375.122562     0.0588    -2.4482
  9881.2  1375.082879    10.7000    -2.4518
  9890.1  1375.043197    10.1200    -2.4547
  9899.1  1375.003514    -4.4040    -2.4569
  9908.0  1374.963831    -7.4830    -2.4583
  9917.0  1374.924149    -5.8180    -2.4590
  9925.9  1374.884466    -7.9160    -2.4591
  9934.8  1374.844784    -7.9540    -2.4584
  9943.8  1374.805101    -0.7700    -2.4571
  9952.7  1374.765419     0.9160    -2.4551
  9961.7  1374.725736    -2.3100    -2.4524
  9970.6  1374.686054    -8.9500    -2.4491
  9979.5  1374.646371    -4.9130    -2.4452
  9988.5  1374.606689     0.9820    -2.4406
  9997.4  1374.567006     4.1180    -2.4354
 10006.4  1374.527324    -4.5960    -2.4297
 10015.3  1374.487641     9.2290    -2.4233
 10024.3  1374.447958   -17.6100    -2.4163
 10033.2  1374.408276   -11.7300    -2.4088
 10042.1  1374.368593     4.1900    -2.4007
 10051.1  1374.328911    16.1700    -2.3920
 10060.0  1374.289228     1.9790    -2.3829
 10069.0  1374.249546     5.3260    -2.3731
 10077.9  1374.209863    -6.4540    -2.3629
 10086.9  1374.170181     4.2790    -2.3521
 10095.8  1374.130498     0.9010    -2.3409
 10104.8  1374.090816     0.0586    -2.3292
 10113.7  1374.051133    -0.9438    -2.3169
 10122.7  1374.011451    -2.5810    -2.3043
 10131.6  1373.971768    -0.7338    -2.2911
 10140.6  1373.932085    -0.6303    -2.2775
 10149.5  1373.892403    -4.0510    -2.2635
 10158.5  1373.852720     1.7760    -2.2490
 10167.4  1373.813038    -0.2332    -2.2342
 10176.4  1373.773355    -6.0370    -2.2189
 10185.3  1373.733673     3.8660    -2.2032
 10194.3  1373.693990     0.7020    -2.1871
 10203.3  1373.654308    -5.3590    -2.1707
 10212.2  1373.614625    -0.9692    -2.1539
 10221.2  1373.574943    -0.5395    -2.1367
 10230.1  1373.535260   -12.7300    -2.1193
 10239.1  1373.495578     0.4672    -2.1014
 10248.0  1373.455895     2.8900    -2.0833
 10257.0  1373.416212     0.5650    -2.0648
 10266.0  1373.376530    -5.5070    -2.0460
 10274.9  1373.336847    -0.7104    -2.0270
 10283.9  1373.297165     3.5560    -2.0076
 10292.8  1373.257482     2.0820    -1.9880
 10301.8  1373.217800     1.6070    -1.9682
 10310.8  1373.178117   -19.8200    -1.9480
 10319.7  1373.138435     0.4019    -1.9277
 10328.7  1373.098752     0.2043    -1.9071
 10337.6  1373.059070   -17.0500    -1.8863
 10346.6  1373.019387    -0.9031    -1.8653
 10355.6  1372.979705    -0.4822    -1.8441
 10364.5  1372.940022    -9.6240    -1.8227
 10373.5  1372.900339     7.6580    -1.8011
 10382.5  1372.860657     4.4710    -1.7794
 10391.4  1372.820974   -14.3900    -1.7575
 10400.4  1372.781292     2.1630    -1.7354
 10409.4  1372.741609    -4.3950    -1.7133
 10418.3  1372.701927    -4.5030    -1.6910
 10427.3  1372.662244    -7.9760    -1.6685
 10436.3  1372.622562    -3.4000    -1.6460
 10445.2  1372.582879     6.8270    -1.6234
 10454.2  1372.543197     4.6060    -1.6007
 10463.2  1372.503514    -9.9240    -1.5780
 10472.1  1372.463831    -6.3750    -1.5551
 10481.1  1372.424149   -12.8700    -1.5322
 10490.1  1372.384466     3.9800    -1.5093
 10499.1  1372.344784   -10.9000    -1.4864
 10508.0  1372.305101     7.4030    -1.4634
 10517.0  1372.265419    -6.0590    -1.4404
 10526.0  1372.225736    -1.8320    -1.4174
 10535.0  1372.186054     4.8540    -1.3945
 10543.9  1372.146371    -9.6760    -1.3715
 10552.9  1372.106689    -6.3500    -1.3486
 10561.9  1372.067006    -0.7413    -1.3257
 10570.9  1372.027324    -6.0230    -1.3029
 10579.8  1371.987641    -2.3990    -1.2802
 10588.8  1371.947958    -8.4840    -1.2575
 10597.8  1371.908276    -1.8900    -1.2349
 10606.8  1371.868593    -0.5911    -1.2124
 10615.7  1371.828911     6.2210    -1.1900
 10624.7  1371.789228    -8.7870    -1.1677
 10633.7  1371.749546    -0.0815    -1.1455
 10642.7  1371.709863     5.0730    -1.1235
 10651.7  1371.670181     4.3200    -1.1016
 10660.6  1371.630498     5.1190    -1.0799
 10669.6  1371.590816    -2.0180    -1.0584
 10678.6  1371.551133     6.9400    -1.0370
 10687.6  1371.511451     0.3928    -1.0158
 10696.6  1371.471768     3.0550    -0.9948
 10705.6  1371.432085   -24.2000    -0.9741
 10714.5  1371.392403     8.4090    -0.9535
 10723.5  1371.352720    -3.8380    -0.9332
 10732.5  1371.313038    -3.1270    -0.9131
 10741.5  1371.273355    -6.5340    -0.8933
 10750.5  1371.233673     0.0572    -0.8737
 10759.5  1371.193990    -7.0550    -0.8544
 10768.5  1371.154308    -7.2680    -0.8354
 10777.5  1371.114625   -12.9200    -0.8166
 10786.4  1371.074943    -2.1100    -0.7982
 10795.4  1371.035260     1.3800    -0.7801
 10804.4  1370.995578     5.3990    -0.7623
 10813.4  1370.955895    -7.0990    -0.7449
 10822.4  1370.916212    -7.2990    -0.7278
 10831.4  1370.876530    -0.4500    -0.7110
 10840.4  1370.836847     3.7260    -0.6946
 10849.4  1370.797165     3.9100    -0.6786
 10858.4  1370.757482    -1.3150    -0.6630
 10867.4  1370.717800    -6.2900    -0.6478
 10876.4  1370.678117     1.8820    -0.6329
 10885.4  1370.638435    -0.9029    -0.6185
 10894.3  1370.598752    -0.7720    -0.6046
 10903.3  1370.559070    12.7400    -0.5910
 10912.3  1370.519387    15.5600    -0.5779
 10921.3  1370.479705     2.0010    -0.5653
 10930.3  1370.440022     4.1440    -0.5532
 10939.3  1370.400339     2.8880    -0.5415
 10948.3  1370.360657    -5.2310    -0.5303
 10957.3  1370.320974    -1.0070    -0.5196
 10966.3  1370.281292     3.9100    -0.5095
 10975.3  1370.241609    -2.2130    -0.4998
 10984.3  1370.201927    -6.1540    -0.4907
 10993.3  1370.162244    -0.4797    -0.4821
 11002.3  1370.122562     5.5600    -0.4741
 11011.3  1370.082879     3.2950    -0.4666
 11020.3  1370.043197    -1.8960    -0.4598
 11029.3  1370.003514     7.1670    -0.4535
 11038.3  1369.963831     2.7890    -0.4478
 11047.3  1369.924149    -6.2590    -0.4427
 11056.3  1369.884466     6.0130    -0.4382
 11065.3  1369.844784     5.7540    -0.4343
 11074.4  1369.805101     3.1190    -0.4311
 11083.4  1369.765419    14.0200    -0.4285
 11092.4  1369.725736    22.0800    -0.4266
 11101.4  1369.686054     3.3750    -0.4254
 11110.4  1369.646371    20.4900    -0.4248
 11119.4  1369.606689    14.8700    -0.4249
 11128.4  1369.567006    -0.0108    -0.4258
 11137.4  1369.527324     8.5860    -0.4273
