#Cornell Digital HI Archive
#Springob, C. M., Haynes, M. P., Giovanelli, R. and Kent, B. R. 2005, ApJS, 160,149
#ASCII Table format
#Generated by Brian Kent  Wed Jan 17 16:36:34 2007
# 
#Telescope:      Arecibo line feed system
#Beam size:      3.3 [arcminutes]
#Object:         AGC 10738
#RA:             257.77458  (J2000) decimal degrees
#DEC:            5.8519444  (J2000) decimal degrees
#Rest Frequency: 1.4204058e+09 [Hz]
#Bandwidth:      20000 [kHz]
#Channels:       512
#Ref Code:       2005ApJS..160..149S
#Spectrum codes:  Single Hanning only;  Good quality;  (see reference)
#HI Archive at http://arecibo.tc.cornell.edu/hiarchive/
#This spectrum is not baselined.  For a baselined spectrum, subtract the provided polynomial fit.
#Table FORMAT:  (f8.1,1x,f12.6,1x,f10.4,1x,f10.4)
# 
#Column descriptions:
# 1. Heliocentric velocity [km/s]
# 2. Radio frequency [MHz]
# 3. Flux Density [mJy]
# 4. Polynomial baseline fit
# 
####################################################################
# 
  4164.0  1400.947192     2.9150    -2.7930
  4172.5  1400.908130    -3.0710    -2.7501
  4181.0  1400.869067     1.3220    -2.7080
  4189.4  1400.830005    -0.0279    -2.6667
  4197.9  1400.790942    -3.6200    -2.6261
  4206.4  1400.751880     1.1360    -2.5864
  4214.9  1400.712817    -3.0190    -2.5474
  4223.3  1400.673755     3.1090    -2.5092
  4231.8  1400.634692     1.8810    -2.4717
  4240.3  1400.595630    -2.0240    -2.4350
  4248.8  1400.556567    -5.5610    -2.3990
  4257.3  1400.517505    -2.1050    -2.3637
  4265.7  1400.478442     0.5955    -2.3292
  4274.2  1400.439380     1.5170    -2.2953
  4282.7  1400.400317    -1.9900    -2.2621
  4291.2  1400.361255     1.1370    -2.2297
  4299.7  1400.322192    -0.0475    -2.1979
  4308.1  1400.283130     0.8974    -2.1667
  4316.6  1400.244067    -1.8690    -2.1362
  4325.1  1400.205005     1.5920    -2.1064
  4333.6  1400.165942    -5.3300    -2.0772
  4342.1  1400.126880     6.2130    -2.0487
  4350.6  1400.087817    -3.2190    -2.0207
  4359.1  1400.048755    -3.3750    -1.9934
  4367.5  1400.009692    -3.2630    -1.9667
  4376.0  1399.970630    -4.4450    -1.9406
  4384.5  1399.931567    -1.4280    -1.9151
  4393.0  1399.892505    -1.5280    -1.8901
  4401.5  1399.853442     0.7492    -1.8658
  4410.0  1399.814380    -2.3690    -1.8420
  4418.5  1399.775317    -1.8430    -1.8187
  4427.0  1399.736255    -1.4140    -1.7960
  4435.4  1399.697192    -0.9056    -1.7738
  4443.9  1399.658130    -3.6770    -1.7522
  4452.4  1399.619067    -5.5190    -1.7311
  4460.9  1399.580005    -4.0500    -1.7105
  4469.4  1399.540942    -0.9444    -1.6904
  4477.9  1399.501880    -2.7470    -1.6708
  4486.4  1399.462817    -1.6850    -1.6517
  4494.9  1399.423755    -1.7440    -1.6331
  4503.4  1399.384692    -3.0360    -1.6150
  4511.9  1399.345630     0.1480    -1.5973
  4520.4  1399.306567    -0.2714    -1.5801
  4528.9  1399.267505    -0.5150    -1.5633
  4537.4  1399.228442     0.8888    -1.5470
  4545.9  1399.189380    -3.8120    -1.5311
  4554.4  1399.150317    -3.9430    -1.5156
  4562.9  1399.111255     0.9021    -1.5006
  4571.4  1399.072192    -1.1750    -1.4860
  4579.9  1399.033130    -3.6830    -1.4718
  4588.4  1398.994067    -1.3800    -1.4579
  4596.9  1398.955005     1.7850    -1.4445
  4605.4  1398.915942    -1.2620    -1.4315
  4613.9  1398.876880     0.9915    -1.4188
  4622.4  1398.837817    -0.6563    -1.4065
  4630.9  1398.798755    -3.0350    -1.3946
  4639.4  1398.759692    -0.1368    -1.3830
  4647.9  1398.720630     0.1436    -1.3717
  4656.4  1398.681567    -3.1940    -1.3608
  4664.9  1398.642505    -0.5252    -1.3503
  4673.4  1398.603442    -2.5410    -1.3401
  4681.9  1398.564380    -5.3350    -1.3301
  4690.4  1398.525317    -2.7420    -1.3205
  4698.9  1398.486255    -0.3852    -1.3112
  4707.4  1398.447192    -0.7213    -1.3022
  4715.9  1398.408130     1.8730    -1.2935
  4724.4  1398.369067    -0.6512    -1.2851
  4732.9  1398.330005    -3.5110    -1.2770
  4741.4  1398.290942    -3.2030    -1.2691
  4749.9  1398.251880    -2.9730    -1.2615
  4758.4  1398.212817    -0.4938    -1.2542
  4766.9  1398.173755    -0.3046    -1.2471
  4775.4  1398.134692    -1.4390    -1.2402
  4784.0  1398.095630    -2.9690    -1.2336
  4792.5  1398.056567    -4.0260    -1.2273
  4801.0  1398.017505    -1.7090    -1.2211
  4809.5  1397.978442    -0.6978    -1.2152
  4818.0  1397.939380    -0.0002    -1.2095
  4826.5  1397.900317    -2.7150    -1.2040
  4835.0  1397.861255    -3.5300    -1.1987
  4843.5  1397.822192     0.6288    -1.1936
  4852.0  1397.783130     0.1208    -1.1887
  4860.6  1397.744067     0.7032    -1.1840
  4869.1  1397.705005    -2.6960    -1.1794
  4877.6  1397.665942    -2.5220    -1.1751
  4886.1  1397.626880     0.4456    -1.1709
  4894.6  1397.587817    -1.7150    -1.1668
  4903.1  1397.548755    -0.2496    -1.1629
  4911.7  1397.509692    -0.1513    -1.1592
  4920.2  1397.470630     0.4721    -1.1556
  4928.7  1397.431567    -0.9308    -1.1521
  4937.2  1397.392505     2.3920    -1.1488
  4945.7  1397.353442    -0.3714    -1.1456
  4954.2  1397.314380     1.0500    -1.1426
  4962.8  1397.275317     0.6599    -1.1396
  4971.3  1397.236255    -1.1270    -1.1368
  4979.8  1397.197192    -4.6920    -1.1340
  4988.3  1397.158130     0.1456    -1.1314
  4996.8  1397.119067    -3.4230    -1.1288
  5005.4  1397.080005     0.8143    -1.1264
  5013.9  1397.040942    -3.4150    -1.1240
  5022.4  1397.001880    -2.2540    -1.1217
  5030.9  1396.962817    -0.5184    -1.1195
  5039.5  1396.923755     0.3491    -1.1173
  5048.0  1396.884692    -1.6900    -1.1153
  5056.5  1396.845630     0.4234    -1.1132
  5065.0  1396.806567     0.1966    -1.1113
  5073.6  1396.767505    -0.5781    -1.1094
  5082.1  1396.728442    -3.7940    -1.1075
  5090.6  1396.689380    -0.2235    -1.1056
  5099.1  1396.650317    -2.3610    -1.1038
  5107.7  1396.611255    -5.2380    -1.1021
  5116.2  1396.572192    -1.0220    -1.1003
  5124.7  1396.533130    -1.8030    -1.0986
  5133.3  1396.494067    -4.0620    -1.0969
  5141.8  1396.455005     0.7004    -1.0952
  5150.3  1396.415942     0.2188    -1.0936
  5158.8  1396.376880    -0.8721    -1.0919
  5167.4  1396.337817    -2.5560    -1.0902
  5175.9  1396.298755    -1.8840    -1.0885
  5184.4  1396.259692    -0.5632    -1.0868
  5193.0  1396.220630    -2.2990    -1.0851
  5201.5  1396.181567    -2.2140    -1.0834
  5210.0  1396.142505    -1.4770    -1.0817
  5218.6  1396.103442    -1.6500    -1.0799
  5227.1  1396.064380    -0.7926    -1.0781
  5235.6  1396.025317    -4.6370    -1.0763
  5244.2  1395.986255     0.2515    -1.0744
  5252.7  1395.947192     0.5262    -1.0725
  5261.2  1395.908130    -2.2470    -1.0705
  5269.8  1395.869067    -2.7840    -1.0685
  5278.3  1395.830005     3.7800    -1.0665
  5286.9  1395.790942    -0.9937    -1.0644
  5295.4  1395.751880     0.2149    -1.0622
  5303.9  1395.712817    -1.3130    -1.0599
  5312.5  1395.673755     0.5774    -1.0576
  5321.0  1395.634692    -1.7560    -1.0553
  5329.6  1395.595630     0.9921    -1.0528
  5338.1  1395.556567    -4.5690    -1.0503
  5346.6  1395.517505     4.5390    -1.0477
  5355.2  1395.478442    -4.0880    -1.0450
  5363.7  1395.439380    -0.8521    -1.0422
  5372.3  1395.400317    -4.8600    -1.0393
  5380.8  1395.361255     3.8410    -1.0364
  5389.3  1395.322192    -2.4050    -1.0333
  5397.9  1395.283130    -0.8416    -1.0301
  5406.4  1395.244067    -0.0033    -1.0269
  5415.0  1395.205005    -1.5110    -1.0235
  5423.5  1395.165942     0.0085    -1.0200
  5432.1  1395.126880     3.2020    -1.0164
  5440.6  1395.087817    -1.0220    -1.0127
  5449.2  1395.048755     2.2560    -1.0089
  5457.7  1395.009692    -6.1450    -1.0049
  5466.3  1394.970630    -1.2010    -1.0008
  5474.8  1394.931567    -3.0690    -0.9966
  5483.4  1394.892505     3.0310    -0.9923
  5491.9  1394.853442    -0.0254    -0.9878
  5500.5  1394.814380     1.3400    -0.9832
  5509.0  1394.775317    -2.1210    -0.9785
  5517.6  1394.736255     1.3550    -0.9736
  5526.1  1394.697192    -1.6350    -0.9686
  5534.7  1394.658130    -1.4520    -0.9634
  5543.2  1394.619067    -5.9730    -0.9581
  5551.8  1394.580005     0.0849    -0.9527
  5560.3  1394.540942    -4.3130    -0.9470
  5568.9  1394.501880     4.5880    -0.9413
  5577.4  1394.462817    -4.2770    -0.9354
  5586.0  1394.423755     2.0630    -0.9293
  5594.5  1394.384692    -5.8350    -0.9231
  5603.1  1394.345630     6.8950    -0.9167
  5611.6  1394.306567    -7.1550    -0.9101
  5620.2  1394.267505     3.5030    -0.9034
  5628.8  1394.228442    -4.3830    -0.8965
  5637.3  1394.189380     3.5190    -0.8894
  5645.9  1394.150317    -5.2220    -0.8822
  5654.4  1394.111255     2.7890    -0.8748
  5663.0  1394.072192    -5.1610    -0.8672
  5671.5  1394.033130     5.1940    -0.8594
  5680.1  1393.994067    -7.1460    -0.8515
  5688.7  1393.955005     3.4330    -0.8433
  5697.2  1393.915942    -4.7890    -0.8350
  5705.8  1393.876880     5.9630    -0.8266
  5714.4  1393.837817    -7.1370    -0.8179
  5722.9  1393.798755     5.3530    -0.8090
  5731.5  1393.759692    -3.9730    -0.8000
  5740.0  1393.720630    11.0600    -0.7908
  5748.6  1393.681567   -11.0400    -0.7814
  5757.2  1393.642505    12.6500    -0.7717
  5765.7  1393.603442   -14.2300    -0.7619
  5774.3  1393.564380    13.3500    -0.7520
  5782.9  1393.525317   -14.0300    -0.7418
  5791.4  1393.486255    12.8400    -0.7314
  5800.0  1393.447192   -21.5200    -0.7208
  5808.6  1393.408130    24.8700    -0.7100
  5817.1  1393.369067   -35.2000    -0.6990
  5825.7  1393.330005    58.4400    -0.6879
  5834.3  1393.290942  -174.0000    -0.6765
  5842.8  1393.251880    15.0900    -0.6649
  5851.4  1393.212817    61.0800    -0.6532
  5860.0  1393.173755   -32.6500    -0.6412
  5868.5  1393.134692    15.1600    -0.6290
  5877.1  1393.095630    -5.3360    -0.6166
  5885.7  1393.056567  -132.5000    -0.6040
  5894.3  1393.017505    -6.9570    -0.5912
  5902.8  1392.978442    18.7900    -0.5783
  5911.4  1392.939380   -17.4800    -0.5651
  5920.0  1392.900317    16.9400    -0.5516
  5928.5  1392.861255   -11.5900    -0.5380
  5937.1  1392.822192    10.6400    -0.5242
  5945.7  1392.783130    -9.2980    -0.5102
  5954.3  1392.744067     7.3720    -0.4960
  5962.8  1392.705005   -10.7100    -0.4815
  5971.4  1392.665942     9.9060    -0.4669
  5980.0  1392.626880    -8.9950    -0.4521
  5988.6  1392.587817     6.4070    -0.4370
  5997.2  1392.548755    -3.5050    -0.4217
  6005.7  1392.509692     3.6090    -0.4063
  6014.3  1392.470630    -8.1510    -0.3906
  6022.9  1392.431567     6.3420    -0.3747
  6031.5  1392.392505    -4.4980    -0.3586
  6040.1  1392.353442     4.4190    -0.3424
  6048.6  1392.314380    -5.0310    -0.3259
  6057.2  1392.275317     4.0040    -0.3092
  6065.8  1392.236255    -5.7450    -0.2923
  6074.4  1392.197192     4.7340    -0.2752
  6083.0  1392.158130    -6.0420    -0.2578
  6091.5  1392.119067     3.6670    -0.2403
  6100.1  1392.080005    -2.4570    -0.2226
  6108.7  1392.040942     3.6820    -0.2047
  6117.3  1392.001880    -2.8030    -0.1866
  6125.9  1391.962817     5.2140    -0.1683
  6134.5  1391.923755    -5.0460    -0.1498
  6143.0  1391.884692     4.9920    -0.1310
  6151.6  1391.845630    -6.4740    -0.1121
  6160.2  1391.806567     2.4110    -0.0930
  6168.8  1391.767505    -6.6670    -0.0737
  6177.4  1391.728442     4.5620    -0.0542
  6186.0  1391.689380    -2.3500    -0.0345
  6194.6  1391.650317     7.4770    -0.0146
  6203.2  1391.611255    -2.8420     0.0054
  6211.7  1391.572192     3.5120     0.0257
  6220.3  1391.533130    -3.6560     0.0462
  6228.9  1391.494067     2.8800     0.0668
  6237.5  1391.455005    -1.3570     0.0876
  6246.1  1391.415942     4.5300     0.1087
  6254.7  1391.376880    -3.6280     0.1299
  6263.3  1391.337817    -0.2799     0.1512
  6271.9  1391.298755    -3.1760     0.1728
  6280.5  1391.259692     0.1797     0.1945
  6289.1  1391.220630    -3.2840     0.2165
  6297.7  1391.181567     2.7820     0.2386
  6306.3  1391.142505    -5.5670     0.2608
  6314.9  1391.103442     0.4695     0.2833
  6323.5  1391.064380    -2.3950     0.3059
  6332.1  1391.025317     1.6210     0.3287
  6340.7  1390.986255    -6.1120     0.3516
  6349.2  1390.947192     1.6560     0.3747
  6357.8  1390.908130    -2.4640     0.3980
  6366.4  1390.869067     3.4240     0.4214
  6375.0  1390.830005    -1.4450     0.4450
  6383.6  1390.790942     0.2252     0.4688
  6392.2  1390.751880    -2.3520     0.4927
  6400.8  1390.712817     3.7040     0.5168
  6409.4  1390.673755     3.1950     0.5410
  6418.0  1390.634692     3.4290     0.5653
  6426.6  1390.595630     4.4800     0.5898
  6435.2  1390.556567    13.4500     0.6145
  6443.8  1390.517505    10.4800     0.6393
  6452.5  1390.478442    12.6400     0.6642
  6461.1  1390.439380     8.1130     0.6893
  6469.7  1390.400317    11.0900     0.7145
  6478.3  1390.361255     6.1160     0.7398
  6486.9  1390.322192    10.9400     0.7653
  6495.5  1390.283130     6.8720     0.7908
  6504.1  1390.244067    10.9400     0.8165
  6512.7  1390.205005     5.3170     0.8424
  6521.3  1390.165942     7.1140     0.8683
  6529.9  1390.126880     5.4190     0.8944
  6538.5  1390.087817     4.8650     0.9205
  6547.1  1390.048755     3.4000     0.9468
  6555.7  1390.009692     7.4300     0.9732
  6564.3  1389.970630     7.2510     0.9997
  6572.9  1389.931567     8.9620     1.0263
  6581.6  1389.892505     6.3360     1.0530
  6590.2  1389.853442     6.6390     1.0797
  6598.8  1389.814380     4.7080     1.1066
  6607.4  1389.775317    10.6800     1.1335
  6616.0  1389.736255     0.6193     1.1606
  6624.6  1389.697192     5.0890     1.1877
  6633.2  1389.658130     0.5421     1.2149
  6641.8  1389.619067     7.8520     1.2421
  6650.5  1389.580005     1.9010     1.2695
  6659.1  1389.540942     5.8150     1.2969
  6667.7  1389.501880     3.5730     1.3243
  6676.3  1389.462817     7.0580     1.3519
  6684.9  1389.423755     5.6820     1.3794
  6693.5  1389.384692     8.3830     1.4071
  6702.2  1389.345630     5.4340     1.4347
  6710.8  1389.306567     9.4700     1.4624
  6719.4  1389.267505     2.8440     1.4902
  6728.0  1389.228442     7.6760     1.5180
  6736.6  1389.189380     3.8660     1.5458
  6745.2  1389.150317     3.9810     1.5737
  6753.9  1389.111255     3.6170     1.6016
  6762.5  1389.072192     7.6820     1.6295
  6771.1  1389.033130     5.0750     1.6574
  6779.7  1388.994067     8.6930     1.6853
  6788.3  1388.955005     3.7660     1.7132
  6797.0  1388.915942     6.9150     1.7412
  6805.6  1388.876880     4.1700     1.7691
  6814.2  1388.837817    11.8900     1.7970
  6822.8  1388.798755     8.6090     1.8249
  6831.5  1388.759692     9.1770     1.8528
  6840.1  1388.720630     6.1640     1.8807
  6848.7  1388.681567     9.2260     1.9086
  6857.3  1388.642505     1.9460     1.9364
  6866.0  1388.603442     5.6120     1.9642
  6874.6  1388.564380     6.9680     1.9920
  6883.2  1388.525317    13.4200     2.0197
  6891.9  1388.486255     8.3700     2.0474
  6900.5  1388.447192    12.0400     2.0750
  6909.1  1388.408130     7.9410     2.1026
  6917.7  1388.369067    12.3400     2.1301
  6926.4  1388.330005    11.5400     2.1575
  6935.0  1388.290942    12.9900     2.1849
  6943.6  1388.251880    10.2200     2.2122
  6952.3  1388.212817    12.2800     2.2394
  6960.9  1388.173755     5.4320     2.2665
  6969.5  1388.134692    16.4100     2.2935
  6978.2  1388.095630    11.4400     2.3204
  6986.8  1388.056567    16.8800     2.3473
  6995.4  1388.017505    15.1800     2.3740
  7004.1  1387.978442    15.2000     2.4006
  7012.7  1387.939380     5.1110     2.4271
  7021.3  1387.900317     7.1370     2.4535
  7030.0  1387.861255    -1.8240     2.4797
  7038.6  1387.822192     1.0630     2.5058
  7047.2  1387.783130    -1.3360     2.5317
  7055.9  1387.744067     1.2430     2.5576
  7064.5  1387.705005    -1.3500     2.5832
  7073.1  1387.665942    -1.5310     2.6087
  7081.8  1387.626880     1.8170     2.6341
  7090.4  1387.587817     0.5194     2.6592
  7099.1  1387.548755    -1.6520     2.6842
  7107.7  1387.509692     2.2340     2.7091
  7116.3  1387.470630    -1.5450     2.7337
  7125.0  1387.431567     4.9250     2.7581
  7133.6  1387.392505     0.7492     2.7824
  7142.3  1387.353442     5.4060     2.8064
  7150.9  1387.314380     1.5470     2.8302
  7159.6  1387.275317     6.2720     2.8538
  7168.2  1387.236255     0.6305     2.8772
  7176.8  1387.197192     6.3960     2.9003
  7185.5  1387.158130    -0.3337     2.9233
  7194.1  1387.119067     6.0590     2.9459
  7202.8  1387.080005     3.2220     2.9684
  7211.4  1387.040942     2.3670     2.9905
  7220.1  1387.001880    -0.4526     3.0124
  7228.7  1386.962817     2.2980     3.0341
  7237.4  1386.923755     3.6060     3.0554
  7246.0  1386.884692     2.2660     3.0765
  7254.7  1386.845630     0.6265     3.0973
  7263.3  1386.806567     3.0590     3.1178
  7272.0  1386.767505    -1.6130     3.1380
  7280.6  1386.728442     3.2330     3.1579
  7289.3  1386.689380     5.6480     3.1774
  7297.9  1386.650317     2.8770     3.1967
  7306.6  1386.611255     2.2550     3.2156
  7315.2  1386.572192     4.6540     3.2342
  7323.9  1386.533130     4.3000     3.2524
  7332.5  1386.494067     1.0900     3.2703
  7341.2  1386.455005    -0.0946     3.2878
  7349.8  1386.415942     6.1300     3.3050
  7358.5  1386.376880     3.5500     3.3218
  7367.1  1386.337817     5.1390     3.3382
  7375.8  1386.298755     3.7170     3.3542
  7384.4  1386.259692     7.3510     3.3699
  7393.1  1386.220630     4.2880     3.3851
  7401.7  1386.181567     1.5170     3.3999
  7410.4  1386.142505    -1.5280     3.4143
  7419.1  1386.103442     3.1290     3.4283
  7427.7  1386.064380     6.4650     3.4419
  7436.4  1386.025317     4.3240     3.4550
  7445.0  1385.986255     6.7990     3.4677
  7453.7  1385.947192     6.8440     3.4799
  7462.4  1385.908130    -2.6500     3.4916
  7471.0  1385.869067     7.2360     3.5029
  7479.7  1385.830005     2.1510     3.5137
  7488.3  1385.790942     9.5950     3.5240
  7497.0  1385.751880     1.4270     3.5338
  7505.7  1385.712817     6.7470     3.5432
  7514.3  1385.673755     0.5859     3.5520
  7523.0  1385.634692     6.8570     3.5603
  7531.7  1385.595630     1.6080     3.5680
  7540.3  1385.556567     5.4240     3.5753
  7549.0  1385.517505     1.4500     3.5820
  7557.6  1385.478442     4.7470     3.5881
  7566.3  1385.439380     4.8610     3.5937
  7575.0  1385.400317     6.0920     3.5987
  7583.6  1385.361255     2.6710     3.6031
  7592.3  1385.322192     8.6180     3.6070
  7601.0  1385.283130     6.8730     3.6103
  7609.7  1385.244067     7.1170     3.6129
  7618.3  1385.205005     6.5090     3.6150
  7627.0  1385.165942     5.3430     3.6164
  7635.7  1385.126880     0.7750     3.6172
  7644.3  1385.087817     5.7290     3.6174
  7653.0  1385.048755     6.4880     3.6169
  7661.7  1385.009692     8.0010     3.6158
  7670.3  1384.970630    -2.9240     3.6140
  7679.0  1384.931567     5.7070     3.6115
  7687.7  1384.892505     4.5090     3.6084
  7696.4  1384.853442     5.0340     3.6046
  7705.0  1384.814380     3.0750     3.6000
  7713.7  1384.775317     6.8060     3.5948
  7722.4  1384.736255     1.6760     3.5889
  7731.1  1384.697192     0.3364     3.5822
  7739.7  1384.658130     4.8550     3.5748
  7748.4  1384.619067     3.2410     3.5666
  7757.1  1384.580005    -2.3880     3.5577
  7765.8  1384.540942     7.3120     3.5480
  7774.4  1384.501880     1.8050     3.5376
  7783.1  1384.462817     6.4050     3.5264
  7791.8  1384.423755     1.5600     3.5143
  7800.5  1384.384692     5.1130     3.5015
  7809.2  1384.345630    -0.0281     3.4879
  7817.8  1384.306567     6.8080     3.4735
  7826.5  1384.267505     0.6408     3.4582
  7835.2  1384.228442     3.9880     3.4421
  7843.9  1384.189380     3.2120     3.4251
  7852.6  1384.150317     5.6280     3.4073
  7861.2  1384.111255     2.0850     3.3886
  7869.9  1384.072192     3.1620     3.3690
  7878.6  1384.033130     1.5100     3.3486
  7887.3  1383.994067     2.8220     3.3272
  7896.0  1383.955005     4.7820     3.3050
  7904.7  1383.915942     2.4060     3.2818
  7913.3  1383.876880    -1.4840     3.2577
  7922.0  1383.837817     1.8220     3.2326
  7930.7  1383.798755    -3.5280     3.2066
  7939.4  1383.759692     5.3110     3.1797
  7948.1  1383.720630    -2.5430     3.1517
  7956.8  1383.681567     8.5490     3.1228
  7965.5  1383.642505    -0.4824     3.0929
  7974.2  1383.603442     4.5340     3.0620
  7982.8  1383.564380    -0.2218     3.0301
  7991.5  1383.525317     2.4260     2.9972
  8000.2  1383.486255     0.8280     2.9632
  8008.9  1383.447192     9.1640     2.9282
  8017.6  1383.408130    -2.3290     2.8922
  8026.3  1383.369067     3.7090     2.8551
  8035.0  1383.330005    -0.4141     2.8169
  8043.7  1383.290942     4.6170     2.7776
  8052.4  1383.251880     1.0900     2.7372
  8061.1  1383.212817    -0.1672     2.6957
  8069.8  1383.173755     1.3490     2.6531
  8078.5  1383.134692     4.9070     2.6094
  8087.2  1383.095630    -0.3698     2.5645
  8095.9  1383.056567     6.9000     2.5185
  8104.5  1383.017505     0.2567     2.4713
  8113.2  1382.978442     5.5390     2.4229
  8121.9  1382.939380    -1.2060     2.3734
  8130.6  1382.900317     1.9980     2.3226
  8139.3  1382.861255    -0.1846     2.2707
  8148.0  1382.822192     5.6840     2.2175
  8156.7  1382.783130     0.1271     2.1631
  8165.4  1382.744067     4.5630     2.1075
  8174.1  1382.705005     2.2290     2.0506
  8182.8  1382.665942     0.9601     1.9924
  8191.5  1382.626880    -0.4350     1.9330
  8200.2  1382.587817     3.7230     1.8722
  8208.9  1382.548755    -1.0340     1.8102
  8217.6  1382.509692     4.9990     1.7469
  8226.3  1382.470630    -1.4320     1.6822
  8235.0  1382.431567     5.5670     1.6162
  8243.8  1382.392505     1.1840     1.5489
  8252.5  1382.353442     0.3860     1.4802
  8261.2  1382.314380     0.0756     1.4101
  8269.9  1382.275317     1.6850     1.3386
  8278.6  1382.236255     0.2059     1.2658
  8287.3  1382.197192     1.0840     1.1915
  8296.0  1382.158130     0.2648     1.1159
  8304.7  1382.119067     2.5070     1.0388
  8313.4  1382.080005    -1.9570     0.9602
  8322.1  1382.040942     3.7520     0.8802
  8330.8  1382.001880    -0.6383     0.7987
  8339.5  1381.962817    -1.7410     0.7158
  8348.2  1381.923755     1.7340     0.6313
  8356.9  1381.884692     5.0090     0.5454
  8365.7  1381.845630    -0.8452     0.4579
  8374.4  1381.806567    -0.4480     0.3689
  8383.1  1381.767505    -0.7930     0.2784
  8391.8  1381.728442     5.1330     0.1863
  8400.5  1381.689380    -1.9210     0.0926
  8409.2  1381.650317     0.2872    -0.0026
  8417.9  1381.611255     0.0469    -0.0995
  8426.6  1381.572192     2.0750    -0.1979
  8435.4  1381.533130    -1.1150    -0.2980
  8444.1  1381.494067     0.1904    -0.3997
  8452.8  1381.455005    -4.4930    -0.5030
  8461.5  1381.415942     6.7110    -0.6080
  8470.2  1381.376880     1.9170    -0.7147
  8478.9  1381.337817     4.4240    -0.8230
  8487.7  1381.298755    -2.8020    -0.9331
  8496.4  1381.259692     5.1980    -1.0448
  8505.1  1381.220630    -5.0400    -1.1583
  8513.8  1381.181567     1.7240    -1.2735
  8522.5  1381.142505     0.7193    -1.3905
  8531.3  1381.103442     4.0290    -1.5092
  8540.0  1381.064380     0.8040    -1.6297
  8548.7  1381.025317     2.9360    -1.7520
  8557.4  1380.986255    -0.6878    -1.8761
