#Cornell Digital HI Archive
#Springob, C. M., Haynes, M. P., Giovanelli, R. and Kent, B. R. 2005, ApJS, 160,149
#ASCII Table format
#Generated by Brian Kent  Wed Jan 17 16:36:42 2007
# 
#Telescope:      Green Bank 42 meter
#Beam size:      21.0 [arcminutes]
#Object:         AGC 11554
#RA:             305.88833  (J2000) decimal degrees
#DEC:            58.343889  (J2000) decimal degrees
#Rest Frequency: 1.4204058e+09 [Hz]
#Bandwidth:      10000 [kHz]
#Channels:       512
#Ref Code:       2005ApJS..160..149S
#Spectrum codes:  Single Hanning only;  Good quality;  (see reference)
#HI Archive at http://arecibo.tc.cornell.edu/hiarchive/
#This spectrum is not baselined.  For a baselined spectrum, subtract the provided polynomial fit.
#Table FORMAT:  (f8.1,1x,f12.6,1x,f10.4,1x,f10.4)
# 
#Column descriptions:
# 1. Heliocentric velocity [km/s]
# 2. Radio frequency [MHz]
# 3. Flux Density [mJy]
# 4. Polynomial baseline fit
# 
####################################################################
# 
  2028.6  1410.858967    -2.8830   -19.0600
  2032.8  1410.839436   -88.5300   -19.1197
  2037.0  1410.819905  -143.0000   -19.1773
  2041.1  1410.800374    -8.8250   -19.2328
  2045.3  1410.780842   -61.4700   -19.2863
  2049.5  1410.761311    -8.2430   -19.3377
  2053.7  1410.741780   229.6000   -19.3870
  2057.9  1410.722249  -119.3000   -19.4344
  2062.0  1410.702717   -35.3700   -19.4797
  2066.2  1410.683186    -5.4830   -19.5230
  2070.4  1410.663655   -26.2200   -19.5643
  2074.6  1410.644124  -148.2000   -19.6036
  2078.7  1410.624592   -46.4900   -19.6410
  2082.9  1410.605061   -54.0100   -19.6764
  2087.1  1410.585530  -112.3000   -19.7099
  2091.3  1410.565999   -69.3600   -19.7414
  2095.5  1410.546467   -14.3100   -19.7710
  2099.6  1410.526936   -85.5600   -19.7986
  2103.8  1410.507405    -6.0860   -19.8244
  2108.0  1410.487874   -35.1800   -19.8483
  2112.2  1410.468342   -38.2000   -19.8703
  2116.4  1410.448811   -20.7900   -19.8904
  2120.5  1410.429280   -50.3400   -19.9087
  2124.7  1410.409749   -19.4600   -19.9251
  2128.9  1410.390217   -48.0000   -19.9397
  2133.1  1410.370686     0.0272   -19.9525
  2137.3  1410.351155    -4.9320   -19.9634
  2141.5  1410.331624   -34.0800   -19.9726
  2145.6  1410.312092   -31.6000   -19.9800
  2149.8  1410.292561   -13.4100   -19.9856
  2154.0  1410.273030   -36.3700   -19.9894
  2158.2  1410.253499   -41.6500   -19.9915
  2162.4  1410.233967   -20.1500   -19.9918
  2166.5  1410.214436   -31.3800   -19.9904
  2170.7  1410.194905    -7.7420   -19.9873
  2174.9  1410.175374   -28.7400   -19.9825
  2179.1  1410.155842   -11.0500   -19.9759
  2183.3  1410.136311   -34.5400   -19.9677
  2187.5  1410.116780   -16.8900   -19.9578
  2191.6  1410.097249   -37.7400   -19.9463
  2195.8  1410.077717   -40.1000   -19.9331
  2200.0  1410.058186   -32.6400   -19.9183
  2204.2  1410.038655   -10.4800   -19.9018
  2208.4  1410.019124   -18.1400   -19.8837
  2212.6  1409.999592    -2.5640   -19.8640
  2216.7  1409.980061   -12.4900   -19.8428
  2220.9  1409.960530   -12.5500   -19.8199
  2225.1  1409.940999   -17.9200   -19.7955
  2229.3  1409.921467    -1.7680   -19.7695
  2233.5  1409.901936   -31.1900   -19.7419
  2237.7  1409.882405   -13.3800   -19.7129
  2241.8  1409.862874   -17.0600   -19.6823
  2246.0  1409.843342   -16.0100   -19.6502
  2250.2  1409.823811   -20.5000   -19.6166
  2254.4  1409.804280    -1.7460   -19.5814
  2258.6  1409.784749   -28.2200   -19.5449
  2262.8  1409.765217    -6.5640   -19.5068
  2266.9  1409.745686    -1.0300   -19.4673
  2271.1  1409.726155   -18.8800   -19.4264
  2275.3  1409.706624   -24.9000   -19.3840
  2279.5  1409.687092   -24.8700   -19.3402
  2283.7  1409.667561   -36.6300   -19.2950
  2287.9  1409.648030   -23.8400   -19.2483
  2292.1  1409.628499     5.5130   -19.2003
  2296.2  1409.608967   -34.9500   -19.1510
  2300.4  1409.589436    -6.4320   -19.1002
  2304.6  1409.569905   -26.5900   -19.0481
  2308.8  1409.550374   -38.1700   -18.9947
  2313.0  1409.530842   -16.2000   -18.9399
  2317.2  1409.511311    -6.7840   -18.8839
  2321.4  1409.491780   -46.1500   -18.8265
  2325.5  1409.472249    -6.4110   -18.7678
  2329.7  1409.452717   -22.3500   -18.7078
  2333.9  1409.433186   -21.8300   -18.6466
  2338.1  1409.413655   -29.9500   -18.5841
  2342.3  1409.394124   -21.4400   -18.5203
  2346.5  1409.374592   -14.5700   -18.4553
  2350.7  1409.355061    -5.8440   -18.3891
  2354.9  1409.335530   -27.5200   -18.3217
  2359.0  1409.315999   -19.8200   -18.2531
  2363.2  1409.296467   -26.0600   -18.1832
  2367.4  1409.276936   -15.8600   -18.1122
  2371.6  1409.257405   -18.4300   -18.0400
  2375.8  1409.237874   -25.5500   -17.9667
  2380.0  1409.218342   -25.3300   -17.8922
  2384.2  1409.198811   -30.1800   -17.8166
  2388.4  1409.179280   -17.9800   -17.7399
  2392.5  1409.159749   -15.6700   -17.6620
  2396.7  1409.140217    -9.4230   -17.5831
  2400.9  1409.120686   -27.7400   -17.5030
  2405.1  1409.101155   -17.0600   -17.4219
  2409.3  1409.081624   -21.9600   -17.3397
  2413.5  1409.062092   -23.0800   -17.2565
  2417.7  1409.042561   -21.9200   -17.1722
  2421.9  1409.023030    -5.7520   -17.0869
  2426.1  1409.003499   -22.3000   -17.0006
  2430.2  1408.983967   -19.7200   -16.9132
  2434.4  1408.964436   -17.6100   -16.8249
  2438.6  1408.944905   -24.4300   -16.7356
  2442.8  1408.925374    -9.2900   -16.6453
  2447.0  1408.905842    -1.1580   -16.5540
  2451.2  1408.886311   -20.6900   -16.4618
  2455.4  1408.866780   -16.9800   -16.3686
  2459.6  1408.847249   -13.3700   -16.2746
  2463.8  1408.827717   -17.9100   -16.1796
  2468.0  1408.808186   -18.9000   -16.0836
  2472.1  1408.788655    -4.4400   -15.9868
  2476.3  1408.769124    -6.4660   -15.8892
  2480.5  1408.749592    -1.8320   -15.7906
  2484.7  1408.730061   -32.5600   -15.6912
  2488.9  1408.710530   -16.7400   -15.5909
  2493.1  1408.690999     0.0324   -15.4898
  2497.3  1408.671467   -18.1900   -15.3879
  2501.5  1408.651936    10.2000   -15.2852
  2505.7  1408.632405   -23.0100   -15.1816
  2509.9  1408.612874   -42.9500   -15.0773
  2514.1  1408.593342   -18.8800   -14.9722
  2518.3  1408.573811   -17.8000   -14.8663
  2522.4  1408.554280   -15.1800   -14.7597
  2526.6  1408.534749     0.9264   -14.6523
  2530.8  1408.515217    -7.3290   -14.5442
  2535.0  1408.495686   -13.3100   -14.4354
  2539.2  1408.476155   -18.4900   -14.3258
  2543.4  1408.456624   -10.8300   -14.2156
  2547.6  1408.437092   -13.1600   -14.1047
  2551.8  1408.417561   -32.6100   -13.9930
  2556.0  1408.398030    -5.3830   -13.8808
  2560.2  1408.378499    -5.0900   -13.7678
  2564.4  1408.358967    -6.8200   -13.6543
  2568.6  1408.339436    -5.4130   -13.5401
  2572.8  1408.319905    -3.1100   -13.4253
  2576.9  1408.300374    -2.2730   -13.3098
  2581.1  1408.280842   -17.3700   -13.1938
  2585.3  1408.261311   -15.9700   -13.0772
  2589.5  1408.241780   -19.7700   -12.9600
  2593.7  1408.222249   -11.4000   -12.8423
  2597.9  1408.202717   -25.0000   -12.7240
  2602.1  1408.183186   -12.6000   -12.6052
  2606.3  1408.163655   -17.8000   -12.4858
  2610.5  1408.144124   -12.8000   -12.3660
  2614.7  1408.124592   -22.9600   -12.2456
  2618.9  1408.105061   -12.8500   -12.1247
  2623.1  1408.085530   -21.0800   -12.0034
  2627.3  1408.065999     1.2600   -11.8815
  2631.5  1408.046467   -10.9400   -11.7593
  2635.7  1408.026936     7.4740   -11.6365
  2639.9  1408.007405   -12.3600   -11.5134
  2644.1  1407.987874   -22.3600   -11.3898
  2648.3  1407.968342     1.2410   -11.2658
  2652.4  1407.948811   -40.8600   -11.1414
  2656.6  1407.929280   -18.1400   -11.0166
  2660.8  1407.909749    -4.0220   -10.8915
  2665.0  1407.890217   -24.2900   -10.7659
  2669.2  1407.870686   -20.6300   -10.6400
  2673.4  1407.851155   -13.8600   -10.5138
  2677.6  1407.831624   -14.6800   -10.3873
  2681.8  1407.812092   -10.7700   -10.2604
  2686.0  1407.792561   -22.8500   -10.1332
  2690.2  1407.773030   -17.1300   -10.0057
  2694.4  1407.753499     2.6020    -9.8779
  2698.6  1407.733967   -14.6200    -9.7499
  2702.8  1407.714436   -11.8700    -9.6215
  2707.0  1407.694905     8.1570    -9.4930
  2711.2  1407.675374    -5.2030    -9.3642
  2715.4  1407.655842   -26.3600    -9.2351
  2719.6  1407.636311   -12.1500    -9.1059
  2723.8  1407.616780    -3.6830    -8.9764
  2728.0  1407.597249   -12.3800    -8.8468
  2732.2  1407.577717   -12.4800    -8.7169
  2736.4  1407.558186   -27.4200    -8.5869
  2740.6  1407.538655   -26.2800    -8.4567
  2744.8  1407.519124    -4.5830    -8.3264
  2749.0  1407.499592   -32.4200    -8.1960
  2753.2  1407.480061    -7.5160    -8.0654
  2757.4  1407.460530   -11.8900    -7.9347
  2761.6  1407.440999   -20.3800    -7.8039
  2765.8  1407.421467    -7.2300    -7.6730
  2770.0  1407.401936    -0.8988    -7.5420
  2774.2  1407.382405    -2.2460    -7.4110
  2778.4  1407.362874     6.7750    -7.2799
  2782.6  1407.343342     8.5640    -7.1488
  2786.8  1407.323811    -1.0420    -7.0176
  2791.0  1407.304280   -12.2300    -6.8864
  2795.2  1407.284749     8.7710    -6.7552
  2799.4  1407.265217     3.3720    -6.6240
  2803.6  1407.245686    -4.6040    -6.4928
  2807.8  1407.226155    -7.4870    -6.3616
  2812.0  1407.206624    -9.9720    -6.2304
  2816.2  1407.187092     9.1970    -6.0994
  2820.4  1407.167561   -15.4700    -5.9683
  2824.6  1407.148030     4.3930    -5.8373
  2828.8  1407.128499    -0.2592    -5.7065
  2833.0  1407.108967     8.2620    -5.5757
  2837.2  1407.089436    11.3500    -5.4450
  2841.4  1407.069905     7.9110    -5.3144
  2845.6  1407.050374   -22.9000    -5.1840
  2849.8  1407.030842     0.2914    -5.0536
  2854.0  1407.011311    16.6300    -4.9235
  2858.2  1406.991780    -3.9470    -4.7935
  2862.4  1406.972249    -2.0750    -4.6636
  2866.6  1406.952717   -16.3000    -4.5340
  2870.8  1406.933186   -10.8600    -4.4045
  2875.0  1406.913655    11.5600    -4.2753
  2879.2  1406.894124   -10.4100    -4.1463
  2883.4  1406.874592    -7.9010    -4.0175
  2887.6  1406.855061     4.9950    -3.8889
  2891.8  1406.835530    -0.1089    -3.7606
  2896.0  1406.815999    -1.2800    -3.6326
  2900.2  1406.796467    12.3400    -3.5048
  2904.4  1406.776936   -19.1800    -3.3773
  2908.6  1406.757405    17.7400    -3.2502
  2912.8  1406.737874    -5.9450    -3.1233
  2917.0  1406.718342     1.9190    -2.9968
  2921.2  1406.698811    13.7300    -2.8705
  2925.4  1406.679280    33.8500    -2.7447
  2929.6  1406.659749    24.5700    -2.6192
  2933.8  1406.640217    34.4000    -2.4940
  2938.0  1406.620686    52.0400    -2.3692
  2942.2  1406.601155    34.6100    -2.2449
  2946.4  1406.581624    55.0700    -2.1209
  2950.6  1406.562092    46.4200    -1.9973
  2954.8  1406.542561    49.9100    -1.8742
  2959.0  1406.523030    53.8700    -1.7515
  2963.2  1406.503499    39.0200    -1.6292
  2967.4  1406.483967    24.1500    -1.5074
  2971.6  1406.464436    45.5300    -1.3861
  2975.9  1406.444905     7.1900    -1.2653
  2980.1  1406.425374    23.3500    -1.1449
  2984.3  1406.405842    28.0600    -1.0251
  2988.5  1406.386311     8.3130    -0.9057
  2992.7  1406.366780    32.0500    -0.7869
  2996.9  1406.347249    36.5800    -0.6687
  3001.1  1406.327717    35.4500    -0.5510
  3005.3  1406.308186    34.9600    -0.4338
  3009.5  1406.288655    24.6700    -0.3172
  3013.7  1406.269124    27.8600    -0.2012
  3017.9  1406.249592    37.2800    -0.0858
  3022.1  1406.230061    33.1100     0.0289
  3026.3  1406.210530    28.0400     0.1431
  3030.5  1406.190999    34.3400     0.2566
  3034.7  1406.171467    26.3300     0.3695
  3038.9  1406.151936    28.6900     0.4818
  3043.1  1406.132405    25.0400     0.5934
  3047.3  1406.112874    34.4600     0.7042
  3051.6  1406.093342    25.7800     0.8145
  3055.8  1406.073811    12.3700     0.9240
  3060.0  1406.054280    48.0900     1.0328
  3064.2  1406.034749    12.7300     1.1408
  3068.4  1406.015217    11.0300     1.2482
  3072.6  1405.995686    25.9200     1.3548
  3076.8  1405.976155    20.1600     1.4606
  3081.0  1405.956624    35.5300     1.5657
  3085.2  1405.937092    37.6900     1.6700
  3089.4  1405.917561    26.5800     1.7735
  3093.6  1405.898030    33.9600     1.8762
  3097.8  1405.878499    40.4700     1.9781
  3102.0  1405.858967    21.6500     2.0791
  3106.2  1405.839436    13.4700     2.1793
  3110.5  1405.819905    11.6800     2.2787
  3114.7  1405.800374    43.9500     2.3772
  3118.9  1405.780842    -8.7230     2.4749
  3123.1  1405.761311    36.3700     2.5716
  3127.3  1405.741780    26.3100     2.6675
  3131.5  1405.722249    41.5900     2.7624
  3135.7  1405.702717    39.6900     2.8565
  3139.9  1405.683186    20.9800     2.9496
  3144.1  1405.663655    31.4500     3.0417
  3148.3  1405.644124    32.1600     3.1330
  3152.5  1405.624592    18.1500     3.2232
  3156.8  1405.605061    26.9700     3.3125
  3161.0  1405.585530    38.3100     3.4008
  3165.2  1405.565999    34.1100     3.4881
  3169.4  1405.546467    44.9500     3.5744
  3173.6  1405.526936    35.6700     3.6596
  3177.8  1405.507405    41.6300     3.7439
  3182.0  1405.487874    35.1100     3.8270
  3186.2  1405.468342    10.8600     3.9092
  3190.4  1405.448811    41.1500     3.9902
  3194.6  1405.429280    30.6300     4.0702
  3198.9  1405.409749     3.8900     4.1491
  3203.1  1405.390217    32.8900     4.2269
  3207.3  1405.370686    55.9300     4.3036
  3211.5  1405.351155    51.3400     4.3792
  3215.7  1405.331624    39.7800     4.4536
  3219.9  1405.312092    51.0000     4.5269
  3224.1  1405.292561    27.4800     4.5990
  3228.3  1405.273030    46.9900     4.6699
  3232.5  1405.253499    39.3700     4.7397
  3236.8  1405.233967    40.2500     4.8083
  3241.0  1405.214436    30.0700     4.8757
  3245.2  1405.194905    82.0200     4.9418
  3249.4  1405.175374    47.1100     5.0067
  3253.6  1405.155842    67.8800     5.0704
  3257.8  1405.136311    48.8300     5.1329
  3262.0  1405.116780    43.9600     5.1941
  3266.2  1405.097249    44.8400     5.2540
  3270.5  1405.077717    45.7400     5.3126
  3274.7  1405.058186    24.6000     5.3699
  3278.9  1405.038655    14.6800     5.4259
  3283.1  1405.019124    15.0100     5.4806
  3287.3  1404.999592    26.1000     5.5340
  3291.5  1404.980061    14.9700     5.5860
  3295.7  1404.960530     1.4820     5.6367
  3299.9  1404.940999    -0.9083     5.6860
  3304.2  1404.921467     2.8230     5.7339
  3308.4  1404.901936     0.2053     5.7805
  3312.6  1404.882405    16.9300     5.8256
  3316.8  1404.862874    13.0700     5.8694
  3321.0  1404.843342    23.3300     5.9117
  3325.2  1404.823811    -4.7490     5.9526
  3329.4  1404.804280    19.1800     5.9920
  3333.7  1404.784749     4.2550     6.0300
  3337.9  1404.765217    10.4000     6.0665
  3342.1  1404.745686    21.3000     6.1015
  3346.3  1404.726155    16.1800     6.1351
  3350.5  1404.706624     9.1720     6.1671
  3354.7  1404.687092     5.7050     6.1976
  3358.9  1404.667561     7.7960     6.2266
  3363.2  1404.648030     2.7880     6.2541
  3367.4  1404.628499     8.0060     6.2800
  3371.6  1404.608967     5.8930     6.3044
  3375.8  1404.589436     2.6930     6.3271
  3380.0  1404.569905    12.7900     6.3483
  3384.2  1404.550374    19.9600     6.3679
  3388.5  1404.530842     4.3900     6.3859
  3392.7  1404.511311     4.4610     6.4023
  3396.9  1404.491780     1.7780     6.4171
  3401.1  1404.472249     7.4670     6.4302
  3405.3  1404.452717     4.4330     6.4417
  3409.5  1404.433186     4.1120     6.4515
  3413.8  1404.413655    -1.2940     6.4596
  3418.0  1404.394124   -13.9300     6.4660
  3422.2  1404.374592    15.7100     6.4708
  3426.4  1404.355061     0.5992     6.4738
  3430.6  1404.335530   -10.0900     6.4751
  3434.8  1404.315999     6.3000     6.4747
  3439.1  1404.296467    16.9800     6.4726
  3443.3  1404.276936     7.4500     6.4686
  3447.5  1404.257405    -1.3070     6.4630
  3451.7  1404.237874   -10.1700     6.4555
  3455.9  1404.218342    17.3300     6.4463
  3460.1  1404.198811    19.2400     6.4352
  3464.4  1404.179280     0.2568     6.4224
  3468.6  1404.159749     5.4960     6.4077
  3472.8  1404.140217     5.5900     6.3912
  3477.0  1404.120686     9.5890     6.3728
  3481.2  1404.101155    -0.9578     6.3526
  3485.5  1404.081624    14.0900     6.3305
  3489.7  1404.062092     3.5040     6.3065
  3493.9  1404.042561     3.5420     6.2806
  3498.1  1404.023030    -4.8250     6.2529
  3502.3  1404.003499    -0.0294     6.2232
  3506.6  1403.983967    -1.5820     6.1916
  3510.8  1403.964436    12.7900     6.1580
  3515.0  1403.944905    24.3100     6.1225
  3519.2  1403.925374    10.9600     6.0851
  3523.4  1403.905842     1.4080     6.0457
  3527.6  1403.886311     1.1790     6.0042
  3531.9  1403.866780    -0.1226     5.9608
  3536.1  1403.847249    11.7100     5.9154
  3540.3  1403.827717    10.1600     5.8680
  3544.5  1403.808186    23.5400     5.8185
  3548.7  1403.788655    -6.8610     5.7670
  3553.0  1403.769124    10.7000     5.7135
  3557.2  1403.749592    -2.7470     5.6578
  3561.4  1403.730061    -9.3060     5.6001
  3565.6  1403.710530    -0.5134     5.5404
  3569.9  1403.690999     3.1190     5.4785
  3574.1  1403.671467     0.4653     5.4145
  3578.3  1403.651936    -8.7160     5.3484
  3582.5  1403.632405    -8.1110     5.2801
  3586.7  1403.612874     7.9840     5.2097
  3591.0  1403.593342    14.7800     5.1372
  3595.2  1403.573811    12.5000     5.0625
  3599.4  1403.554280    -9.7700     4.9856
  3603.6  1403.534749    -1.8360     4.9065
  3607.8  1403.515217     4.4560     4.8252
  3612.1  1403.495686     5.9940     4.7417
  3616.3  1403.476155    14.0000     4.6560
  3620.5  1403.456624    -0.3479     4.5680
  3624.7  1403.437092    31.6700     4.4778
  3629.0  1403.417561    14.2300     4.3853
  3633.2  1403.398030    -3.1110     4.2906
  3637.4  1403.378499    -7.4150     4.1936
  3641.6  1403.358967     4.5640     4.0943
  3645.9  1403.339436    12.0700     3.9927
  3650.1  1403.319905    -0.0851     3.8887
  3654.3  1403.300374    -3.8890     3.7825
  3658.5  1403.280842     1.0820     3.6739
  3662.7  1403.261311    -4.6290     3.5629
  3667.0  1403.241780     9.2190     3.4496
  3671.2  1403.222249    21.8600     3.3339
  3675.4  1403.202717    -4.7850     3.2158
  3679.6  1403.183186    -3.3870     3.0954
  3683.9  1403.163655    24.4900     2.9725
  3688.1  1403.144124   -15.3200     2.8472
  3692.3  1403.124592    -9.8900     2.7195
  3696.5  1403.105061     8.0990     2.5893
  3700.8  1403.085530    12.6000     2.4567
  3705.0  1403.065999    -1.2070     2.3216
  3709.2  1403.046467    -7.5900     2.1840
  3713.4  1403.026936    11.7800     2.0439
  3717.7  1403.007405    -8.9950     1.9014
  3721.9  1402.987874    13.6000     1.7563
  3726.1  1402.968342   -14.5900     1.6087
  3730.3  1402.948811    -1.8980     1.4586
  3734.6  1402.929280    21.9100     1.3059
  3738.8  1402.909749     4.2600     1.1507
  3743.0  1402.890217    -4.8030     0.9929
  3747.2  1402.870686   -15.6300     0.8325
  3751.5  1402.851155     2.0710     0.6696
  3755.7  1402.831624    -6.7200     0.5040
  3759.9  1402.812092   -10.2600     0.3358
  3764.1  1402.792561   -10.4400     0.1650
  3768.4  1402.773030     1.6550    -0.0084
  3772.6  1402.753499    -2.4060    -0.1845
  3776.8  1402.733967    -4.5050    -0.3633
  3781.1  1402.714436    10.9100    -0.5447
  3785.3  1402.694905     5.3110    -0.7288
  3789.5  1402.675374    12.0200    -0.9156
  3793.7  1402.655842    -7.2690    -1.1052
  3798.0  1402.636311    -3.4840    -1.2974
  3802.2  1402.616780   -11.3100    -1.4924
  3806.4  1402.597249     4.9280    -1.6901
  3810.6  1402.577717    -0.2663    -1.8905
  3814.9  1402.558186     1.2290    -2.0937
  3819.1  1402.538655    -3.7690    -2.2997
  3823.3  1402.519124     8.6210    -2.5085
  3827.6  1402.499592     3.4540    -2.7201
  3831.8  1402.480061    -1.3280    -2.9345
  3836.0  1402.460530    -1.3160    -3.1517
  3840.2  1402.440999     3.3790    -3.3717
  3844.5  1402.421467     5.0240    -3.5946
  3848.7  1402.401936    -1.4970    -3.8203
  3852.9  1402.382405   -23.3700    -4.0489
  3857.2  1402.362874    -4.1740    -4.2804
  3861.4  1402.343342    11.7000    -4.5148
  3865.6  1402.323811   -14.1300    -4.7521
  3869.8  1402.304280    -6.3850    -4.9923
  3874.1  1402.284749    -7.1030    -5.2354
  3878.3  1402.265217    -9.6630    -5.4814
  3882.5  1402.245686   -12.8700    -5.7304
  3886.8  1402.226155   -10.7800    -5.9824
  3891.0  1402.206624    -5.1320    -6.2373
  3895.2  1402.187092   -13.9600    -6.4952
  3899.5  1402.167561   -11.0400    -6.7561
  3903.7  1402.148030   -13.2800    -7.0200
  3907.9  1402.128499   -24.5100    -7.2869
  3912.1  1402.108967   -20.5000    -7.5569
  3916.4  1402.089436    11.9900    -7.8298
  3920.6  1402.069905    19.3100    -8.1059
  3924.8  1402.050374    -1.1650    -8.3850
  3929.1  1402.030842    -3.5480    -8.6671
  3933.3  1402.011311   -14.6500    -8.9524
  3937.5  1401.991780   -15.3400    -9.2407
  3941.8  1401.972249    -9.7350    -9.5322
  3946.0  1401.952717    -7.9960    -9.8268
  3950.2  1401.933186    -1.6060   -10.1245
  3954.5  1401.913655   -14.4400   -10.4253
  3958.7  1401.894124    -9.1720   -10.7293
  3962.9  1401.874592     4.7860   -11.0365
  3967.2  1401.855061   -25.9600   -11.3468
  3971.4  1401.835530   -19.3900   -11.6604
  3975.6  1401.815999    -2.4500   -11.9771
  3979.8  1401.796467   -17.1600   -12.2970
  3984.1  1401.776936    -6.3160   -12.6202
  3988.3  1401.757405   -14.4900   -12.9466
  3992.5  1401.737874   -11.0000   -13.2762
  3996.8  1401.718342   -22.7200   -13.6091
  4001.0  1401.698811    -2.2530   -13.9453
  4005.2  1401.679280    -0.0823   -14.2848
  4009.5  1401.659749   -16.2800   -14.6275
  4013.7  1401.640217   -21.4400   -14.9735
  4017.9  1401.620686    -1.3720   -15.3229
  4022.2  1401.601155   -15.0700   -15.6756
  4026.4  1401.581624    10.4600   -16.0316
  4030.6  1401.562092   -15.4800   -16.3909
  4034.9  1401.542561   -11.4100   -16.7537
  4039.1  1401.523030    -2.7500   -17.1198
  4043.3  1401.503499    -8.1460   -17.4892
  4047.6  1401.483967    -3.1500   -17.8621
  4051.8  1401.464436     1.0470   -18.2384
  4056.1  1401.444905    -9.3470   -18.6181
  4060.3  1401.425374    -2.4040   -19.0012
  4064.5  1401.405842   -26.7100   -19.3878
  4068.8  1401.386311    -6.2130   -19.7778
  4073.0  1401.366780     3.9390   -20.1713
  4077.2  1401.347249     8.9500   -20.5682
  4081.5  1401.327717   -21.1000   -20.9687
  4085.7  1401.308186    -8.0870   -21.3726
  4089.9  1401.288655   -10.1000   -21.7800
  4094.2  1401.269124   -28.2800   -22.1910
  4098.4  1401.249592    -8.0350   -22.6055
  4102.6  1401.230061   -12.7000   -23.0235
  4106.9  1401.210530   -13.9300   -23.4451
  4111.1  1401.190999   -22.7000   -23.8703
  4115.3  1401.171467    -7.4990   -24.2990
  4119.6  1401.151936   -25.1900   -24.7314
  4123.8  1401.132405   -16.0100   -25.1673
  4128.1  1401.112874   -22.2500   -25.6068
  4132.3  1401.093342   -34.4900   -26.0500
  4136.5  1401.073811   -30.2400   -26.4968
  4140.8  1401.054280   -30.3800   -26.9472
  4145.0  1401.034749   -33.8000   -27.4014
  4149.2  1401.015217   -49.9900   -27.8591
  4153.5  1400.995686   -35.9000   -28.3206
  4157.7  1400.976155   -24.6700   -28.7857
  4162.0  1400.956624   -29.9500   -29.2546
  4166.2  1400.937092   -35.6000   -29.7271
  4170.4  1400.917561   -42.8800   -30.2034
  4174.7  1400.898030   -39.6400   -30.6835
  4178.9  1400.878499  -365.5000   -31.1672
