-3.041808919776531686e-02 -1.160310953740257590e-02
-2.452557409531396990e-02 -7.705166362574114233e-03
-7.450355466691823726e-03 1.729953957485499526e-03
-4.492308530608603474e-03 1.089028298896131848e-02
-2.076756584447096710e-02 -3.394931737885169103e-03
-2.912883138804821248e-02 -8.081170368610708296e-03
5.892538465981889476e-03 3.856920146027049273e-02
-3.341367497626170774e-03 5.702350427130832566e-03
-2.330440308947132055e-02 -5.005469853927337065e-04
3.333951682873975003e-02 -2.765981571629171337e-03
4.079474244675233841e-02 -7.390932604635523304e-03
-3.304212446907112133e-02 3.463794967271054126e-03
4.343999175459294787e-02 -1.455818803605384536e-02
-2.729515073147797261e-02 -7.254458252769154653e-03
-2.400306074724417680e-03 3.059832132609946118e-02
4.259172181387586853e-02 -1.488968308526702339e-02
6.992551556040706162e-02 -1.892223139748960142e-02
-6.763229215563836688e-03 -1.035145723562359843e-02
-3.055534963936766199e-02 -5.128693213760418361e-03
-2.877539639299753552e-02 -8.416995753065620312e-03
3.488543093278934082e-02 3.914830873419788103e-03
-1.913548105947767905e-02 -2.410375638912011856e-02
-2.740046474300735294e-03 1.544585468548952643e-02
-1.930554699827998974e-02 -8.177307865146003427e-03
2.387706853480276933e-02 1.901680594145997369e-02
3.062377131226490853e-03 -1.671286007849480306e-03
3.623640427111415700e-03 2.365416782565983242e-02
4.930506321947018822e-02 -1.595189333407986271e-02
4.470325152391925461e-02 -9.832201147613505235e-03
3.838365026032491099e-03 1.317754407910277795e-03
-8.170112040407986626e-04 1.341440341086519959e-02
4.114072919339663986e-02 -1.000370748473343972e-02
6.762301605752508125e-03 1.449647490763691579e-02
-1.277702564666295844e-02 1.669036968007753252e-02
1.508350949039429477e-02 1.293684244233880842e-02
1.573759093208382948e-02 2.171859230419657949e-02
-5.077175411591181887e-03 2.215574643040552419e-02
1.033519733005201996e-03 2.005113990321672618e-02
-2.606721645158531150e-02 -5.909151532829814632e-03
-3.642604921906409093e-03 9.662266865694412940e-03
5.010746752856498881e-04 1.552562723820942979e-02
-7.398734363752005640e-03 9.031514052591910896e-03
-4.243243402622508958e-02 1.875621987146374034e-03
5.393299641563414210e-02 -1.823093159346032485e-02
1.572234327281344865e-02 2.804042759020273015e-02
-3.369362565704198814e-02 -2.699205155410356119e-02
-3.203596989624953734e-02 -1.337167451252716834e-02
-3.582048618024282621e-02 -4.677351908927668105e-03
1.150083512637381337e-02 2.005474657084399190e-02
1.234792743921496287e-02 2.146484489284186670e-02
2.938817774678770603e-02 -3.441991309301695862e-02
-3.216862923710363947e-02 -8.286413224579182793e-03
-1.629321401166940186e-02 -1.122724279649656154e-02
3.309095005826252073e-02 -9.952042518617395042e-03
-1.981986299577816191e-02 -8.270241506511738158e-03
1.518054524907252491e-02 3.186068045853882036e-02
2.243066226122479578e-02 2.333493639001240141e-02
1.263389251344859340e-02 2.965825474237223161e-02
-9.237422588433071707e-03 6.936047321294980944e-03
4.313435398298300083e-02 -1.736802171475226170e-02
-1.114519444542949947e-02 -1.417236151365136934e-02
5.706097016915905040e-02 -1.429825025537641812e-02
-2.736721232424665570e-02 -3.930878055391629280e-03
-3.689463311943141227e-02 2.730334114885333945e-03
-5.203596814520942450e-03 -1.559639925504859720e-02
4.471542631842303356e-02 -1.156264431783579280e-02
9.368993285981477154e-03 2.328606254679945961e-03
-3.171174164302394821e-02 -2.028450861295455748e-03
-5.803501534311122229e-03 -8.717950545090648318e-03
3.201532972687133605e-02 6.047949932084061356e-03
9.705207082323061979e-03 -3.605901462529127049e-02
4.088492897272373583e-02 -3.488062802598473032e-03
5.982397065503422540e-02 -2.071483286789801981e-02
-3.507799810157424814e-02 -7.961165162473573739e-03
-2.032253697607897328e-02 -1.128175950874455271e-03
-9.646762224967422861e-03 2.607742243925959338e-02
-2.301464796986693595e-02 1.145508083227598714e-02
-3.540960302228435969e-02 -1.252607682665276504e-03
-3.448836074609377272e-02 2.875051963525518048e-03
-1.857279780864066684e-02 2.278946842872778093e-03
-2.317098127637325089e-02 9.643537532811490010e-03
-1.301499306516186449e-02 -1.424001767775700221e-02
1.826218508927858128e-02 -1.674116555706599285e-02
-2.916116934045163284e-02 8.755430743151510951e-05
-3.139035164095062280e-02 -5.224964215622058747e-03
-8.093389314985015379e-04 3.460563140155349660e-02
-9.607033935254067833e-03 -1.405201532051004142e-02
1.394437110259822560e-02 1.915066894458533620e-02
1.940307882730036041e-03 1.606894756179141209e-02
6.739961447351676578e-03 3.276335134822028899e-02
1.854667411675799474e-02 3.058644815249212182e-02
-5.325171265302602874e-03 7.576097851702972424e-03
5.071947882421495510e-03 2.060196965758344032e-02
-5.728454806893734132e-03 -2.616730330822902850e-02
3.443035195096699058e-02 2.779131710275553656e-04
-3.690078800270053805e-02 -9.017833035833659880e-04
-1.872956471496776618e-02 1.100145131818893937e-02
4.810884129817807886e-02 -3.702494106846374380e-03
5.319386377766484320e-02 -4.429447840067151677e-03
6.244294373009422194e-02 -2.387000967710259727e-02
-2.766723088728607546e-02 -4.214926337835553719e-03
4.380407668062033522e-02 -4.355972787650150453e-03
-2.184057839896293152e-02 -4.493639750899151679e-03
4.972551373698989863e-02 -1.545886021519587983e-02
1.335580927901668102e-02 2.136471741950169215e-02
4.907298294401884337e-02 -9.895514764779270514e-03
-3.775082522493092979e-02 -2.259428353057548605e-02
-1.656196642504970465e-02 -9.857237980443547126e-03
-2.952206791870282815e-02 8.991057941373980719e-03
-3.186672516920198428e-02 1.182440119791560752e-02
-3.140736006443687472e-02 4.544015612503404973e-03
-1.386738039616453554e-02 -2.315930762943263499e-02
3.987557836766978531e-02 -1.302397567792234860e-02
1.392611607681941248e-02 1.935768167728154146e-02
2.711185944895604105e-02 -1.458662137288481604e-02
-5.412129862566957862e-03 -1.731140496107112098e-02
-1.934878207935546157e-02 -4.460773938918715688e-03
-4.220976679677573840e-02 1.325577456410083343e-02
4.562294121712526240e-02 -2.020890864264092163e-03
-2.276503637845533543e-02 5.982324285197210267e-03
4.333617232040642281e-02 -2.497174016009961681e-02
-3.584290359758654509e-02 -1.397871495863772622e-02
2.679602480050957691e-02 -1.522948159680742597e-02
9.897045587578881531e-03 2.150255510762219199e-02
-2.254927276088774038e-02 -3.675791064557922677e-03
-4.358747200302846153e-02 -1.090244137979992298e-02
-3.664775262722157201e-02 1.708484324970208426e-03
1.319198478544941072e-02 1.557795214675208179e-02
2.445405333382538390e-02 3.218783109388381053e-02
-1.332425119913507004e-02 -9.324003451940697518e-03
-3.179671432047729424e-02 1.276993742862014662e-02
-3.470410178012019176e-02 -4.975313882316386924e-03
4.051953355317300387e-02 -3.294495062167110584e-03
-3.077887953952965910e-02 -3.602407980160200144e-03
-3.421434549712569495e-02 1.283001584393329321e-02
-2.527492805881147858e-02 2.675319084965019616e-03
1.162724070898649154e-02 2.921072873741802425e-02
4.131113753172386410e-02 -7.134030274371348963e-03
-2.739475123058501480e-02 -6.157219163001619380e-03
-2.824947958710480669e-02 -1.640347676723316953e-02
-4.069745887903769566e-02 -5.361297064504872908e-03
6.027248333685086314e-03 3.152496851620673057e-02
4.098357818117324275e-02 -4.306851673893971437e-03
-6.730537188449828637e-03 1.021002486169312988e-02
-2.436416212198107972e-02 -8.259233917836858105e-03
4.788147831167868448e-03 1.801935820129489316e-02
-9.076430372802072113e-03 -1.821131449200262195e-03
-3.266535240755956415e-02 -1.127865238301934423e-03
-1.403174243992501638e-03 1.972676162833890759e-02
-2.237976642860593779e-02 1.121178865648895205e-02
1.278017904315041251e-03 2.416789602619322588e-02
-5.852690547276989674e-02 -1.377054300564923249e-02
4.887264540790883099e-02 -8.075696634825572581e-03
-2.418200539469971336e-02 -1.247879348602392267e-02
-5.573336492391071234e-02 -2.422336723513081325e-02
-2.449047209724445479e-02 1.099998445529137663e-02
-1.314959229061464854e-02 8.695697956438115184e-04
-1.003698515840121055e-02 8.411562119637954957e-03
5.307769866039334372e-03 1.836815877404651687e-02
-4.699724647646112696e-02 -5.827053873826657307e-03
3.891902145966852355e-02 -2.612183532816807208e-02
3.585255980399010538e-03 2.234052567511993562e-02
1.779775460071546592e-02 -2.742039651099862849e-02
1.304650073851562619e-02 5.391098313353261291e-03
5.184386467284662903e-02 4.315272129024299262e-03
3.000544356892408809e-03 2.094653429000636891e-02
-1.225726684000392856e-02 2.743830209475800475e-02
-3.563161128311951448e-02 -8.446056526348113061e-03
-2.222178546708362262e-02 4.006592682871429334e-03
-6.391108858583927424e-04 2.015537881625625860e-02
3.678002140924309382e-02 -7.840191724592505615e-03
-1.313991824400380891e-02 -3.145762919475959861e-04
-3.081341674178660062e-02 1.463804517053293383e-02
-1.525932957121835590e-02 -1.910841092201910965e-02
4.916549701360904689e-02 -1.407516415292149950e-02
-3.636779322291167071e-02 1.614136238567858567e-03
4.643449743171716021e-02 -1.249095156366651464e-02
2.250602500747140786e-02 4.868086881311036070e-03
1.830205692605857068e-02 2.479214511581283309e-02
5.916387422871428881e-02 -2.361182006765298949e-02
-3.436123210526847820e-03 1.521839371567309737e-02
-1.372955548240024221e-02 -1.427252919121992959e-02
1.271190150461642097e-02 3.917472160856429880e-02
4.465833224660124834e-02 8.444463897986814391e-03
1.419806702618535768e-02 3.614982768553635928e-02
3.697708852190141615e-02 -6.476409414409209017e-03
3.597998534045208224e-02 -4.394531016406400675e-03
1.841171811559554061e-02 -2.344235579788910093e-03
8.533933197806766900e-04 -2.064253942957632818e-03
-2.652939810743397409e-02 4.308692716352977188e-03
-6.050819788270654295e-03 5.070790992128579311e-03
1.352389788251832752e-02 2.504682854055606187e-02
3.442352689311242286e-03 2.730749556110391787e-02
3.580089424518739100e-02 1.604054605769772391e-04
1.459404458571008679e-02 2.414585246220578296e-02
8.988895894947343881e-03 2.732152885162626027e-02
-6.958585120288449978e-03 -1.399260558667215354e-02
-7.797845731909586187e-03 3.014325210885765091e-02
-3.217927534482445395e-02 -6.507892513398007631e-03
-3.298838022894341922e-03 1.014380892481468125e-03
-2.479627042314698840e-02 -6.346747792820183441e-03
-5.087099290370118015e-02 -1.309424174438339646e-02
4.908137277256174880e-02 -9.881942326283478864e-03
4.062026479554813226e-03 2.240979998875144291e-02
7.764949185990874768e-03 1.790767590451761496e-02
-1.253062157359053665e-02 -1.739104993058598544e-02
4.017171509071078978e-02 1.019829182572241401e-02
9.014309315271232595e-03 2.640563768511419718e-02
6.292337746139068343e-03 2.658315674597763398e-02
1.588125515982296773e-02 2.817760712161647071e-02
1.232542272942148756e-02 2.527449701865312412e-02
-3.066264839055186237e-02 1.682382497743354190e-03
-9.356297773491274034e-03 -2.046629471513546072e-02
1.975279694129558963e-02 -5.005756130007173524e-03
-1.370431449071634299e-02 -1.983890530998400070e-02
-3.587801131224992862e-02 1.958438421685847544e-02
-3.528489657504228771e-02 -5.865102933693798351e-04
-7.661242216853694255e-03 5.739763085304499081e-04
-1.814028927480660497e-02 -1.894506633318813679e-02
-1.734213674408928083e-02 -3.791881212789418015e-03
4.300126122755471014e-02 -1.697367200814045921e-02
6.488325168312179814e-02 -2.374747478424079836e-02
2.586244425918705209e-02 3.581226511626828951e-02
4.932419392694047805e-02 -1.633146461272718189e-02
-2.555901574913646600e-04 -1.988688574816425969e-02
-1.592157628589417964e-02 -9.381914207092296315e-03
-2.085206914199788306e-02 -7.811201869918498603e-03
-8.782891943791866843e-03 2.451017467066654229e-03
5.696147195911552968e-03 3.159395059689868585e-02
4.106897887784797391e-02 6.569029860355573777e-03
-2.179954798745662933e-02 -2.835726395115654389e-03
3.645342380772113172e-02 -1.427776482551083512e-02
-1.313979966221761990e-02 8.728530509965605304e-04
-4.601319525184052912e-03 3.364426502004438241e-03
-3.004449099936139927e-02 -6.327836301327338826e-03
-5.066160564850923087e-04 2.108367419769997114e-02
-2.017267578942903011e-02 -3.777384754242543805e-03
2.463210859372849670e-02 -9.757088211762911592e-03
-3.712427328413105826e-02 -1.172395625192219903e-02
-2.467646131452037525e-02 3.566587063677355025e-03
1.302720034002805612e-03 2.308482074071890877e-02
-4.216033027028920355e-02 -1.711143151426231315e-02
-5.378568229772957149e-02 -1.142203121996387613e-02
-8.272933655317995724e-03 1.971627275520331304e-02
9.195975551521380978e-03 1.829180071332134339e-02
2.229760371017967466e-02 -1.974933331990761862e-02
3.055338636779876983e-03 -4.145285761667182739e-03
-2.889977439991932989e-02 -2.841042666471421674e-03
-4.168616003311075013e-02 -5.684178118665374202e-03
-1.578376820407242573e-02 -7.112482588594770845e-03
-2.040627518642846791e-02 -8.807994063240087625e-04
-1.108599290134065427e-02 -1.192400400463335163e-03
-3.364733191168326615e-02 -1.199410181657817624e-03
-2.207457138456478049e-02 -1.570719701577437399e-02
1.549838203525649889e-03 1.740016123023674713e-02
-3.999676977754066526e-02 -7.719336102739813438e-03
-1.473021779557892076e-02 3.173801034004739528e-03
-1.889427429498500774e-02 -1.022665246047355266e-02
-1.401350434194496494e-02 1.445687924073893460e-02
4.521821600793284740e-02 -5.088707423673521218e-03
1.693976205247517061e-02 4.044434144819291505e-02
1.727925482637861915e-03 1.945785998365245906e-02
-2.851913876862733135e-02 -9.317927362421873916e-03
-2.489026439546212013e-02 -1.593619102000508672e-02
6.009019189680961381e-02 -1.143398542295222080e-03
-2.043861926724374264e-02 -1.230099883196917980e-02
-4.456197252785019935e-02 -1.366274067744810417e-02
4.648114936282379817e-02 -1.277843893490786427e-02
2.739111574963842832e-02 -1.739987316029498188e-02
2.451461729551370275e-02 -3.271529371122020025e-02
-2.053117818050991319e-02 -1.225299218061033646e-02
-1.845055896011181876e-02 2.858520479912926918e-03
6.161619110680163769e-02 -1.059460102165078917e-02
5.272405642031737644e-02 -9.159592462224853699e-04
-7.785001836113566130e-03 -2.637077056296140750e-03
-5.648591076849060651e-03 4.589465481211666906e-03
5.701661120409085015e-02 -1.777479228815494888e-02
7.257089470940095502e-03 2.284709150270476316e-02
6.601604028439872485e-02 -2.031153120152816294e-02
-2.393680304128328537e-02 -7.733674466334135647e-03
-1.187776046708720855e-02 -4.630477729469430204e-03
-3.798302995189425935e-02 -1.119810688124968194e-02
2.087024747598971702e-03 3.259032515570825517e-02
1.844567236340916017e-02 -2.379156833704226814e-02
-1.570525597062162951e-02 -1.623109155038180915e-02
-3.145818148563137712e-02 -1.183961061731899495e-02
-1.078515013571048307e-02 -7.992873390583856222e-03
4.052211581215377917e-02 -2.656439172377166816e-03
-2.782678207516764424e-02 -5.737509793828993870e-03
-1.399174922997769611e-02 1.486459228299767329e-02
-1.626492970337719895e-03 1.322858829261905345e-02
-3.545362660653069570e-02 -2.718624450187170742e-03
1.196965510013027652e-02 1.995022705822127596e-02
-7.443134665573037344e-03 3.163315828127461621e-02
4.625395262126742041e-02 -1.929577459595799294e-02
5.184433110104944009e-02 -8.404264919665015848e-03
-3.325262531345230671e-02 -4.432668997002009448e-03
-2.702237059559049054e-02 -1.187582547809972432e-02
4.187819289853018066e-03 -3.531146117885018351e-03
3.193554005843108473e-02 -4.069071106047064852e-03
-1.116042662553929678e-02 -1.422589453937395457e-02
-1.281997578599265546e-02 9.635642364501226980e-04
-5.701958678428713928e-02 -1.425015526113741944e-02
-3.996543303183070633e-02 -8.871531187498632497e-04
1.588591872798216648e-02 -1.799152666795066427e-02
-1.091701663401716330e-02 -6.510499728996413903e-03
-8.944027638186325194e-03 -4.534367411663728907e-04
-2.257189238499912945e-02 8.551662349571005628e-03
-1.533634473351859831e-02 8.057620616445508935e-03
-4.812541908141150862e-03 2.442564472430129238e-02
-1.424484141865666083e-02 -1.820207740724182066e-02
3.280284031569368625e-02 -1.119968438037084561e-02
-5.982665968000647899e-02 -1.785584588564832070e-02
2.604033600520566302e-02 -8.718760812918918690e-03
-1.821016378327003360e-02 2.181439395310163425e-04
3.536725182343635615e-02 -2.979121304478245941e-03
-2.996398880528171674e-02 4.443093678504782262e-03
-5.800101908855573481e-03 1.446200596677596657e-02
-5.189088296909247222e-02 -1.084931809856839839e-02
-2.790162220028572296e-02 -1.914828678051585728e-02
2.348358847569015015e-03 3.279212337938213623e-02
1.856482839333050902e-02 1.463724438952011819e-02
3.123147693615012030e-02 -2.266318935368527576e-02
4.459263766341598455e-03 2.338499960485109289e-02
1.237223000247278035e-02 2.451228879729243706e-02
3.691640373630991970e-03 2.297148779899963258e-02
-2.421482415968691931e-02 6.929779532356407715e-03
-2.380079541546853070e-02 -5.077162965262831985e-03
-2.673284734589800524e-02 -2.084800023727292895e-02
-4.351260563877679122e-02 -1.191674806101958306e-02
-1.924580281766900131e-02 1.613475246377936347e-03
-1.709366522027796695e-02 9.601248805045835494e-04
1.359906094219837103e-02 2.148611928289772405e-02
1.407817439850953499e-02 -8.442406053693915155e-03
1.130934720100225648e-03 2.701918676796594490e-02
-1.056538372568573744e-03 -1.164635079889064610e-02
1.265126495956972463e-02 3.189623804841790200e-02
-3.042725907202844041e-02 -2.087999629438898243e-03
1.397950616476103733e-02 3.000366913748344147e-02
4.938595900893265334e-02 -2.828810772014438493e-02
4.227296250662888888e-02 -6.271489762989514334e-03
6.301977191630699429e-03 2.367126531676874007e-02
-3.914751704203742882e-02 -2.007950993359044686e-02
-1.581641442759167127e-02 -1.027052329603173400e-02
-1.981192355217077650e-03 3.264768493775662556e-02
-4.083400672538993470e-02 -1.890746038348266322e-02
4.389727249439903667e-02 -2.356197883889615471e-02
1.912335268057416271e-02 3.686880245098190460e-03
-5.125690280187067578e-03 3.058522034365364003e-02
4.434537019883780240e-02 -1.752659114879432170e-02
1.177985847672038261e-02 2.982029354177310326e-02
6.374557846430181467e-03 4.622435391858748834e-03
-1.929111563613350802e-02 3.638803029482118052e-03
-2.864653417641849220e-02 -8.834384393614400435e-03
-3.378646687610965815e-02 -6.999813215435570987e-03
-4.382401907160533502e-03 1.097760446002142391e-02
-3.779401356403282175e-02 8.249423510525152404e-05
4.582221924503687704e-02 -1.341204227365261521e-02
1.303706156502955349e-02 3.011364387170561291e-02
-2.873932437054358899e-02 1.372278331133475193e-02
-2.260563248655004034e-02 -2.229872788474445214e-02
-1.225758287226530810e-02 2.250723051569525346e-02
-1.816070647910569477e-02 -1.019754314679807358e-02
-1.746691551561756206e-03 4.415387682240747708e-02
5.532656157864851432e-02 -2.343459673083816627e-02
-1.646919271939654289e-02 -5.305846794023109762e-03
4.528213336238389591e-02 4.021324789516605470e-03
-4.439845105759363669e-02 -2.418704589870322719e-02
1.445114287252377214e-02 2.905384434101992985e-02
2.945601290335689987e-02 -2.637924365759626620e-04
5.785603991140688893e-03 1.930976012583383167e-02
7.250657973685329608e-04 1.770344825646266024e-02
4.455409773039086321e-03 1.004959400255942339e-02
-1.869604164144900160e-02 -2.385395933494739371e-02
3.137511668978605617e-02 -7.752634267760822630e-03
8.817429663348582553e-03 3.072415650608843057e-02
3.563744805494864498e-02 -3.360314366095157757e-03
-3.791878477474818192e-03 3.235091100867895642e-02
6.858781505953682155e-03 2.146565001072252635e-02
6.259203920127080940e-03 1.490844127927161422e-02
3.468863255640197707e-02 -2.914028016099993318e-02
3.680815850700459857e-02 -8.959953692298266992e-03
-1.381845931784842114e-02 2.750807946387320152e-03
-1.508511643661189332e-02 -9.530280983893480926e-03
4.517847598785679902e-02 -1.465241732539103274e-02
-1.524491457198968135e-02 4.651487554862214057e-04
-5.316312027573407567e-02 -6.504377499444339607e-03
-8.492055262479723809e-03 3.540561513139067751e-02
-1.995878810178247295e-02 -9.506581622331401749e-03
2.548133741724543933e-03 3.251031385173575039e-02
-3.997698557523580998e-02 -8.311492439416293468e-03
-5.801774048599092626e-03 8.717569428554994976e-03
1.826625527131178414e-02 3.516934366147569935e-02
3.051388785006202767e-04 -1.573497435243084719e-02
-7.492723777670535351e-03 -1.078056143543149048e-02
-1.150817385309613021e-02 3.403654745339778492e-03
-1.008504111906623375e-02 6.525979835635204590e-03
-1.985880589443314581e-02 1.259898139869431583e-02
-1.189815512918368165e-02 -1.699506283052223954e-02
-3.112873439406627432e-02 -1.938919805732515142e-02
-4.098176636680291723e-02 -1.931350285404984449e-02
-3.164696785948962338e-02 -1.081554561972974081e-02
7.865792142997223013e-02 -1.559374635953930492e-02
-3.757433743836839646e-02 -1.128088285495071168e-02
6.078498738285234571e-02 -2.193130211023426937e-02
7.894333258844497825e-03 -7.624469535823057836e-03
-1.707237580970856830e-02 -2.078322626006428794e-02
-2.850165143940340887e-02 -1.358544848324934329e-03
4.210442210498687582e-02 -1.286432666774880995e-02
4.194998807751646602e-02 -1.070525231719876569e-02
4.304552298103763580e-02 -1.998618889309742783e-02
-4.394404680198160142e-03 1.899819496930384502e-02
-2.014226256727885689e-02 -6.243330742760374967e-03
-3.215697326126762401e-02 3.358627601468437002e-03
-2.025375877819995604e-02 -3.884876337469723388e-03
-2.440027318864738254e-02 3.649559176537433246e-03
3.522984919857666264e-02 -5.462148493731228648e-03
1.443690289653692255e-02 2.611024445955465595e-02
-1.446739001255963400e-02 -9.733947453754053167e-03
-2.718168826770619648e-02 -8.508849081621697868e-03
2.827290403937248245e-02 -2.291386524417198325e-03
5.619578088617847161e-02 -1.392530190956068996e-02
1.273673160433659753e-02 1.969556810305285802e-02
4.299995649436343798e-02 -5.316662471014127651e-03
-7.001590349670156789e-03 1.990474244954601804e-02
4.367180991005656897e-03 2.885256486141155215e-03
4.463587366864125994e-02 -1.819694354008222215e-02
4.414021325796638542e-03 -6.482815275805529735e-03
8.557678627299575985e-03 3.009620978575256942e-02
2.482099800472130618e-03 2.433649121462209616e-02
1.078161503040305988e-02 1.600856622541052196e-02
-3.826774508673316116e-02 -3.530358648694776268e-05
-2.468910042172325903e-02 -1.249801947729177638e-02
1.959206870326431552e-02 3.412956663465416957e-02
1.665799816398150918e-02 2.464170427563656257e-02
-8.032620792520343486e-03 -1.219299441837366034e-03
-2.397085592395859291e-02 -6.116764964545458490e-03
-1.540346263788075140e-02 -7.587963109066382314e-03
5.835210267644058008e-02 -2.304359979175768514e-02
3.292683714673412532e-02 -8.097373621137760741e-03
5.470587791035175576e-03 2.615207655885544435e-02
-4.935412377073563478e-02 -1.339379591209008923e-02
-1.912585362945751905e-02 8.139474033705655295e-03
6.995754389209657854e-04 2.348230341403240162e-02
8.249921080077356195e-02 -2.008995192335513713e-02
3.872296106527158693e-02 -1.203938281221010121e-03
-1.868693158520677230e-02 -1.408977671799610185e-02
4.995775659085850175e-03 2.627241924457174652e-02
1.130794693400340688e-02 1.979726055133862808e-02
-8.835762629432010462e-03 1.971249302857767081e-03
1.043054763874765208e-02 2.193289690562560609e-02
-1.263841231864721096e-02 5.583813845961529097e-03
-2.695954443234110584e-02 -4.539560973127609519e-03
3.005671980481619196e-02 -1.768641189119299698e-02
1.305736908342044859e-02 3.486882634017914734e-03
-1.238986340670780381e-02 9.244334754293279631e-04
2.912136695108818313e-02 -1.374920467661429509e-02
3.703705464719008605e-02 -2.780923972008677789e-03
-3.454408262061074621e-03 -3.444641372201358732e-03
5.184546565297019904e-02 -7.505590866966530168e-03
3.277860505684276199e-02 -2.064692451214942062e-02
-3.035837690873174205e-02 -6.173337352526332006e-03
-2.124207699493449800e-02 1.707841460138206056e-04
5.178369838260377805e-02 -1.253083541530228620e-02
4.854643866430552457e-02 3.734918428362633824e-03
-5.179619144551882853e-02 -8.396697203064016832e-03
-1.712210047679674219e-02 -9.048839875475408676e-03
1.686014844735239313e-02 2.912510725900000624e-02
-3.537465858862927359e-02 -3.854867857420264231e-03
1.860893853568889797e-02 8.449026156295337889e-03
5.980618344577223744e-02 -2.203251222459083267e-02
-3.061129723898458471e-02 -6.709457554336310629e-03
-4.855646575178233088e-02 -2.141149696389548981e-02
8.207976104651714235e-04 -1.944430275974062860e-03
3.829807898915666559e-02 -2.897211136775125137e-02
-2.422882743734341288e-02 -9.018833084058488006e-03
-2.695663337881500435e-02 -1.163524082470939781e-02
1.562039303186497224e-02 2.804363795049196958e-02
-2.252994791518053274e-03 2.151459943707163813e-02
-1.260157190973744054e-02 4.555657577883755020e-03
5.486312316055936417e-02 -3.841455959952287495e-03
-3.514089717696051995e-02 2.131888475671733091e-03
4.619091261866711817e-02 -1.658161605282294435e-02
5.142699807618174301e-02 -1.344219874055184796e-02
3.479559091893772577e-02 -1.266745281323867871e-02
-2.173419714489032220e-02 -3.772742469028267549e-03
-1.534612885756882951e-05 -2.071905230964572048e-02
-2.996233840443733761e-03 1.593249549606892343e-02
2.891238552226784234e-02 -2.292160096852407722e-02
1.515935264978612515e-02 3.231905077783851082e-02
1.890375488757122316e-02 3.054229237334716782e-02
-1.138639171110065670e-02 -1.678433162994897102e-02
5.794640416542545108e-02 -1.751896014681992436e-02
-1.700494021228127206e-02 -4.293639558410802977e-03
-4.069134717332002771e-02 -1.542975631190895806e-02
5.567419759334542827e-03 2.604809959091846511e-02
-2.991266474429474242e-02 -1.199484180320265804e-02
4.109967666423076926e-02 -1.922711280425463617e-02
-1.043513025455757547e-02 3.077630838702426208e-02
4.223446585650559031e-04 1.793274366924329719e-02
-4.529508550639268355e-02 -7.656404923767867222e-03
-1.275740107751436626e-02 -2.450675283305853852e-02
-1.185028030729263354e-02 8.547292099481384672e-03
-3.755861317447322517e-02 -7.868774184383583309e-03
-4.964411513654130859e-02 -3.046048449627165519e-02
-1.577136427718341897e-03 -5.009666977476137650e-03
7.703580089707502514e-03 2.373887705959589617e-02
5.342157228887857434e-02 -2.087858488898385045e-02
-1.002383866906117124e-02 -1.011844159892254409e-02
-1.881525295927027538e-02 -1.783288802289070135e-02
-3.085821582066730281e-02 -6.625008582161070157e-03
-2.508272505419695871e-03 4.715581714156140305e-04
-2.202529059990302601e-02 -8.351554192235268251e-03
-2.050402028757844410e-03 9.187408126420259667e-04
-2.055480829662349046e-02 -1.130727988956883607e-03
-3.102001323008505423e-02 -3.478876698501615593e-03
6.178752718678817875e-03 9.656493201609096105e-03
3.429890913820448500e-02 -2.045588959613785229e-03
-1.163623165796557994e-02 -1.268865939110110086e-02
-3.890907806749215048e-02 -1.691483918777233683e-02
3.792828008101797876e-02 -3.956264928173673472e-03
-2.238181530062705385e-02 3.108793442674397025e-03
2.918620030917205149e-02 -1.980715778814211639e-02
-3.934368923212495754e-03 -5.357943364670647406e-04
-4.025079832727435775e-02 -1.685334491072770096e-04
-2.081155949947098571e-02 1.512967882260634125e-02
-8.167398443460157677e-04 -5.075891589212342889e-03
-3.903756571135962288e-03 1.167198959721021077e-02
1.014355919128030747e-02 2.109060289986856851e-02
5.535270936635811739e-02 3.826649466073313733e-03
-1.856705893567156410e-03 2.340184945266506403e-02
-1.085716857115781760e-02 3.016548258337948662e-03
4.415041748939837855e-03 2.080944796369033761e-02
-1.050560293630791071e-02 1.270081660269541893e-03
-1.029441965894887720e-02 -7.996395229527122894e-03
1.539577397116375680e-02 2.430700659145849235e-02
3.593123619126659118e-02 -2.589985817966765011e-02
3.401122663363118363e-05 7.588039607116271734e-03
3.074349651345673409e-02 -3.590513769972828264e-04
-3.633408109295450245e-02 -4.351785539548232856e-03
4.355388217741361367e-02 -7.362869860861809973e-03
2.013900891749282468e-02 3.063019816681045865e-03
4.083340553124514133e-02 -5.448197913098168366e-03
-6.448735953823786157e-03 4.190379055896664403e-04
-2.494766094609964305e-02 2.442493238196166792e-03
2.235461653746021946e-03 1.172694086210970300e-02
-3.492210474458342772e-03 -1.687822888814031336e-03
-1.141207329449653134e-02 -2.473466076726695429e-03
-2.618896919738287338e-02 -3.674316537706022023e-03
-2.792753554561211091e-02 7.654710361265514365e-03
-1.989343371659842499e-02 -1.120068670397773858e-02
-9.750382255238686235e-03 1.898875043299309492e-02
-5.377542156643908000e-02 -2.333065151215453492e-02
-2.310760414278736213e-02 -1.053858682229021071e-02
-3.089283450165427811e-02 -8.683162232553767387e-03
4.094401055174677617e-02 -1.625924067272471740e-02
-2.260170396517133598e-02 -4.824745868126209449e-04
-1.445680476010095111e-02 -1.182160483479060241e-02
4.826784062302513084e-02 7.789946683283130230e-04
5.137967924720759222e-02 -2.023888200752899796e-02
3.912206332269855397e-02 -8.868094575107451222e-04
2.859180403584840255e-02 -3.079983248450587213e-02
-1.922362050675177278e-02 -3.157821356184741749e-03
1.848296126070139711e-02 3.383346061224826867e-02
-2.194371440756050576e-02 -1.052050815526085759e-02
-3.001252877024163102e-02 4.055860690664825352e-03
-8.544783147269076080e-04 2.458775222633417107e-02
2.180721709782774617e-02 3.600188718677807542e-02
-3.669859834829394818e-02 -1.033002715150111925e-02
1.007734124174654126e-02 3.368594182334713749e-02
6.399471475761073225e-02 -3.047869171276387790e-02
-2.591030541299761680e-02 -1.080028003293456718e-02
-6.502347830193179294e-03 -4.032483479231439155e-03
-7.954592582316266300e-03 -1.033587491729763899e-02
-2.274609003598286952e-02 -1.850663372186875507e-03
-6.992474217883918632e-03 -8.007373099570697095e-03
-1.842446451095164708e-02 2.199814534970985502e-03
-1.555407271562483235e-02 -9.268581441265197687e-04
3.804654664238708850e-02 -6.317646818690863045e-03
-6.576825577863917860e-03 -2.549329538701068480e-03
2.603975957226744090e-02 2.385923530373314574e-02
-2.439647546655630134e-02 4.125857221315254561e-04
5.606434223386595056e-02 -2.276170155837989664e-02
-8.612940233953463726e-03 4.177569384054978692e-03
6.621793661450289456e-04 3.408924353467451124e-02
-1.401209327509093071e-02 -7.299990816827179804e-03
-1.472090073695482559e-02 6.359059454673110165e-03
4.768299884094450575e-02 9.188360449274701877e-04
-6.531595628422953714e-03 -1.178895758952385776e-02
4.955620444455319240e-02 -3.778012922814519975e-03
3.589308991207331573e-02 3.129074402157873414e-02
-1.732596700315786054e-02 -9.578949731919736421e-03
-3.991177359706554045e-02 -1.279450545177704054e-02
1.574968350121582275e-02 3.581086666620728748e-02
-7.724191647050132267e-03 1.106686441850378722e-03
2.855194626652605375e-03 -7.746223458105182258e-03
-7.435185688456398198e-03 -2.563591079298969348e-03
-4.061897080607172056e-02 -9.360911257578636560e-04
-1.313044106270943624e-02 8.557093422723958259e-03
-7.774867762395921110e-03 -1.314259023332139086e-03
-1.694776391966140022e-02 -1.027108525112785040e-02
7.379344278022622640e-03 3.091447387955351470e-02
2.153567988914927012e-02 1.746430318032726747e-02
1.241097748257659426e-03 3.389148103964545987e-03
6.251443041862426477e-03 2.047462063545123223e-02
-1.585233359397794986e-02 -9.289575451735320594e-03
7.057672700678089411e-03 1.473668203638355163e-02
2.635063147531550853e-02 3.735042105028222453e-02
-1.631385116303739335e-02 -1.052722070593541809e-02
1.000167112379359360e-02 1.722969538966905370e-02
3.543227006399210510e-02 -6.537619768715159825e-03
-2.326813199656177153e-02 -6.562374729207767245e-03
3.292591147966072301e-02 -3.897695089443034208e-03
5.022412880889928072e-02 -2.046731429339910830e-04
-1.435648540353965698e-02 -8.119617536474206185e-03
2.115296600523614359e-02 2.408832936568655950e-02
1.323331336288406483e-02 2.865437134275348671e-02
-4.352696236401910196e-02 -1.287151409063827870e-02
-1.020583757325291968e-02 2.138405377812057501e-02
2.682080237615653423e-02 -2.289339631684318005e-02
-4.305278058080729692e-02 -1.508781476014714462e-02
4.971665073822992276e-02 -2.027770162124473488e-02
4.719815172839813416e-02 -3.503493818760547440e-02
2.946112021495529178e-03 7.870345578383123458e-03
-3.890447088238008048e-03 1.471954257649080861e-02
5.823326232791836005e-02 -1.199167808364988083e-02
3.386201353566581970e-03 3.609724427926243318e-02
2.611076697005266720e-02 -2.199670894589151118e-02
-3.717687854427098593e-02 -1.244276932692146669e-02
-2.934049230875630451e-03 1.272977219742356695e-04
-3.763072319056801757e-02 -6.659481422359446977e-03
2.093203669536284478e-02 2.862434260904087382e-02
-1.701998051452176600e-02 -7.672740512039017031e-03
-1.993884398573287850e-02 8.013846937175994611e-04
-6.372444402876038805e-02 -1.368658441473917693e-02
2.798014120092572402e-02 -2.500913766611542396e-02
-2.145815663992820671e-02 -1.438036011211800760e-03
2.880327050844560741e-02 -1.060342432461178729e-02
-1.019301125970821856e-02 1.095569996633684318e-02
-2.322719012605717684e-02 -9.206271527407498129e-03
3.968312050754719406e-02 -8.128736966305952910e-03
-1.691070137757545635e-03 2.861299866553755622e-02
-3.716219248200526744e-03 3.090999180290958034e-02
-2.304777754483295846e-02 -1.655635395459551656e-02
5.005302791991877998e-03 2.292127360542779366e-02
1.913529559385065970e-02 2.305389605133682795e-02
-3.728850207612242895e-02 -6.505066586860269034e-03
5.362844348794096327e-03 -3.623316822182557620e-04
4.060660536981479905e-03 1.228545439990719581e-03
1.102665713190263339e-02 2.477473578065072721e-02
5.174354716691625250e-02 -1.825089541956954192e-02
-8.831940793474346921e-03 -1.560484588655895299e-03
2.972204662752189405e-02 3.989849299350100437e-02
8.447440443082206846e-03 2.477871505243656181e-02
4.405011724658450777e-03 1.740453914618099798e-02
4.679884603487139208e-03 3.155585132988369956e-02
5.912365031659420032e-03 2.189896230284415699e-02
1.665335432918683967e-02 2.400099195968767585e-02
-6.695449165518970944e-03 2.109609350301373549e-03
-1.244889244682266354e-02 -3.251934612625249736e-03
-2.553796541152244387e-02 -3.402053883166942724e-03
5.720423430527888167e-03 2.401738528275204967e-02
1.152176033303702052e-02 2.844210360770808507e-02
-1.583042340707467577e-02 -7.444292723772607742e-03
-2.484565841713979803e-02 9.226522963364852323e-03
-3.234873053392540998e-02 -6.103956371820407588e-03
5.202148506653327988e-03 3.014216547679877956e-02
5.394483676473402212e-02 -1.773521892220539242e-02
-5.532593713575825745e-02 -3.136788372860080387e-02
-3.391946800953034996e-02 -1.470199845348319108e-02
2.238400318222820082e-02 7.362538776759871770e-03
2.016671611993127097e-02 2.236360796391371336e-02
2.170397578882630758e-03 1.603833118522253465e-02
-2.033173671119884590e-03 1.023057372656709790e-02
8.374536080108038391e-03 -1.245362636530080412e-02
-3.742120023677312363e-02 -1.125145610618389844e-02
-1.612258770522852864e-03 -1.729228593613249890e-02
-2.716097912370156117e-02 -2.383197964644943878e-03
-1.980306215016202492e-02 9.642099294572870766e-03
-3.451533242920473699e-02 8.193408392986432573e-03
9.823174457775611310e-03 3.210398614264244228e-03
-2.641940446381969496e-02 -1.022839200048535242e-02
2.619605217300950348e-02 -3.391617840368085779e-02
4.219432766435376493e-03 2.499020860426717783e-02
4.338883512891244382e-02 -2.043850615331594973e-03
-1.644523096151775249e-02 6.720464213110306957e-03
-2.333017978718055635e-02 -1.168400192745153512e-02
-1.878590688567028169e-02 -1.865780346989384100e-03
-3.143400669949157622e-02 -4.668589795613833394e-03
2.010785515821257845e-03 1.800119501776316008e-02
4.662937684784510678e-02 -7.367605530759406204e-03
8.257358577542820224e-03 3.068715680448798680e-02
-3.082291001402262184e-02 -1.144116659897656541e-02
2.109799945306890454e-02 4.008960581381264265e-02
4.854561660674218751e-03 2.120972181574766469e-02
1.022194026101743564e-02 -1.489235513708995866e-02
-1.594123391479674440e-02 -2.469312027872808818e-02
-5.893938940537774007e-03 1.497905716510402989e-02
-1.930931157032176118e-02 -2.068816437455235635e-02
-3.495063853896818173e-02 -6.595288025845680129e-03
-4.215909252544085967e-02 -5.174785488933712199e-04
-1.344670149715005737e-02 -2.664564366125784112e-03
5.373866689375501188e-02 -2.795939767423337094e-02
1.250782851913357675e-02 3.198814578469195286e-02
3.273553045080487139e-02 -2.175944133509589290e-02
-3.139191623355432753e-02 -1.474508022248481424e-02
1.818335725557585977e-02 2.517975714998703721e-02
1.284706452138878531e-05 2.630999219258534083e-02
-2.856156407007851700e-02 9.432580342793466010e-04
9.687359867876499386e-03 -1.388520710940428435e-02
-1.068685021635012132e-02 1.741626670550490072e-02
4.796298359221325830e-02 -2.306392549435943781e-03
-3.137215468006909758e-02 1.439512270389723628e-03
-2.160163571119223802e-02 -1.921439715166591358e-03
-1.733511760388486284e-02 -4.458406269459233183e-04
-3.019758002809807065e-02 -5.886838162327896057e-03
4.568530401735263619e-02 -3.365003415387978446e-03
-1.024242082865309093e-02 -1.062753762941185884e-02
-2.559760717937450275e-02 -1.097301806628795014e-02
3.174867985013143240e-02 3.146163679002887334e-03
-2.204981249125661721e-02 -1.463264342804871873e-03
-1.152933793238260750e-02 1.124351866372742641e-02
1.755951549311359633e-02 2.368024399176840711e-02
6.879146133669460095e-02 -1.673627494328041448e-02
9.684873195479330732e-03 -6.365616621206068512e-03
5.021467365977163450e-02 -1.502189532418292742e-02
-1.460576948513016109e-02 2.575613512958650417e-03
2.249326759612110815e-02 -3.513772788253462231e-02
-3.228034549616264764e-02 -1.487700063805909474e-02
-1.924515386593102229e-02 -1.176934877395629381e-02
-5.274192738119154455e-02 -2.545795679269838296e-02
-5.296746341069246376e-03 -1.084681859879658246e-03
7.620974128545998476e-03 1.630829509798022853e-02
-2.327529989647114314e-02 -4.044635141609321909e-03
4.120976888703073437e-02 -2.998536194591240947e-02
-3.364940698288721582e-02 1.321728467727276667e-02
5.950667999117012844e-03 2.399435005944802052e-02
5.016386648665951097e-03 -2.638147033880214581e-03
5.059559871340146148e-02 -1.546740290122728713e-02
5.683086267456018831e-02 -1.947580695925389335e-02
1.482743033965778015e-02 1.868736166139900803e-02
4.044282797138753355e-02 1.366880066432046284e-03
-1.749699567267481298e-02 9.612968771459413225e-03
1.663460310672721515e-02 3.896693447929831799e-02
-1.736987531483236841e-02 -1.798835851291372828e-02
-1.272823940592239349e-02 7.821866012184265984e-03
7.899546535661683758e-03 2.269556789621744036e-02
-3.490081054010223810e-02 -1.194593904910349474e-02
-8.488528741961736583e-04 -1.372402194356383588e-02
-4.576886420961759870e-03 1.446888705948144553e-02
-2.221907779552660667e-02 -2.102848914905611558e-02
-1.115929882767622075e-02 6.457729337177437606e-03
7.518614552198411849e-03 -5.654997138162138996e-03
-2.487549075037136237e-02 -1.364629296609930383e-02
-4.874309703321883652e-03 2.310071325854707106e-02
3.635471881078134598e-02 -5.426027802935654530e-03
-4.269940572302902138e-02 -5.562023430245353374e-03
-1.756741023604985186e-02 -5.086144450400679334e-03
-2.075512781752122601e-02 -1.072730644950345945e-02
-6.206949416335433810e-03 -6.104715001952274421e-03
-7.269436258083861353e-03 2.120354862565395140e-02
-3.987429041314100725e-02 -1.529539916989716350e-02
-1.756822835508560152e-02 -1.473075879600548900e-02
-2.798318744509392317e-02 -9.632225423854097121e-03
-5.568600500909287598e-02 -1.258133678804346754e-02
4.539143263520661886e-02 -7.567690290854375487e-03
3.389770960027407160e-02 -2.779612443196625982e-02
-1.166479289886362958e-02 -1.944640408889014918e-02
-2.522674723586433576e-02 1.120608422670270896e-03
-3.979186594691078160e-02 -9.577619648940686667e-03
-1.557907502887746938e-03 1.257887510872016806e-02
-2.311127767441588203e-03 3.062230539661384490e-02
-1.706846446908560910e-02 1.154819179164706840e-02
-5.836476757444077762e-02 -1.157921561618967254e-02
5.249003228654254560e-02 -9.651868247700789646e-03
3.645900841592000091e-02 -2.434577143876962002e-02
-2.637423500665470391e-02 -4.073119683035922138e-03
-5.662353414079267580e-03 -1.083188467895993511e-02
-8.191607176083288630e-03 -2.278510813419257555e-02
2.176751201673981714e-02 2.725941814947149128e-02
-1.167035549396523014e-02 -5.801789213713858147e-03
4.814467946505536500e-02 -2.517849907094907302e-02
5.627901083407433128e-03 1.628993788682842796e-04
-4.826201603078181246e-02 -1.406089869086902741e-02
-1.039545160148045398e-02 -2.876043443530144472e-03
-2.309996857583271682e-03 -4.299218487195480623e-03
-5.395506717436798771e-03 -3.991862461109897328e-03
-3.174102572876216083e-02 -1.114732458425546011e-02
-2.225726614125592747e-03 3.006508751066928019e-03
-3.992231405889653389e-02 -1.364233926216451261e-03
-3.367739371994482589e-02 6.199683256305263575e-03
-1.738975808343705756e-02 -4.849163308169071075e-03
5.938583270224431776e-02 -2.449017299481804494e-02
-2.261913258989308936e-02 -2.043199930068661293e-03
-1.272881314942166803e-02 -2.864176342306685302e-02
-1.121563698964390086e-02 1.144334183653651117e-02
-3.013258459938111811e-02 7.920552431350182110e-03
-4.988911272566758613e-03 2.242051339701575316e-02
3.491370512096392958e-02 4.177239381302303226e-03
-1.026262017649812869e-02 -4.960417648445487361e-03
1.353344374683705144e-02 3.000788160422542677e-02
-3.817499324380718570e-05 2.212616163310606940e-02
5.533218404813930978e-04 2.312295974590784613e-03
-1.442522876248325016e-02 -3.512857108539254713e-03
-5.072839929007173787e-02 -1.234833087805025861e-02
3.976854045497150991e-02 -1.751045958768809863e-02
6.535494803299124467e-02 -2.299542288116243616e-02
-1.043317321192891714e-03 2.022284377690285531e-02
1.933440782255305135e-02 2.078683269360282609e-02
3.537094250753721608e-02 -2.488204888618506319e-02
-2.135772338293407541e-02 -2.121428197004523227e-03
-4.986144717128776493e-02 -9.745369771690451377e-03
7.245687819599365594e-03 2.407939657358595248e-02
4.434210277303850083e-03 2.518523276807378697e-02
3.849576071615283535e-02 -5.793118941465881695e-03
5.902831393864571563e-02 -2.214766484387054729e-02
3.437880280779194442e-02 -1.260089655517196254e-02
-5.814347840467310596e-02 -5.234152286581937596e-03
-2.075507182091169273e-02 -4.515755747350848510e-03
1.234173281171609083e-03 9.243619488465088050e-04
5.244325166201147664e-03 9.863201765886221023e-03
1.333982458187883691e-02 3.227103681821818365e-02
3.100684463535772345e-02 -3.073710021249555224e-02
-3.582093602104585717e-02 -1.424430122414625972e-02
1.513319751650567084e-02 1.037805825595041614e-02
7.714239792974970748e-03 -1.013815218113776982e-03
-3.843513496930730383e-02 -8.214843567568970439e-03
1.373024248486453582e-02 3.705270829495219825e-02
-1.865543062971845509e-02 -3.562456360606508499e-03
-1.880426232935574968e-02 -3.976256887250277650e-03
4.537056370770468916e-02 -3.914046722773499055e-03
-3.566697778691673565e-02 -7.632254459849966907e-03
1.316837882848165622e-02 2.777793842753870437e-02
5.087222171295566198e-02 -1.817588241347715267e-02
3.168572189790692245e-02 2.358883015410186135e-02
2.784077612684087571e-02 -1.018065691503690015e-02
-2.922857935991558798e-02 -1.553718083152804547e-02
-1.404196942969827312e-02 -1.767119616713859476e-02
-3.559473213940729519e-02 -2.652223607728858984e-03
4.986850446549211807e-02 -2.059335295634524832e-02
4.422322662073144978e-02 -5.768247156450499909e-03
3.110970979843191014e-02 -1.223998423979936676e-02
-2.878709116738940865e-02 -1.486136495318348023e-02
6.213332644021130058e-02 -1.582893030095379461e-02
5.086158770370620289e-04 1.821939279004482215e-02
-2.373233503990791575e-03 2.552309616104165083e-03
2.908153501443203406e-02 -1.528419249113745562e-02
1.699187899416968947e-02 -2.028058975342816178e-02
4.205834740992710208e-02 -3.364144782907849563e-03
8.839568110763950867e-03 3.213966021849048310e-02
-1.510950627743451111e-02 -4.800019514100707305e-03
-3.456363160791512540e-02 -9.966405603542647512e-03
2.059288271639914125e-02 -2.792979244937798811e-02
-3.242899268413052677e-02 -1.587322704091759240e-04
3.944457945951965194e-02 -1.525654184325444737e-02
2.472163022657888204e-02 -2.496116160958233507e-02
1.421301841286188271e-02 6.972186053616938155e-03
2.622131959519609801e-03 2.879998512582566603e-02
-3.075615408541781948e-02 -8.557359528041432253e-03
1.412610683609534859e-02 -1.575543751850520813e-02
4.932566005699250133e-02 -2.799020403468080107e-02
7.605744913589225324e-03 2.939690298605142360e-02
-1.562829153015226138e-02 3.684008337309268959e-03
3.714261974533438707e-03 9.566841420294453294e-03
2.491684381107256777e-02 -2.684723200552771930e-02
4.926766411500139997e-02 -2.270832322321221508e-02
-1.965037165744918865e-02 -4.467609815719466790e-03
1.101515197627315167e-02 1.056833966764545232e-02
-5.571107706141754240e-02 -1.534507262572073864e-02
4.945907585445723231e-02 -1.756657572194386327e-02
3.828492589175384875e-02 3.031282756090757004e-03
6.000052816281697260e-03 2.015328296248654685e-02
-9.628720428381472990e-03 6.409829316960648400e-03
-1.021817059198690605e-02 8.675979100697349118e-06
-2.258961277450009016e-03 3.071516052688623780e-02
4.975546722607731426e-02 -2.816632966708294827e-02
-1.997323385561036030e-02 -2.393529776606326959e-02
2.639098304222404004e-02 5.799388238981025012e-03
-2.555349396410553156e-02 -5.645417577980058575e-03
-2.105652380047556491e-02 -5.971566398834174220e-03
-2.840800518763767629e-02 -2.173296091477103145e-03
1.735920814394522477e-02 3.514055071540048147e-02
-3.220002471816874046e-02 -9.173518090790146531e-03
2.378553403982962364e-03 2.820220060346175298e-02
3.170503692654545735e-02 6.773560001766834593e-03
-1.685575818700315101e-02 3.553700739920448177e-03
-1.796164124948689683e-02 -5.503835097645455414e-03
-1.353868354723191357e-02 3.849681526110594414e-04
1.330030398198090227e-02 8.829615340968616916e-03
-3.421101284582338253e-02 1.587777715309794972e-03
1.462470845798742591e-02 1.829257850212205605e-02
3.869037610235410984e-02 6.590619820778006142e-03
6.446848410326944112e-02 -1.698939465836935697e-02
1.544917391569400507e-02 -1.735710203274111853e-03
-7.345786061225451774e-03 -2.023571594996894686e-03
-9.451425802608170307e-03 1.148631002761325154e-02
9.630350346276744453e-03 2.434381080727534771e-02
-3.543787046840757293e-02 -1.404167111787681631e-02
-2.717172548624760195e-02 -1.045368440926954965e-03
-8.807042378121396342e-03 6.876801991250636355e-04
-3.230745139034763708e-02 -1.492020907322833684e-02
3.763216797045301071e-02 -4.890396712740247009e-03
1.957967549706456090e-02 -1.456131824331410862e-02
-1.763523006557515468e-02 -2.077087383993621219e-03
5.571877679432422903e-02 -2.101659058310560713e-02
1.578092682917491343e-02 3.644634278758895202e-02
9.593564822311134721e-03 3.006312294851587116e-02
-4.203694097332423378e-03 1.415141500486571426e-02
-4.188184668166453073e-02 -3.914914255843121235e-03
2.695420959989582727e-02 -1.906422765877966580e-03
-2.117389786806309071e-02 -1.921501589110957350e-02
-2.502525977536463470e-02 -3.473635530922453661e-03
-2.286834727452961152e-02 -1.608187785121101276e-02
-1.242536785886570391e-02 -4.984334799868185562e-03
-3.213415973886015603e-02 -2.290026247629400619e-03
2.766217716757917583e-02 -1.132635588569786333e-03
-1.559748175107617679e-02 5.372280803753212534e-03
-2.237756914512699716e-02 -1.684245245907492515e-03
-1.502302723317407119e-03 -2.014788983892062610e-02
1.055128204187141990e-02 2.685072100666675496e-02
-2.268704987755792296e-02 6.668819714688482315e-03
1.401038732875133433e-02 3.075217890168265022e-02
-1.412997383530211273e-02 -1.293631763026312741e-02
3.750458034115479455e-02 -9.429179774242863604e-03
-7.456677516778691117e-03 -1.941969939568723852e-02
5.589257412189574392e-02 -1.091679606672990750e-02
4.702377115128424101e-02 -1.853180079373919348e-02
3.178165150671621170e-02 -3.113322403151791776e-02
-2.807902595901623152e-02 -9.977418968610183431e-03
-4.097536566315652072e-03 -9.711120306625187215e-03
1.639804325598080009e-02 3.471921653285262033e-02
-4.378467140994439510e-02 -7.304976419839298227e-03
-1.545831569388194694e-02 1.807677444662731270e-03
3.776748257718391677e-02 -1.201034277536526529e-02
-3.200935689624257591e-02 -9.986130148482482566e-03
3.857088890945613996e-02 -1.294618598542010210e-02
-2.159305053473533839e-02 -1.031306478706771682e-02
-9.193520104492395803e-04 2.858826449179964826e-02
3.266961498182248402e-02 -5.218798362909803958e-03
4.213754512939375113e-02 -1.370696278893600989e-02
-3.779059840339737270e-02 -1.410253528877017382e-02
-7.457860010886933899e-03 -4.544790335977336171e-03
1.097229163971362616e-02 3.365572512285144868e-02
3.889941778452214033e-02 -1.794240266711072396e-02
1.626441565025469813e-02 2.198611758198768321e-02
-1.344321521633080711e-02 4.252568372157053411e-03
1.459287178135104191e-03 2.360794520830145765e-02
3.990770422217296970e-02 -9.138660201185217630e-03
-4.465765059759572303e-02 -1.929191187464350879e-02
1.194680982988919043e-03 2.473306726836480354e-02
-2.011980559772290691e-02 5.467547343258142081e-03
3.258952600054055432e-02 4.292973418291242196e-03
-1.576461122277825894e-02 -4.891206753236774542e-03
-5.067541851204717535e-02 -1.029039713716248944e-02
-3.100283448992498941e-02 -7.594332391342592525e-03
-1.645652145756908158e-02 -9.925535966307425656e-03
3.583378137581132855e-02 -1.135843154822380012e-02
5.721513361221437083e-02 -1.291924928552654062e-02
-4.347597546641799454e-02 -1.154844231454871598e-02
-1.429260228473268335e-02 3.329345671229505185e-03
-1.925707003234545384e-02 -2.975566982986049824e-02
-2.368158774446238457e-02 2.367827733909299084e-04
3.666158339005735206e-02 -8.139303089668687916e-03
4.624622427082494824e-02 -1.496595821655736722e-02
-2.634907828969866583e-02 -9.433404883082068676e-03
-2.597424225378359638e-02 -1.056211264588827886e-02
-3.782177787743544461e-02 -8.140732458293015866e-04
-3.842255471702157865e-02 -1.979927638734806095e-02
-1.910413772864922796e-02 6.036026742206432490e-04
-5.250993170230326690e-02 -1.517921982615214049e-02
-2.263151314765732627e-02 1.918994735457664426e-03
-1.025671335671160013e-02 -1.050161411160821512e-02
-7.128216366068942239e-03 1.021705676309106817e-02
-1.060399885931689185e-02 7.007948623733392148e-03
-3.875360430284737617e-02 -1.342324911170620673e-02
3.897288650775714014e-02 -5.903497909523031280e-03
7.442846563619567868e-02 -1.717136624442710049e-02
-1.045051964307910052e-02 3.312714724387646678e-03
-2.768349288626556493e-02 -7.920225427273165988e-03
1.895876373702344228e-02 -4.269622594685934872e-03
-1.568953612978883985e-02 -2.204292831162736957e-02
6.275914625099892480e-03 4.365131744436927252e-02
1.653202597758872058e-02 2.465159280417181242e-02
2.470703286331441678e-02 2.959030958718691581e-02
-1.875006616808434431e-02 -1.000941716181024885e-02
-1.664172346037850678e-02 -5.855185150661182912e-03
1.311070204443309101e-02 -1.382713546591012943e-03
-1.110813525868122910e-02 -4.237596575658197050e-03
-1.337656875701379380e-02 7.202980273243056973e-03
-1.622343280844036964e-02 -1.932189797561975619e-02
-3.861186090783129410e-02 -2.430972455468510558e-03
3.698775249933600184e-02 3.943646842709371339e-03
-4.045557490876874711e-03 -6.966772548204081504e-03
-3.491866230560064510e-02 2.250774909673730530e-04
1.586178799758175204e-02 4.114001191371233906e-02
-3.937002060471087722e-02 2.401743470042076896e-03
-1.822477149968492263e-02 -6.321270603173820279e-03
-7.409752637624794462e-03 5.534882145612830470e-03
4.217417314250154758e-02 -4.630570117130665062e-03
-5.914702707306564167e-02 -2.041029737069807032e-02
