-3.770713482974182972e-03 -1.731953502801817377e-03
2.302253397083724520e-02 -1.831876178166274086e-02
-3.763413872110576985e-02 2.661436128379218377e-03
-3.942779540083651835e-02 1.289869368217799045e-02
-7.156982765829732196e-03 -4.178121687878214030e-02
2.721886302025552581e-02 1.592875359787838084e-03
-3.775796609155365052e-02 1.073864449240445780e-02
4.084020735019160825e-02 -5.977863997531120133e-03
-1.420833260368667937e-02 -1.997787160378681690e-02
7.632253383077399964e-03 -3.687903203815691422e-02
-7.978431017319004975e-03 -7.703312258674785071e-03
2.530086952242069365e-02 -6.751977770896321757e-03
2.802159567780614785e-02 3.477662954317150765e-03
-4.237625533979298004e-02 7.083119889871155629e-03
-4.122431046436644125e-02 1.498062001255783850e-02
-6.327643668849630178e-03 1.140307785380134317e-02
-1.318541534188566629e-02 7.145920992456687628e-04
-4.931184157193647249e-02 1.347016485647150805e-02
4.061551915870042183e-03 -3.050076327853685695e-02
6.202747712331394166e-03 -3.502284826519813654e-02
3.398908256020480995e-02 9.384442612058783648e-03
1.557439350137154602e-03 -2.840503077151210892e-02
-3.617607517930206823e-02 1.092855792927588388e-02
1.701082134981949517e-02 1.665521036245838638e-02
-1.467003419955006244e-02 -4.804284082330682881e-03
-4.133595936286123262e-02 -6.372296804188080227e-03
2.813118045296448752e-02 1.125009797824942995e-02
1.476658457650040918e-02 9.239382149683552856e-03
1.239744454017421144e-02 -3.284473478910125005e-02
-1.075869718172102430e-03 -2.821083141778410117e-02
2.624057714137750449e-02 -4.272265296035472962e-03
7.931460412524772574e-03 -2.304267640323386448e-02
9.844349906002155745e-03 -2.107873112492688814e-02
-4.402075369468644132e-03 1.085086426784194133e-02
1.624017327721734294e-02 4.002548612950655033e-02
1.629944888928395660e-02 1.071410694312235727e-02
-4.011755292125080558e-02 3.829640157722643146e-03
-8.407382512857827089e-03 -2.491234502678625617e-02
3.127927941648173116e-02 -1.506332926020908375e-02
4.401682777218131337e-02 4.784114436594273656e-02
9.967504043975151939e-03 -2.388730624249370965e-02
3.632858622069446569e-02 -1.233431098305466525e-03
8.077295260610097699e-03 -2.163523585619415296e-02
-3.592789133644182925e-02 3.809470698997985925e-03
1.994278571206069273e-02 2.901202910278872713e-02
2.606462159535088974e-02 1.151121770502137875e-02
-4.924883583987285651e-02 -8.391310294714942469e-03
-5.142316950964646166e-02 1.429736097659047109e-03
-5.391332048045088289e-03 7.676743398968515972e-03
-3.290940922398872398e-02 1.888089749381930554e-02
2.668162320436093943e-02 -1.179480082484936354e-02
1.666586970486118313e-02 2.756177017045542341e-03
-4.767387196279339323e-02 -6.895922661640643608e-04
-6.769396049847274319e-03 -1.480008110385823590e-02
-5.919983040739150958e-03 -1.353990136584504352e-02
-6.298738994034497850e-03 -2.543076033868608282e-02
-6.473994073981802731e-03 -2.264336604244992016e-02
-4.209114021008629469e-02 1.680575822893606158e-02
-6.259966954620174197e-03 -2.394669766608913120e-02
-1.119363570482906876e-02 -2.592882382240973421e-02
-3.834036932782934615e-02 2.080258290726707399e-02
1.006774839109784818e-02 4.103631814244285136e-02
2.322938815009826380e-02 1.014891426697324406e-02
-3.338287691300386578e-02 2.395945105990658977e-02
7.668548604878799684e-03 -1.429796447865471637e-02
1.586042615331812594e-02 -3.294313628335090224e-03
-5.620438175848336410e-02 9.013826768523651792e-03
1.690029007266446656e-02 3.631534322553281891e-03
-2.611691113630442568e-02 1.461635572480948948e-02
2.614677352646483169e-02 -5.727969056800298261e-03
-3.051322538408590343e-02 5.622071946881499610e-03
-4.543896295541077074e-02 9.279787890657966928e-03
3.763618830322019992e-02 3.237610289426701930e-04
8.379274276325650653e-03 3.179493603344211994e-02
2.268100592559171153e-02 -3.546751487778573853e-02
2.240754274612012566e-03 -1.721351984299716170e-02
2.643052221638939395e-02 8.969325853974204066e-03
-1.314027550485459377e-02 -2.563639627541562313e-02
2.382237788643462584e-02 -5.659846051223817349e-03
9.074801465286785190e-03 -1.729306601260337251e-02
2.153706520204919789e-02 2.293886256131936335e-02
7.409761199763078426e-03 3.060763754315807758e-02
2.561624233431608957e-02 -1.936574481609443232e-02
-8.892152466336176661e-03 2.947231869920612351e-03
5.333396981702638248e-03 -2.850498594989573850e-02
-3.166430497165170777e-02 7.202758099566807133e-03
2.908908199224092411e-02 1.271254635168514967e-02
7.263080553411314054e-03 -3.160898156733557562e-02
4.344052998016213751e-02 3.972986827470081916e-02
4.919474011160674884e-03 -1.782435777819369599e-02
-4.972972036554625802e-02 1.584279976808243909e-02
-2.884736310606202114e-02 6.344825646558450993e-04
2.373592949030296773e-02 -5.781928057944190659e-03
4.757543363261251129e-02 4.260211930321800011e-02
-4.222715592359342629e-02 1.110490826578562629e-02
3.327355289591101689e-02 3.939956191363723492e-02
1.465212219103951240e-02 -3.724933222993453974e-02
1.222374293520628319e-02 -1.347218140561041826e-02
3.984635709713972573e-02 3.697695536110355563e-02
2.844019831716369101e-02 1.554654186112613100e-02
1.484701002225463900e-03 1.471249984848308281e-02
-5.181623792946220969e-02 9.578646862118758015e-03
-3.582571591646276782e-02 2.653122034384060648e-02
-2.285443560968204724e-02 3.041726601604003918e-02
-4.045229069943637873e-02 -1.538197305351016652e-03
-4.795162688985574705e-03 3.641572189917759161e-02
9.163698236049856380e-03 -1.107551627051002810e-02
-2.734157537147872269e-02 2.597255912766546077e-03
7.160104242132438700e-03 -2.042115867498904211e-02
-2.524733019808312467e-02 7.286136114080558716e-03
1.225758426274125949e-02 -2.279344116573311582e-02
-8.944378994252134840e-03 1.843618779994451312e-02
2.319893480156420135e-02 4.229060304626787448e-02
2.250405189446761864e-02 3.226782821875175122e-02
-5.362293866863928476e-02 6.186104907284596839e-03
1.181079444031535655e-02 -1.179595005970803141e-02
-2.828467291143973647e-02 1.278148118538679524e-02
2.367374002249959461e-02 2.269762398998314071e-02
-6.311679074338392981e-02 2.322941493527842793e-02
-1.212663167858074945e-02 -2.426958494141394015e-02
-3.704588771026508937e-02 1.332308538978047539e-02
1.562444415217277213e-02 2.257400994261888651e-03
3.692916892037699517e-02 -2.340921124138382881e-02
2.436600130543427681e-02 4.072621241502071693e-02
3.672451754657608120e-02 -1.168798398125275861e-02
1.796391459715508676e-02 -1.472887463739459314e-02
1.779466769996694217e-02 -7.768763586395835245e-03
7.864659848200670697e-03 -1.166921541156380358e-03
2.548832185136990641e-02 -5.271065783397868403e-03
-4.278078572820308983e-02 -9.055630920622744981e-03
-3.980886664468270830e-02 9.760966431806579469e-03
6.276553215345703762e-03 -1.051513417628618767e-02
-4.135281779088093024e-02 -6.306295380331911971e-04
-3.681221995566275832e-03 -2.223441025875119714e-02
-3.606040282389475632e-02 2.476941537110686955e-03
4.799616401871717149e-04 -1.205708912660813543e-02
2.802889356859642259e-02 3.386801789211513203e-02
3.844064955409114137e-02 3.930109872280929117e-02
1.630711549542989899e-02 7.254873198108702410e-03
1.340139037363321552e-02 2.157714520500823158e-02
-7.595998958256350644e-03 -2.531292305078933907e-02
-4.670408434309450407e-03 -3.505364769687327464e-02
5.191109418139095572e-03 1.231935500111074402e-02
7.219338068211914039e-03 -9.507493595584776483e-03
-8.897484803512429111e-03 1.704798120979764131e-02
4.158142184292283779e-03 -3.330126257910997339e-02
3.129361642419872108e-02 4.757174565216693018e-02
3.713819170983736345e-02 1.658757346509751041e-02
-4.218472376617340980e-02 5.118589161579930637e-03
1.104811481954397212e-02 -1.073811859082978229e-02
-3.075821477190908426e-02 1.493422815428765635e-02
3.171293648034497620e-02 -6.992509103038931605e-03
-6.358819512413575910e-03 -2.886114056011662016e-02
1.717843453674652464e-03 1.627159661374361077e-02
4.021370962239787655e-03 1.812972708994658663e-02
-4.885951690397262286e-03 2.226512593287715419e-02
3.186932911840705679e-02 -7.778477387410703131e-03
5.011029590313630100e-02 4.747956744012717806e-02
-4.933854383826868223e-02 4.928189438579201956e-03
2.674822156908630844e-02 -6.967628911137907326e-03
2.415328157070437826e-02 1.222560618474360060e-02
1.478791652938086197e-02 1.255367545233459711e-02
-4.428976142445396197e-02 8.082929611528844038e-03
1.542723510910337832e-02 1.030619184607657265e-02
-6.312298665548429777e-02 8.283400841771471762e-03
-4.100790870317917725e-02 6.763324786945614821e-03
-1.241135128878638472e-02 -2.687374328966724360e-02
-3.698945656049511255e-02 5.136870697493846512e-03
8.511407006507270764e-03 1.506755140363798956e-02
-4.239888317956079511e-02 8.440752325023182998e-03
2.771785090394421336e-02 5.714928000852116316e-03
6.856842005147210060e-03 -1.564945535752490860e-02
2.398220465700642498e-02 -2.341298384182927822e-02
6.724131805212062336e-03 2.685622258072817986e-02
2.166684310991224410e-02 -1.552669860216727808e-02
-3.500246132330664395e-02 1.768671754006507016e-02
-4.832600971996537341e-03 -4.330502589887084280e-02
4.431057207076559423e-03 -2.321344813624636946e-02
2.668585227255036024e-02 -1.616193624334141604e-03
-2.505952696122984089e-02 1.332742060461050530e-02
1.651037839528260789e-02 1.792363575970086151e-02
1.405644170005988097e-02 8.275883434360233049e-03
-4.337774278419964658e-02 1.222963985389910122e-02
3.347499178273515702e-02 -6.706354594257504624e-03
-1.071235642945271918e-02 -3.042330712941030638e-03
1.807252020775705972e-02 3.679016164798240562e-02
1.638317093845565245e-02 1.026845478906647166e-02
-2.082703124072196946e-03 2.634018596292591122e-02
-1.186076193757021682e-02 2.764511081898424205e-02
5.185546702114361521e-03 -1.222219181529010310e-02
1.449736180490520179e-02 2.659813385051442575e-02
3.163135104589480384e-02 3.222246401589075326e-02
-6.519175239136185129e-02 1.812439674729790853e-02
-2.744239210465011618e-03 -2.230455641003624423e-02
3.735378720419254422e-02 4.407318980043019307e-02
-1.022657342889617300e-02 2.063883172963315235e-02
-2.801531316942674696e-02 -4.302348533329981850e-03
1.014855143972487848e-02 -4.092454466453664813e-02
1.933989237413744804e-03 -2.965208854647671463e-02
1.231990208225274171e-02 -7.285516610059021222e-03
2.594264588320790640e-02 1.261911572160530348e-02
6.316857347700813828e-03 2.345496443242364032e-02
-1.168442331478924262e-02 -3.404092918206284152e-02
-2.651980998057575784e-03 -1.797361828516217189e-02
3.143103467735788858e-02 1.014128040666289338e-02
-1.975180681096291510e-02 2.607200603309870607e-02
-1.211754901160378567e-02 1.208396126288341713e-02
2.761523121325576077e-02 4.626070147028798346e-03
9.764264597058829390e-03 -2.118979893516890686e-02
3.802893815378488584e-02 -2.665797936266266904e-03
-1.515977975762789615e-02 5.348066311176656769e-03
3.463782086954902278e-02 -1.295050195112241532e-03
1.693471486634664028e-02 -3.658988404576076631e-02
-5.503062101351997165e-02 1.502929838146318479e-03
3.035091196004338979e-02 1.765595429349766862e-02
3.374700832517656124e-02 3.660801852517883009e-02
1.868795406348705210e-02 9.604084069638255811e-03
2.057583352024946934e-03 -1.524215034182811040e-02
1.864819593877236432e-03 1.440426343666524611e-02
3.434656337277149085e-02 8.295487347158117183e-03
2.069756130755848189e-02 1.185055539906625967e-02
-4.487016959501900076e-02 6.885176608575526574e-03
-4.481975301646532600e-02 8.226312929863756037e-04
1.387871639762926039e-02 4.834666666479487535e-03
3.346381346263002481e-03 -4.946452133296894843e-02
-1.564339148970747204e-02 2.431748160187157531e-02
3.026439589442486006e-02 -8.980251414549108441e-03
-3.374695131011289095e-02 7.454730085472998161e-03
3.913563031927089209e-02 4.958974883308459036e-02
-1.521179446836972739e-02 1.606306841317539993e-02
2.215525757107149676e-02 -5.630797070135261416e-04
-1.259739502011226163e-02 1.421543727907586922e-02
6.157196767097931379e-03 8.621339319036636084e-03
-4.274921569976876563e-03 -2.395300464464770324e-02
1.876026998881628535e-02 -4.757923908780558458e-03
-1.064564783533128965e-02 -2.743957302253465999e-02
1.588293483894197625e-02 1.488628494206624235e-02
-6.101359238483158344e-03 -1.916422816021619638e-02
-2.177019990418219489e-02 1.985268833274093578e-02
-2.555416022113466898e-02 1.526767696144603302e-02
1.857024450149965394e-02 1.293567880519814681e-02
1.933432553311456234e-02 3.547620959028461706e-03
8.412528526916426136e-03 -1.933913364010396083e-02
-8.976742338970153607e-04 -4.197748794458064370e-02
1.469253060478241391e-02 1.358322289538699441e-02
2.622118495061572657e-02 -2.586162468728104430e-02
1.263653886447009544e-02 3.758172300158686696e-03
2.854970983811453561e-02 -1.760847432305712558e-03
8.376620670562894694e-03 -4.376682393848051189e-02
-1.692395383080135679e-02 2.066360760114159534e-02
6.201837459368295981e-03 7.195516122805294471e-03
2.216272866819926635e-03 -4.227116243819661195e-02
5.399779031623780368e-03 1.184838138300274048e-02
-4.130290966292673310e-02 2.637282134906349107e-02
-4.128249645268737555e-02 1.329227233931988203e-02
2.946826574055441683e-02 -8.767796045685283257e-03
1.548625556992639860e-02 6.094993085418703299e-03
2.089720775583290072e-02 1.523037155449866393e-03
-3.285933249678507639e-02 1.806199192879107129e-02
-3.714130495608211624e-02 5.670114151539598114e-03
-1.042928347265100267e-02 -4.442447598604571529e-02
1.492056857459774649e-02 1.312358983197410393e-02
9.466055684397031364e-03 -2.933621396998770114e-02
-1.219598504440166757e-02 -5.759055500565273163e-03
-4.309220593501768282e-02 1.187886042713533381e-02
3.501013119577327248e-02 9.572575978054928547e-03
-8.984487997759343231e-03 -5.167272950061965395e-03
2.108967442826292435e-02 -9.740713823393330750e-03
-5.408625726270552270e-02 6.615308313912894242e-03
3.195901957385624548e-02 8.379886296167909226e-03
-4.609864708504311792e-02 -1.382931241891758797e-03
-3.833575832297318395e-03 -1.489128003991256784e-02
2.670161125537508576e-02 -1.640480271924590200e-02
7.408666707518509441e-03 1.261888561810517971e-02
-9.137266657848020857e-04 -8.641608610506232649e-03
-4.362399717061861415e-02 8.456071384421066928e-03
4.485744290122445008e-03 1.188335017229135045e-02
2.240773886491214187e-02 -1.739642400805386374e-02
4.109657059274882812e-03 -2.396246931551776482e-02
-7.945237285822167109e-03 -4.084249872629518857e-02
2.971157113593039453e-02 -2.221260699770083794e-02
1.083205823836297724e-02 -4.430770313766804747e-02
1.254773310734733777e-02 1.002126566724712703e-02
1.483650340700252285e-02 3.844717406453978387e-02
3.030636625493247222e-02 8.190759954134197579e-03
2.111502591008010063e-02 4.937398454275198148e-03
2.379680914776716519e-03 -3.522380910142734745e-02
-4.107789008486726484e-02 1.297924019247063271e-02
-2.352733259096611781e-02 3.027257971886147467e-02
-3.618575897188361541e-03 -1.178220675623033523e-02
2.188195000528066723e-03 -1.715734572381682338e-02
4.553966441991171531e-03 -4.564246074396197421e-04
-7.050049367193099437e-02 1.345404657050638247e-02
-3.547355400714632262e-02 1.129297742126910212e-02
2.185456015714525024e-02 -4.869205955580766139e-03
5.598181915683262538e-02 4.498311889404425085e-02
2.282071201148168707e-02 1.319303279516991466e-02
2.657807789839253254e-02 7.754576945397547577e-03
1.668068179426474354e-02 1.686620204496981981e-02
-5.369425732290773745e-02 -3.177070562911233405e-03
2.038716743558319569e-02 9.613762972406271479e-03
1.663105276966337850e-02 -8.100936712567617312e-03
-2.741306446080135975e-02 -1.006587268828905944e-02
4.093622343408223618e-02 4.241932287546309327e-02
3.402350215944898587e-02 4.143318268637233293e-02
4.145327500553665223e-02 -1.243471026102009776e-03
-2.375732660893070062e-03 -2.081284477742810848e-02
2.786073981287663648e-02 2.290069841963678077e-03
1.032502382331604773e-03 -2.216743248180386497e-02
2.898004462415649032e-02 3.656404487410815779e-02
-4.097241893268577240e-02 2.290056197627068739e-03
1.477551769058318802e-02 2.836734906149492377e-02
-3.331534661394670166e-02 4.318653192019668817e-03
2.366640982222357678e-02 1.918563899709933157e-03
-3.729879291458484698e-03 -4.206975342831855737e-03
1.866124822049715359e-02 -2.134531350472107861e-02
3.684897217381220835e-02 1.890887990480767319e-02
1.862286436673489878e-02 2.250132709188590666e-02
2.871064461133615575e-02 1.943835683915621712e-02
-2.102368628216869930e-04 -3.609924808622629738e-02
8.048952099513643696e-03 8.241463663258521977e-03
2.705949724951689159e-02 -7.446426735535731194e-03
2.270166526587381536e-02 1.290725894967570267e-03
5.741075419974448445e-03 -8.288509445891269764e-04
-2.541539484466606713e-02 2.965866867792933334e-02
-7.551090186107225002e-03 2.196479353542477378e-02
-2.691600696357683477e-03 4.125210176429391744e-03
1.739047718796627590e-02 -3.319448772081242272e-03
2.024395865055599389e-02 -2.027725746712071703e-02
7.849267699329890921e-03 3.163620889808577835e-02
7.941725160925068583e-03 -2.245151731410350432e-02
-4.665461056587963395e-02 9.384554791643533525e-03
9.160134309911660902e-03 1.369258158085511455e-02
-1.312461044332571651e-02 1.421241803419188770e-03
2.387333458780871442e-02 1.663124365475669893e-03
-5.135884239825955211e-02 1.684646248573836227e-02
1.498898650423742714e-02 -1.688162067439122685e-02
-3.597524174692296600e-02 1.286036603917287136e-02
7.074563773631247681e-04 1.937853512241341156e-02
2.678429613410194567e-03 -3.933869161406455687e-04
2.692290556702491011e-02 -7.379816769725710233e-03
3.151860933108778517e-02 -7.768616130130722060e-03
4.370433734657233442e-03 -2.764269808782293322e-02
4.375961610882375674e-02 4.294498828837606946e-02
-5.941299996766493535e-02 4.492932454744131719e-04
1.083686100335039953e-02 -2.669173261333222455e-02
2.753758551211007294e-02 -1.654062278457696334e-03
-2.760393121012763486e-03 -4.018030631595318619e-02
1.043875029733593550e-02 1.845471121725013319e-02
4.095785999782863493e-03 2.469096220402304878e-02
-3.038264902904008052e-02 6.395444165368760481e-03
3.317128472852126642e-02 4.109250895289860706e-02
-6.648621610457604129e-03 -7.150480406675373789e-03
2.160601229521393746e-02 1.148112043421320623e-02
3.226181930087299119e-03 -1.423057622577775759e-02
-3.339356424261419320e-02 2.014864618220559359e-02
-3.566601231849388792e-02 3.452831874552876254e-03
8.864829266219308168e-03 -7.039772093197313278e-03
2.947016490572937353e-02 -1.539302040069195389e-02
-8.114657546931370799e-03 -5.871395529893456977e-03
-2.704537613657331113e-02 1.064633240874538096e-02
-3.742898599652445812e-02 8.432313155520817019e-03
-3.600306301738164655e-02 1.009483853414514139e-02
-2.941264496161754335e-03 9.659045242286853558e-03
-2.478554809689544405e-02 1.816537442933396918e-02
1.892541857985886866e-02 2.088199687865108234e-02
1.761349205372097007e-02 -1.015146342118378002e-02
1.655083685704055591e-02 -1.323472329641844566e-02
-5.309129683895303514e-02 -1.509138445824127327e-03
-1.996968853950045752e-02 4.633855089156290082e-03
2.652447949305663036e-02 -7.682427178894679805e-03
-1.884664863315523367e-02 -3.910411168507386959e-02
4.957232653814060835e-04 -3.316540119908677198e-02
-4.340988037548604989e-02 2.606136413289881050e-04
-3.573331186497375606e-03 -1.806597578278135857e-02
-2.328752695735532632e-02 2.029626532161818431e-02
-3.143939434530028387e-03 1.870894518250301080e-03
-5.169975005861333385e-03 -2.863979856491391876e-02
-2.940878633630934769e-02 -2.294677364221864215e-03
-1.061217414178127622e-02 -3.635350811207538335e-02
-3.748056520024276722e-02 5.992760140686073655e-03
-4.466966493741238858e-02 1.158419420443252378e-02
1.003014235590338893e-02 -2.166534358003453439e-02
2.001382668222175323e-02 1.254866586991408399e-02
-1.790134001727871488e-02 -1.190442833101965081e-02
5.177753019547934668e-03 -2.091526934242301378e-02
1.742811171403468168e-02 9.819076611654081049e-03
2.424116014011533284e-03 7.799280051938333423e-03
-2.531220866404196995e-02 2.396341558860420537e-02
-1.023490880051449239e-02 2.549370507129640820e-02
1.895285625303151991e-02 1.009662624773523081e-02
-4.289556074826935544e-02 1.226206828855683391e-02
-1.784658508543920247e-02 5.442597882562195608e-03
-4.197391311374184392e-02 4.222569967409372030e-03
-2.440747385434316810e-02 5.014496052320766006e-03
1.303538473963167243e-02 5.022766468956267605e-03
-3.018824708710841562e-03 6.715808429223559667e-03
3.478215693458404367e-02 -4.204340867688931976e-03
9.543724557305259190e-03 6.001427118686237204e-03
4.832074328980215036e-04 -4.068334536171345356e-02
-4.657193612750785451e-03 2.188969866899252367e-02
6.655442092569564989e-03 -2.767368917685262414e-02
-1.328426366987041883e-02 8.732191605070086307e-03
1.485628435775679726e-02 -3.898728594101594919e-02
-1.128067787520969228e-02 -9.035064192861284871e-03
9.867096565080972145e-03 1.680148961884827749e-02
-5.603236663196412004e-03 -1.568278157832302469e-02
-3.152696967610497253e-02 3.035091650308855988e-03
6.339379657091342296e-03 -3.733713498943126707e-02
2.670083004026054408e-03 1.849788710744813824e-02
1.794070356635345861e-03 -4.028779218105215526e-02
-9.054390406076999118e-03 -3.945123875528637469e-02
1.858505292680618509e-02 -8.125903267614123862e-03
-3.827503556065333756e-04 3.349682736326304385e-04
1.065699257108463152e-02 7.839111310350999409e-03
1.754706838764100163e-02 1.511527235926423372e-02
-4.760292664486164699e-02 2.580984453719814900e-03
3.509149152484818211e-03 -3.670542635837473894e-02
6.579658522221556310e-03 -1.488743072915285279e-02
-4.117013214668889531e-02 -1.660975468667247453e-03
1.904285407947246128e-02 -1.709326248634910825e-02
3.823132416888620766e-02 4.750582622622097351e-02
-4.037018699086255408e-02 -8.075716374723013180e-03
2.841750228484700089e-02 -3.239803314869532224e-03
4.232519193835813411e-04 -3.347985605423049738e-02
1.874485766157044445e-02 2.034004801921118766e-02
1.550000737323478997e-02 -8.910006636920238601e-03
-5.371916735580439112e-02 1.390978251265831672e-03
1.482175306549137275e-03 -3.837956361646072123e-02
-3.569541214376806965e-02 2.219221767367975269e-04
-7.024210673987803244e-02 8.107836837046428907e-03
-7.148466787643044558e-03 -3.361867085811182099e-02
2.063784371469860532e-02 -1.378564943103060148e-03
4.194857144774765539e-02 6.947572849222351243e-03
1.850673003056711383e-02 7.359268946086611370e-03
-5.997646265464992577e-02 -1.237000165489120598e-04
-5.955309306624256144e-02 1.723611430564537389e-02
-5.763874773911106808e-02 1.966544715501615526e-02
9.809152637023048696e-03 -2.411435445148965226e-02
-3.325438362417715982e-02 -2.747095418952944131e-03
8.064382306707881462e-03 -6.387288463348376674e-03
5.140599605461905475e-03 -1.999554381416981507e-03
3.338137154641803578e-02 -7.144001147802170326e-03
6.496809057901562108e-03 -4.795566565397944847e-02
-1.289673276559225208e-02 1.312414103123565531e-02
-1.564553713925671830e-02 -8.462347901527139671e-03
1.742618502323704105e-02 -6.905415819342337717e-03
-4.866362279849906214e-02 9.333223574469001749e-03
2.745778083502960210e-02 6.309023500443458783e-03
2.231896983573041990e-02 1.569727265307811065e-02
5.696623280561918801e-03 1.482823522056359554e-02
5.626472879702209065e-03 -4.570808776977653212e-03
1.478222880041550223e-03 -3.175338424939924686e-02
-3.507384388483449772e-02 1.113978851476100408e-02
-1.334919321668223257e-03 -1.730089853925591628e-02
-3.630608431395104113e-02 -1.319469360028757872e-02
-2.013461588543409130e-03 2.337195178065758563e-02
-2.240234696227313971e-02 -2.578186299028240730e-02
2.583790110953266064e-02 -1.046532242576141136e-02
3.133796092515960061e-03 -1.605390259942818254e-02
2.203035422531941095e-02 -3.026824490652446631e-03
1.228201419782440351e-02 -1.978795006258126862e-02
1.435576632564792253e-02 -4.365075823650904803e-03
-1.782111320891003117e-02 -3.256856979283678788e-02
-3.952350798782132413e-02 1.689862548020978558e-02
1.679351886782645339e-02 7.129564902494501567e-03
2.767150329167487877e-02 -1.687649770227768811e-02
3.443730521536986222e-02 8.194533970155084028e-04
1.828750329234544655e-02 3.081447453076930146e-02
2.863234961894006725e-02 -4.361533781402546195e-04
4.570876012974812302e-02 4.549117918848133088e-03
1.246481252740319276e-02 -3.643591555418328881e-02
-3.759064494189197272e-03 -3.942288328342080650e-02
-4.480587401597052773e-03 -2.685544888357379797e-02
-1.037826957906006452e-02 1.507204153851077601e-04
-6.169224991317456830e-02 4.309817976259954463e-03
-3.876351889726694505e-02 1.944725151867588223e-02
-4.872697137006449380e-02 1.536248335612499030e-02
2.701279687609804345e-02 4.102408547978639991e-02
2.549374734172331694e-02 -1.250935039233683210e-02
3.022945667061224806e-02 4.079371290663550559e-02
-2.420860572771883421e-02 1.345596491803413390e-02
2.194011937279618032e-02 2.645976949060230982e-02
1.799172102046342828e-02 -2.630651779256102524e-02
2.381283716783703236e-02 -2.241383622698139844e-02
-1.337728793069085757e-02 -1.360369847841151614e-02
-1.968138828628727618e-03 -3.726870893491242981e-02
1.433983563054195588e-02 -1.809940185352235109e-02
-7.972501571173422688e-03 -2.463743435181970851e-02
-2.929629974427262404e-02 2.428707142871971286e-02
-4.634499060423697553e-02 6.156408718270293869e-04
-5.796163111993467287e-02 -2.470118448684364282e-03
-6.629486808390937930e-03 -3.353193777294972283e-02
1.366265716061637950e-02 -9.569082769188557921e-03
-2.042078266304808362e-02 -1.560984141174089415e-02
-1.385184939589948405e-03 -2.237992616505452351e-02
2.551910618072577783e-02 -6.307547916661146448e-03
-9.810835814081115408e-03 -1.198818524798295725e-02
-3.698644393753415787e-03 -3.701586060015452095e-02
2.830217193397989092e-02 -1.510966588346962384e-03
-1.761434785221174804e-02 -1.588784316640675254e-03
-6.381902308840355260e-03 -2.380237897728132088e-02
2.007604341783956244e-03 -3.821690180421025151e-02
1.617158112458948541e-02 1.187884855989156628e-02
-3.818293167954475015e-02 6.350106689180511597e-03
3.221677589790746671e-02 1.254040459411485953e-02
3.092536739402809015e-02 -1.101774218036512265e-02
2.023794152880414518e-02 -6.827644579214950209e-03
2.343317264560969629e-02 -6.661930315214586139e-03
1.211617686106565908e-02 -3.610454138556163858e-03
-3.735098983907937653e-02 1.090207915559494693e-02
2.004398517874754135e-02 6.272979841342850998e-04
3.372833736637734225e-02 2.747331026991824132e-03
-3.729639652734361571e-02 8.246613979586848997e-03
3.734405294656119312e-02 1.547447393573066557e-02
-1.853792376322962315e-02 -1.048976242854646364e-02
-4.168055518817184030e-04 -3.797674745508702876e-02
2.713391168091705552e-02 2.426018793811704575e-03
3.725950417618734134e-02 -5.799583988700619721e-04
-3.774145587284905012e-02 -9.285771707788020857e-03
-4.535954461647953399e-03 -3.993805493706843041e-02
-8.449707917603175829e-04 -3.916178423731822567e-02
-3.662098687636342054e-02 4.184362563643087563e-03
1.064052321473835973e-02 -5.735159945974942566e-03
-1.390438613127906696e-02 1.894485493395933751e-02
1.477153329674044113e-02 2.440722748543412354e-02
2.237853256488000347e-02 -1.849447310396740846e-02
-2.883139630917195065e-02 1.560994057993032348e-02
-4.461839603449672259e-02 1.902096250726771978e-02
1.377073358945253394e-02 -7.646567698474604491e-03
-3.298613611545245239e-02 8.092345905535095613e-03
-1.686864036486692905e-02 -1.881283398553081033e-03
2.202728866915611063e-03 -2.033114471960126984e-02
3.295251456165429471e-02 3.389164120942493065e-03
2.590086138211455599e-02 2.905527414684563187e-02
3.648531402912567195e-02 2.663168329793356298e-02
1.952838873181426960e-02 -6.869257082020126075e-03
-2.278988462881079841e-03 -1.266415389752729992e-02
-6.205145629785365803e-04 -1.430168947709774610e-02
2.243216543362471643e-02 -5.969891475846205060e-03
1.187415142565674368e-02 -5.074966964743501951e-02
2.141659880502028157e-02 -4.570178440356645940e-04
-5.289598318977607044e-02 1.969100704384598929e-02
-4.456585215246613302e-02 1.121506945322555543e-02
1.897004199916754383e-02 2.752512405714029053e-02
2.545190702198828897e-02 2.560801087332247039e-02
-4.417890271150784476e-02 5.613089846128290622e-03
-4.125732311311711142e-02 2.114678043149285230e-02
8.885981902999679632e-03 1.269241927534032381e-03
3.004644100326871181e-02 -1.750408943066088501e-03
1.544669072585025914e-02 1.621240289872680554e-02
7.706521952507033348e-03 1.336839115621130808e-02
-5.747723378759592855e-03 -2.152248579440484144e-02
-4.062300952462994351e-03 2.825191488663104586e-02
-4.883785966351492092e-02 -3.153739647081840822e-03
2.088192956680202071e-03 -1.045293054895487898e-02
1.773572393703510761e-02 2.920300216908980340e-02
3.628063497320926228e-02 3.567050361542569575e-02
2.657401733888946349e-02 -1.205668322778879597e-03
1.772088468476032408e-02 1.078268178980822199e-03
-1.062972555578762038e-02 -2.087289063959038918e-02
2.523606589555665511e-02 -2.354130706745844251e-02
-8.220181651479504040e-03 -2.949710639333464127e-02
-6.244025732836646671e-03 1.421084145762257925e-03
-4.775846918386100065e-02 4.673737549158749581e-03
5.458170984259051034e-03 -6.703694145584490269e-03
-1.170206262992351184e-02 -9.150668418182879640e-03
2.015519347922803406e-02 2.954168517718513097e-03
4.717947170918478268e-03 2.231917722583164673e-03
1.942314466776751819e-02 1.366187880656462642e-02
-2.620062147811360112e-02 2.429568793837523499e-03
5.054323978805582047e-03 -3.243434664473619083e-02
-4.990635242661617399e-02 9.119680172332467541e-03
-5.257838280974110740e-02 -7.919631336412515142e-04
1.420624830656667600e-02 4.100174592054713074e-02
-3.310605196898578923e-03 -4.687359226594663142e-02
-2.933846566983186119e-02 4.655537250921877417e-03
1.572832011190622437e-02 -1.496309128373152914e-02
-4.435625084478943270e-03 -2.271636424779445787e-02
1.307530773178023839e-02 3.818556362090566158e-03
2.214645106087883772e-02 -1.851434711738644823e-02
1.743534073572740664e-02 -1.086786755514911919e-02
-3.974706912153549293e-02 1.256696480062938041e-02
4.186558778458492752e-02 5.232519380557711097e-02
3.271278705586589536e-02 -2.745731556980548008e-02
2.192313173927277342e-02 -1.608592179694354543e-02
-5.646536495617606594e-02 -4.016795502508773395e-03
-5.090566995290632391e-02 2.533588381301173781e-02
-6.885339253783877289e-02 2.180632997236936488e-02
-3.755540899196579095e-03 -1.755232728186536736e-02
-1.817698592414082256e-02 1.248125771673892423e-02
3.054473307677639700e-03 -9.360308015364724593e-03
2.617072652308475786e-02 7.412925243720907935e-03
2.457979396694562942e-03 1.886745265796243090e-02
1.099834478557948185e-02 -6.464607778379683660e-04
-9.491823098865535477e-03 1.128011862508143150e-02
2.481729461007648255e-02 -3.869169015066705256e-03
2.277610396926093780e-03 -3.768995403703166713e-02
-3.067264855583105854e-02 1.530079479573967505e-02
-4.291967789020378812e-04 -2.895815609711190064e-02
3.525009590668844173e-02 4.937037868734630436e-02
1.411247574667359381e-02 3.150224980589437507e-02
-1.837652564047455653e-02 -1.608618642786634927e-03
-2.775348715411524170e-02 6.223477257597790149e-03
-1.843313420028359906e-02 3.539093254670885608e-03
2.862465635239281984e-03 1.585862875410173206e-02
1.636883766412538382e-02 -9.637237771322812799e-03
-3.094251324163890121e-02 6.390002685189610440e-03
3.073935056640222929e-02 3.687619551353506220e-02
-3.324980801662214686e-02 1.584005896984371983e-02
-9.048914361683179849e-03 -8.159604056876317013e-03
5.365178096611482664e-03 -1.867779279205268247e-02
-8.808762089435619863e-03 -3.444428278755024518e-03
1.778007403218191673e-02 -1.032078957210790134e-02
-6.148464118941816825e-02 7.801348485215615566e-03
8.207013058788193913e-03 -2.719576704988288865e-02
1.269304673783225833e-02 -3.339661033979484869e-03
1.875579138987119518e-02 2.447448214707006586e-03
8.684631837514509081e-03 -3.861622656719923986e-03
-7.071128913441042732e-03 -3.809971015834912739e-02
2.816009639839032325e-02 -8.666902828270858783e-03
-4.384673057443222444e-02 1.772485465305892113e-02
2.576137898978039797e-02 -3.138773202925122796e-02
1.356956239798504061e-03 -5.010937430272103567e-03
2.590836106789505544e-02 6.478046211499014807e-03
2.548253291221743225e-02 2.491699069664161589e-02
1.728672154830541985e-02 1.450969624130561166e-02
-3.867256397481570740e-02 7.561699702366526769e-03
-4.237466867763905326e-02 -5.008975388395497767e-03
2.002226528812222489e-02 1.495055859319362537e-02
-4.804564683379010381e-02 -4.510380103517676667e-03
4.616397968065431151e-02 4.934673973553651422e-02
3.504792885625893778e-02 6.943043980171014970e-03
1.848075679456783610e-02 -2.145789015437308406e-02
9.538847101506250925e-03 2.897070413200803288e-02
1.267394229324138137e-02 -3.853073974600786794e-02
-3.610684566917429089e-02 -5.745917580035586961e-03
-3.287597805741850586e-03 -2.712914020636024090e-02
-3.792550410555479978e-02 1.177264845769084196e-02
2.312416922426444987e-03 -5.196413995883589904e-02
1.289041334703323188e-02 6.513346724291190978e-03
-8.977382216528757494e-03 -4.224083622778269237e-02
1.655884764277760005e-02 1.753149598595916611e-02
-4.510211447605798341e-02 -3.877610245631330898e-03
-3.180276060016402201e-02 2.651339996880970953e-02
1.555449980138037466e-02 -2.882894046254469780e-02
5.056381483018850161e-03 -2.990417983214309697e-02
-5.487160095921085785e-03 -3.507260132064447117e-02
1.271462046452190514e-03 3.703939923775620424e-02
2.676699578549197531e-02 -2.249069419208805584e-02
-7.114665565806831994e-03 -3.730840159633652133e-04
-1.759803499171757810e-02 9.023074291809972738e-03
8.319039539796364152e-03 4.451869070990776308e-04
1.053585520183416072e-02 -2.719286592129436728e-02
1.591868067894936173e-03 6.015333526659342317e-03
-4.131716059733135660e-02 -1.305779883380140706e-02
2.814877034906034317e-02 9.815114677813206387e-03
-3.072395160742044662e-02 1.616360744094241797e-02
3.709887427931983506e-03 1.193057081280453867e-02
-3.266163223734588894e-02 3.137771975594077448e-03
5.570740965981408818e-03 -3.232526557897714981e-02
2.656297061463767928e-02 1.561869167376391497e-02
-9.456260062218122334e-03 1.720441494652695177e-02
-2.327727050409845056e-03 -3.833084200333567587e-02
-2.796001265016466453e-02 5.441342817261246578e-03
-4.488029599954828502e-02 1.508950069489746124e-02
1.791178951513405782e-02 -2.329527358526890107e-02
-3.617663508116685661e-02 -1.012549057952370914e-04
7.758295273407593562e-03 8.395624756026861743e-03
1.778734516805394184e-02 2.735458568084684489e-02
3.613982057411581350e-02 2.333588961035459267e-03
4.714746391760374702e-03 1.684613663996261876e-02
2.945372533973318954e-02 -1.382763999080647774e-02
2.686688451398215258e-02 -6.626475806270931690e-03
-1.308478006846075861e-02 2.825321979381860762e-02
2.813102038352738310e-02 1.382136621913801315e-02
2.827309767754063868e-02 3.618558673573763190e-03
8.640542356971557536e-03 4.063690129545293774e-03
3.750326037790394518e-03 -1.939838195296167628e-03
7.268842822978714875e-03 -4.362962874377750155e-02
1.658242385568995531e-02 1.609681288794206910e-02
1.616172569487184327e-03 -2.461947246415747623e-02
-4.798762311261764446e-02 -2.196231617980573710e-03
2.450917129406023076e-02 1.814621960353175398e-02
2.526146978230020546e-02 -7.423651966437085602e-03
3.381269184940408068e-02 2.077056125568994480e-02
3.549041744566044237e-02 -1.553377511392617892e-02
-4.385655855019993110e-02 4.708129923426097006e-03
1.386304007569326424e-02 1.095814671523082616e-02
8.627789201789177673e-03 4.323976970101127242e-03
2.065124331035282645e-02 -1.419681453117529676e-02
3.369317737722061362e-02 1.272824967906885721e-02
3.886809543386648361e-03 -4.309084960225349065e-02
3.382684453790919810e-02 1.227803913306664378e-02
-2.633894446284077307e-03 -1.507584388478431722e-02
1.723109510666115743e-02 -7.152437163447686146e-04
7.209126373511303212e-03 9.102368272326953960e-03
-6.636660606879526622e-03 -2.761648224785085218e-02
-4.704618816352164508e-03 2.161397906536611027e-02
1.406936910403938645e-02 1.946852631629399089e-02
9.736361773105517772e-03 2.678588090021288490e-02
1.289031498412011520e-02 -1.607802272208607233e-02
1.603577941918250122e-02 -6.617254439554569323e-03
-4.277808850550605772e-03 2.576181779184130369e-02
1.375495172606304439e-02 3.104648670472438311e-04
-2.936724576566638548e-03 -1.778852372170414142e-02
-4.885534981285993839e-02 1.008893459346136764e-02
-7.974745725988888895e-03 -3.463400509178542197e-02
2.897064581659026736e-02 1.054827032026289975e-02
1.276428228318464073e-02 1.650375792845916456e-02
2.589158016859767746e-03 -3.232627493508143102e-02
-2.047261892588842641e-02 -2.188688398665364701e-02
1.394154215191049061e-02 2.521740590250342098e-02
-5.720374222548887944e-02 1.181708289080110781e-02
3.093858026146719190e-02 -3.836924111042271102e-03
1.617819381425504577e-02 -1.790770621651504788e-02
-1.070637284542958097e-02 1.385512890541661796e-02
2.059242054080778761e-02 3.570061885650593902e-04
-1.196012902311952529e-02 -4.021690277050894019e-02
2.512711215278964905e-02 1.505154076017617068e-02
1.284155153524508576e-03 -2.618176051101852794e-02
2.360595473731667230e-03 2.767845636900595832e-02
-3.075928221764265974e-02 2.104357311480143516e-02
3.388192662394027155e-03 -3.323562396418298925e-02
5.383357011899176162e-03 -3.586739621776739717e-02
3.084827205160601757e-02 3.650952399712230345e-02
9.507099555935916851e-03 1.855797361568175055e-02
3.350457272032525413e-02 5.136412542010251880e-02
-4.688811022290857722e-03 2.011832249784868687e-02
3.425300098614339483e-02 -1.549141605275332345e-02
3.154491785176138929e-02 -2.809127767689278965e-02
-2.115743536729094987e-02 -5.029258890264713504e-04
-3.550599428974396399e-02 -2.424686348894775599e-03
-2.078369895642594514e-02 -4.169873442811555808e-03
1.835047522590839766e-02 5.673998649031495624e-03
-3.799171303253504745e-02 1.722567980908512250e-02
2.323156264670468360e-02 1.268478066676121622e-03
-2.588393320464904643e-03 -2.639916873468834899e-02
1.119820577038391392e-02 -3.207525778081096735e-02
-5.981534114507607545e-04 1.384755568917541389e-02
2.059776469313851291e-02 -6.507320800518460145e-03
-3.631138470087447168e-02 1.026727437312323875e-02
-2.939162649999041074e-02 9.824540283422226322e-03
-8.907907967201452240e-03 -3.520011394715846093e-02
-1.501698200392995348e-02 -4.920599553773911602e-03
-3.897130313647986094e-02 6.007446443486197689e-04
2.701163993393217513e-02 -2.236906900613945190e-02
-4.862716385410515568e-02 1.436070827539791608e-02
-1.895283348670452964e-02 -2.073119463758988854e-02
-3.422960757202139770e-02 6.745086429269497516e-03
4.067381736840978979e-03 -4.078250506736950248e-02
-4.770146728921648843e-02 -9.875283452354367830e-03
5.111712963638731511e-02 4.574310179097056811e-02
1.904653434005634111e-02 2.222738083752236540e-02
-4.463165707398754345e-02 9.930821705635552860e-03
2.266409388963319064e-03 1.534858061217298300e-02
1.630017036738401481e-02 -1.682367387519837637e-02
-1.185651359529591234e-02 -3.768478222034252895e-02
-3.329823552827081146e-02 2.882689944482387610e-03
1.031558453601062915e-02 3.260361998052023220e-03
-7.554758814161332062e-03 -2.691799369195082767e-02
2.000878816284953204e-02 -3.705545280789221494e-03
2.278122313247507927e-02 1.415538583567457417e-02
-6.316905475437119277e-02 1.033436464745468575e-02
1.594058452299078332e-02 1.099289179307869069e-02
-4.037232214587169188e-02 1.040591741703097593e-03
3.724317519995513914e-02 3.297389131883985552e-02
2.793900065148757685e-03 1.504254530579832855e-02
-7.479577286668542477e-03 9.396647388240657664e-03
-9.106578196935832814e-03 -2.776540836477901439e-02
3.485537776070325722e-02 6.881533739761560610e-03
-9.318018550168881767e-03 -1.529927000180738260e-02
3.373275391063083190e-02 8.544446271255001779e-03
-8.240762549651023047e-03 -1.228188877168479888e-02
-6.120757081024692098e-02 2.407875074068181395e-02
2.360081066220625842e-02 -2.882596638931763169e-02
2.249826765545650739e-02 2.737647399863738298e-02
-3.729347191302103542e-02 2.674984375456455139e-04
1.851972562493259256e-02 6.787407487358303529e-03
5.572619245961489684e-04 1.762935986673655475e-02
-3.379560655457920781e-03 -2.052202095294746939e-02
2.515315127291338146e-02 -3.852287833489200213e-03
-3.669568382328560613e-02 9.354373377018854532e-03
3.327623490421348969e-03 -5.825273233243584989e-04
7.198372043749036268e-03 2.779078790994533171e-02
-8.003761992311043960e-03 -4.177229443725494901e-03
3.589903970838807801e-02 1.676850341940423761e-02
2.403439647360533851e-02 -1.225608833823851711e-02
3.195056306127033730e-02 4.505630148198775525e-02
3.487254719299384687e-02 2.127134709798323212e-02
-1.146823519291348403e-02 -3.244938261839184351e-02
-1.441745887722294985e-02 2.839032556097928570e-03
-7.008282427232508278e-03 -1.644707487253178543e-02
-5.636009097122572772e-04 -6.289615291048995804e-03
3.593596762649816506e-02 3.796038604829031493e-02
5.580680916366512374e-03 1.876590920398586021e-02
2.156644516351892069e-02 2.106140729341870327e-02
-5.944708452591910414e-02 1.863898930665701739e-02
2.924172188114217488e-02 -1.373410563554512773e-03
9.074515133646593804e-03 -4.492438109799432727e-02
2.481496435815538915e-02 2.065593444957049968e-02
1.357809727406530421e-02 1.684605805110541213e-02
3.218823080089285027e-02 4.382340250220579519e-02
-3.839066476655382532e-02 1.939930932110411899e-02
7.603172393427470345e-03 -3.588184019777813233e-02
-5.455576614209978192e-02 1.276553821050798419e-02
-3.271670421011592389e-02 -4.287592600032498306e-03
-1.760919466254935815e-03 3.548771838268913875e-02
-5.649979980086284551e-04 -1.689418341010638647e-02
-8.895762688931595783e-04 1.239306873476701126e-02
-3.514988778934877156e-02 -3.488582919390008190e-03
2.718474750186879868e-03 1.836031462201546255e-02
-4.547917908635053935e-02 7.037868188624596053e-03
1.279546610638180107e-02 1.339339571911913815e-03
-4.194549487781343983e-02 7.038201954442152488e-04
3.355295100364254907e-02 8.130986572528764184e-04
-6.157457921926585975e-02 2.846220650725830859e-02
-1.011560632265680158e-04 7.149792334649058764e-03
2.329304587203078966e-02 -9.124866536085294785e-03
2.227277890598154328e-02 3.313446983872131435e-02
-2.550553459482858554e-03 -2.076147408160283411e-02
-2.184178258201611988e-02 -3.455928776645141032e-03
-2.169755575292356062e-03 -9.906886186763904853e-03
2.830109462938070961e-02 2.092908344087311256e-03
3.027446641378338937e-02 -2.405756114671601421e-03
-7.163088593474691880e-03 -3.295696654464393832e-02
-1.700363302210506841e-02 -1.038216116167400664e-02
3.760611368835364778e-04 4.728776644503365247e-03
1.550859595505730409e-02 -2.404266132843432130e-02
-3.329103651166449851e-02 9.634814413243665207e-03
-4.579451672256484862e-02 1.208871530052517927e-02
8.560320518146008473e-03 -3.338784642074475728e-02
-4.673423416003645928e-03 -1.804889245081915672e-02
3.128033022834972310e-02 5.981829282716107825e-04
2.120410164011895041e-02 1.578464488634331864e-02
4.938548831990958836e-03 -3.943476866649064938e-02
2.345710325871972618e-02 1.274432097191541442e-02
-3.351923547552703581e-02 -4.195792866163241229e-03
3.540120758447073274e-02 3.023165447310084686e-02
1.655119474414612143e-02 -1.234280260469580726e-02
-4.954495863347617088e-03 -2.347466063253722188e-02
2.547365269629554840e-02 9.824672246771385883e-03
2.030212590924471150e-02 -1.354477518338980703e-02
-4.539526238093502530e-02 7.437116225057061221e-03
2.885409994993780314e-02 8.292149525603930565e-03
1.245174147968039664e-02 1.668288639385335365e-02
2.286314506710775130e-02 2.188430646059464496e-03
7.756932886773228869e-03 -2.391108897965934718e-02
4.683423328517491782e-03 1.905203205739548766e-02
-4.160858767457168567e-02 1.730637530305410496e-02
1.973987718162130076e-02 2.167690539865318664e-02
-1.732402320397606263e-02 -1.781576897359183134e-02
-1.167099369870793803e-02 1.039631589438582727e-02
2.785131777764546235e-02 1.067450220631556423e-02
2.676414290243601252e-02 1.134278144092560128e-02
2.013896046635100991e-03 -2.970794733614166155e-02
-1.094728036850012732e-03 -2.434084705041508062e-02
-3.560045796893546166e-02 5.642329005323212972e-03
1.945815159647595535e-03 6.948710605352836737e-03
2.259243381441209189e-02 1.742039034864365432e-04
3.049275545849884639e-02 -5.457855932968620934e-03
-2.834822403430746485e-02 1.395775014238959631e-02
-1.164152032824904322e-02 -3.430697066410560991e-02
-3.545885273004971416e-02 1.151655841159129716e-02
-7.907179324641024423e-03 -1.192224663534534670e-02
1.552162411234201712e-02 -5.125498137709933594e-02
1.935590613331499010e-02 7.735687223600379303e-03
-8.322265346857192839e-03 -2.723922220925324364e-02
1.673685902808300097e-02 -3.390404705521422174e-02
2.464192703901419215e-02 -2.012495462600333643e-02
-1.236106800682973059e-02 2.525772313843148778e-02
2.537192069048538681e-02 4.521756934227338758e-03
2.428731563422225487e-02 -6.756452725480719367e-03
-5.721026147206523596e-03 1.548912303226950352e-02
-4.233011405410783135e-02 6.774764805109303838e-03
2.006016218986386539e-03 -5.016337020035613325e-02
2.248111869671967980e-02 -1.853908773184500050e-02
1.688619534535982722e-02 9.886989738591993662e-03
3.851848806314320944e-02 4.676602677758955051e-02
3.259277721155050267e-02 2.519760589497748587e-02
4.239109759484398221e-02 4.652053210858967530e-02
2.776944572825766275e-02 1.476706333178057218e-02
3.186530075665756218e-02 3.643412167216558001e-02
1.033762165978914689e-02 -3.010293129981237575e-02
1.612180284391560164e-02 -2.321779891342657526e-02
-6.744758002582246226e-02 1.836470710005019477e-02
-3.477561215143441797e-02 1.226311200173110273e-02
-3.972787852474498303e-03 -2.502178554044343778e-02
4.400734132209222632e-02 1.018745819822631810e-03
1.236418663520330412e-02 6.903193897095763303e-03
-1.445460824022774121e-02 6.128661902717630230e-05
-4.233041403678204466e-03 3.307429547775663989e-03
3.609750625670980068e-02 4.917721646226265973e-03
-4.732653167205241179e-02 1.466395076486367265e-02
3.354775619659465524e-02 -2.222051269650739472e-02
-6.767450791305395716e-03 -6.534752798522954582e-04
3.547472773699560100e-02 1.288807713627249975e-02
2.030544002363805778e-03 -3.825870668719705964e-02
-7.522787986654911815e-03 1.979099851411720082e-02
-3.756954573953021764e-02 -7.849118934308603121e-03
1.380484534100706942e-02 3.146424367098939884e-02
4.676095480998765028e-03 -3.803790621488959550e-02
1.063613034885795526e-02 7.866149924631258075e-03
1.406360398734876442e-03 3.198735729690000557e-02
-8.274180534763657738e-03 2.384438384810431966e-02
8.500665946435552456e-03 2.386453929964159337e-02
-3.052831900162383209e-03 -2.091835679188543476e-02
-2.936819506318966155e-02 -4.133654974826698157e-03
-3.783365765270232939e-02 -1.235200881602301418e-02
1.388879827928171662e-02 -1.815191787800967890e-02
-8.054986689689893828e-03 -2.057010088324007224e-02
3.719552029743992960e-02 1.168210488633308897e-02
-1.722410088741844689e-02 -1.229394236112101545e-02
2.206059173471987961e-02 1.796059479140726597e-02
2.835564110312207078e-02 -1.415625685557869023e-02
-1.390864544790828584e-02 1.413340513002660443e-03
3.237820700887671793e-02 -6.057139443120080572e-04
2.990372134460768383e-02 -9.795384916234991385e-03
-3.522108488932713249e-02 1.749906001067419448e-02
-1.150007402418826326e-02 2.265829537352188894e-02
-3.295766247204050953e-03 -1.715769200252142967e-02
-1.889147474841177971e-03 1.356048147786969270e-02
-2.071235633921929536e-03 -3.990353786474106629e-02
8.818724446072737783e-03 -1.347870536223494051e-02
-3.850720806536590823e-02 8.332524223991881474e-03
-6.735052124000595608e-02 1.266773203932320714e-02
1.576477404291665857e-02 -1.456431748307168879e-02
1.040159473715970666e-02 2.425840868012042306e-03
-2.249656774036285292e-02 7.061681827979391854e-03
1.169816716661859803e-02 -3.391665861081209765e-02
8.609634676218815008e-03 1.723364986690430331e-03
1.751735448277839946e-02 -1.787990265017391084e-02
3.539236329639980361e-02 5.774771409550428017e-03
3.941802915510275555e-03 -2.714975612706436309e-02
-1.139330825971210593e-04 -2.730365428280596973e-02
2.324218296098658210e-02 1.496594373257434201e-04
2.630151485274069903e-02 1.657136278333276591e-02
-4.549024645453356164e-02 -3.087387330035287758e-03
2.355558927621612120e-02 1.827827048566509419e-02
2.767113257077600738e-02 5.165342067447119788e-04
1.764382010637442072e-02 -2.819263506603816860e-02
3.299551559361378616e-02 -1.160035194795889894e-02
4.258795217787904319e-02 2.832632868235760056e-03
-1.223571263298156749e-02 -8.182591614628510757e-03
2.477241443170136170e-02 6.764316920757487868e-03
3.653779211035860369e-02 1.596803782914738706e-02
-3.142194127318822389e-02 -1.365384904628134423e-03
3.131753407302436537e-02 -2.222723433818950180e-03
-1.789914722170651926e-03 -1.772074584694590185e-02
-6.167213339615769049e-03 -2.604818325118527303e-02
-1.391376311976142560e-02 -3.465391913313380090e-02
2.146509740275352046e-02 -3.915247769853797549e-02
8.146660764197531657e-03 -2.141909375428209875e-02
-2.916763248183947346e-02 -1.331869190794045081e-02
5.595991211668998114e-03 4.411381631394793029e-03
-1.733251889328585316e-02 8.900977769306326129e-03
3.659833017405517835e-02 3.853493458308352142e-03
1.457525487257866487e-02 1.855251039729550674e-02
-2.178503959424859041e-02 2.065160903994713720e-02
2.251363504849936137e-02 1.264868166808323646e-02
1.314647746772172783e-02 -4.187441409394042184e-03
-4.714310658881017135e-02 8.836390714356207390e-03
2.939685925999879768e-02 -1.002345804840075461e-02
-3.841586999964462235e-02 1.826787387039627633e-02
-2.234208450135396519e-03 -8.728593250951027088e-03
4.412303105398720365e-03 -3.942878318272383109e-02
-4.312014349407506525e-02 2.783229107387205051e-05
8.308084584317840943e-03 1.364946211169066129e-02
-3.204622003893778381e-02 9.074222475976629482e-03
-2.743825644078685608e-02 1.193150198315709801e-02
-3.959555438068167177e-02 6.343972740773493567e-03
1.262876918924778734e-02 5.522652408350398924e-03
3.975145568137770230e-02 1.229060818882677687e-02
-3.559907676943208088e-02 2.110353306771057397e-02
7.771409120951377342e-03 5.501640254580059640e-03
-5.693214135635199513e-03 -1.508362072701778696e-02
2.590436302165698840e-02 -2.456967768277400557e-02
-9.613461239278436486e-04 -8.665273004317240388e-03
1.623610202470602420e-02 2.641764604385343318e-04
-2.239253312369269069e-02 2.322599992131520012e-03
3.127874814052643542e-03 1.997844450900026700e-02
-4.244026113717413312e-02 -1.481753074167744145e-03
1.946189478433282827e-02 -2.448544580521346339e-02
-5.279127582574983518e-02 2.783690929358861171e-02
2.504477106005684184e-02 2.753004713355194227e-02
1.218683212492383504e-02 -2.224105962121276578e-02
5.175647102891195797e-03 -1.198343974277205591e-02
8.613192040929865817e-03 2.390452316745085223e-02
-1.074488222680520730e-02 2.830972860959228912e-02
2.312473389729955212e-02 2.027150880629536092e-02
1.454610854340683546e-02 -4.590464391610944023e-03
2.073821423216205481e-02 9.249445827695544284e-03
2.263893299161179318e-02 3.463316514941526536e-02
-1.990716154696896972e-02 9.426016637960008340e-03
1.802920571054593413e-02 -1.830821494631888757e-02
-2.097501710032615048e-03 2.653142880820584873e-02
9.957567294824280074e-03 1.862689643666527034e-02
1.661210829121032018e-02 -2.019364523778276188e-02
3.066939232384537431e-02 -2.219627176533065134e-03
-5.627751237723361416e-02 -2.554214164786727630e-03
