-4.802175334940519545e-04 -2.276429780597042166e-02 -1.516912498055080286e-02
2.162874038246421701e-02 -5.950787475318248219e-03 1.673318652955704117e-02
2.362893645268476697e-03 1.342614800335139788e-02 -1.266335259664372499e-02
-2.025783699927385245e-02 3.388186046729898225e-03 -3.239059690287579996e-03
-5.003525368782241710e-03 2.071480796060073959e-02 -4.525010801078047963e-03
8.722089121036627479e-03 -5.098031662573503271e-03 -4.201968589453664027e-02
-7.543535147744859400e-03 5.339738789973633507e-03 -3.352780352312032062e-03
-1.637527375738418237e-02 2.159296273347935044e-02 1.052907900266977781e-02
-2.136143131146350099e-02 3.317016874424828093e-02 -3.466578740176453114e-04
1.889629099183968639e-02 -7.022169151653595912e-03 -4.563247568020924183e-02
6.413613735271467275e-03 -3.558399421946444735e-02 -2.965907037043024469e-02
-1.563964485093611093e-02 -9.388813295251801716e-04 7.116985656238080521e-03
1.928501459270501664e-02 -1.645018598658638115e-02 1.180402086058013333e-02
-2.039347452253526677e-02 3.742440273186876422e-03 -3.240848390220198855e-02
-7.471735759634598245e-04 1.551885464565958689e-02 2.176303445729413540e-03
-4.772973079506134982e-03 5.416279186975929937e-03 9.319078241896162559e-03
-2.351734770460930241e-02 -8.796476035260380674e-03 1.401774243349095291e-02
3.118699644299921178e-02 -9.834528515345844490e-03 3.861641044019253378e-03
5.051646532331831307e-03 -1.009492258178802844e-02 1.078157798142697146e-02
2.612715133239565390e-02 -7.564670206917029419e-03 -6.848408763549758416e-03
-7.171782834688153474e-03 4.374806262259535450e-03 -9.106092837154746225e-03
2.511123755040890054e-02 -3.518954217400551473e-03 9.844731351195493488e-03
-1.466260042742660585e-03 1.674273637739168499e-02 4.599929640144895422e-03
-4.984847121083442467e-02 -2.035241538718969914e-02 4.253475157346551204e-03
3.187562940953060642e-02 2.194244714309275326e-02 1.601761095366089835e-02
-1.547323621883113856e-02 -6.690153841255068977e-03 1.031023445511902552e-02
2.344797154409883344e-02 -1.397256241407158692e-02 -4.447714336998974914e-03
3.289576314863126155e-02 -2.382053456873473593e-04 -1.077265299037436517e-03
1.570118378357404643e-02 -2.307176572880912865e-02 2.242569465424719844e-03
2.353007343325255740e-02 -7.456061050714098007e-04 1.371229147899301858e-02
-5.629380844015662022e-02 -2.116405983322198342e-02 6.063036391068104929e-03
3.580845492971945765e-02 4.459515398499220434e-03 -2.026871687091658450e-02
-2.606859472044040921e-02 -6.236962075304252826e-03 1.654892123296478057e-02
-6.517799761456260360e-03 9.048735838794555106e-03 2.983302881016251015e-03
3.300991244761209559e-02 2.493179890970144332e-03 -1.871665650687047433e-02
1.052621716302137161e-02 2.592434051995214442e-02 -2.842734369042759432e-02
-8.022767825134958716e-03 2.519272839240801337e-02 2.392819703971281464e-03
1.151466279104806228e-02 -1.001809885341035933e-02 5.032372409794107736e-03
-2.560182301021362780e-02 -3.346519892504448007e-03 -1.066852489263997797e-02
1.457221719444136074e-02 3.313211772205735400e-02 -2.310294123722199042e-02
6.299425830566142762e-03 -4.136173644802173394e-02 -2.253707119300055878e-02
2.578411664548006799e-02 -9.286533399028422744e-03 6.918287497749641378e-03
-1.571157191932723990e-02 -5.706664256225707499e-03 1.401096152834769779e-02
3.007673169612579481e-02 1.166664813450631706e-03 4.780891638470002349e-03
3.765487431816659514e-02 1.939410615929491790e-03 1.918837264494151901e-03
2.762523183908750096e-02 -2.083653806490686280e-03 -2.371974243936121520e-03
-1.988437478348906075e-03 3.404938135036967434e-02 1.092478352021753613e-02
6.299575601139178332e-03 -5.720187737355207983e-03 -3.951380141899193260e-02
-2.362575295144106469e-02 1.961731398712567281e-03 1.272562781657229913e-02
-9.999698454380293380e-04 2.668095531727214878e-02 5.246697351044824105e-03
-2.353741787804360108e-02 -2.996493371787707985e-02 7.540980727671403247e-03
2.706665384459344681e-02 -4.889907461608005920e-03 -1.440710311877237831e-02
2.548064604460852783e-02 9.863902134786712086e-03 6.659020756763347169e-03
-1.982632468138271434e-03 1.221924663603306087e-02 4.679340682616025052e-03
-5.293817034172777075e-02 -9.736728231427889055e-03 4.350152136907197743e-03
-3.212586333714192305e-02 -3.363803966427610093e-02 5.185539006947584295e-03
2.482038577257775214e-02 7.604559216280080969e-03 1.015767955379278005e-02
1.466065625681695073e-02 -3.037082608475407189e-02 -2.430364347986310736e-02
2.497979813360495793e-02 -5.121837886369245973e-03 2.969458279888453033e-03
2.792682225209938349e-02 2.496606209185854228e-02 4.058440873174621114e-03
-1.463441684240570327e-02 3.776798059143558588e-03 -1.415457615676581418e-02
-5.438669210389256159e-02 -3.212774663745182613e-02 1.422915975712751163e-02
1.519806898680447702e-02 -2.881590607071057332e-03 7.940572227456569113e-03
1.236433318114441883e-02 2.685942419756896316e-04 -2.107037118705230080e-03
2.467373003757595412e-02 -1.249715826089150411e-02 -7.351776271384720222e-03
1.555581626453877292e-02 -1.704284497464374562e-02 1.125770646913859183e-02
-3.082730260190839899e-02 -1.127909551092576811e-02 2.016631757705024744e-02
-2.197317671915248460e-02 -2.554072640439125890e-03 -2.027838405875492626e-03
2.058846860433289142e-02 -1.211095144705199092e-02 -3.616457360993929199e-03
-1.051555642740118791e-02 -6.222614323919724820e-03 7.052535006375677297e-03
-6.459660309005142535e-03 5.616795821963722728e-03 2.510172621912893764e-03
-2.633794403825603925e-02 -1.273977239219368021e-02 1.856338657047704177e-02
-1.961487842626457798e-02 -8.467578602880530998e-04 -1.061630236392276799e-02
2.411791080433565992e-03 1.354367521101522594e-02 -2.067481796065806076e-03
-5.331713331270611367e-02 -3.037180517906751948e-02 1.620964839107416275e-02
3.023522328716285457e-02 -2.166038062988955362e-02 7.556430783718014361e-03
2.208079724054697740e-02 -1.467839801547012046e-02 -1.110001650356415124e-04
-2.410554435204663622e-03 2.656716854481440751e-02 7.799119174850845798e-03
-1.280730447883615328e-02 -6.711715546255147928e-03 -1.365585348007265429e-02
-2.073644348540817223e-02 1.817929323260215890e-02 -6.328893147482798258e-04
-2.295540772165519453e-02 3.319474733019674249e-03 1.111363952366228175e-03
-1.534243381272512585e-02 1.099895545252088831e-02 1.748217873414819462e-03
4.090749888926539096e-02 -7.264320514987679779e-04 1.226122118525102556e-02
2.662916514413628602e-02 6.294593268313544362e-03 -3.469951719306470271e-04
-1.093100959630416598e-02 5.918484927387620805e-04 7.544088937286321482e-03
-7.686962086077039902e-03 3.263088307666671406e-02 2.916200919022589235e-03
5.882564748293297834e-03 -1.004657088949373334e-02 7.251523960418291073e-03
-2.353472134260660865e-03 1.536294353122836381e-02 3.578474170097001479e-03
-5.317204763519009503e-02 -2.585942906684537274e-02 8.855859699780296856e-03
3.063132644408922411e-02 1.500103746027141999e-02 1.531380029725858648e-02
-2.767130582252397622e-02 4.696032806792329282e-03 4.577794226437506379e-03
-7.824809022824128282e-03 2.272043615442938258e-02 1.007355492136073095e-02
-4.686473161702047613e-02 -2.968625467248077812e-02 6.729451532484814064e-03
-1.458644434128902878e-02 -1.224397958332461463e-02 -3.211323704697090914e-02
2.114990253452621923e-03 1.043306707456128322e-03 -1.892128179322565690e-02
-1.635517429354999691e-02 8.005233512270115703e-03 1.385302314124909999e-02
-1.648692381076729413e-02 1.281174393611841412e-03 -3.044114349788728732e-02
2.813090046167557659e-02 3.298114806826969378e-03 2.299840868423949820e-04
-3.565964835975792696e-02 -3.046081519757040668e-02 7.647109358822397167e-03
-2.490656454606710035e-02 -8.559180581134903654e-04 1.390230846621360629e-02
6.252953972653715713e-03 -7.678719226628981723e-03 -3.720799185253574615e-02
2.934448461456812957e-02 -1.107080315331597335e-02 1.367263632993968728e-03
-2.421106994527775710e-02 -3.161783819102976373e-02 2.862143866746517593e-03
2.572169158295953620e-02 -1.199494343056396392e-02 1.647295545043927709e-02
4.462945061294869287e-02 1.022740665657842149e-02 5.916069907361588137e-03
6.312392065911614711e-03 2.863729175538308122e-02 -2.038892796722397913e-02
2.465463926382437543e-03 -1.536438592366223344e-03 -4.046074975655700873e-02
-3.135649071209084537e-02 -1.485159841417606034e-02 2.095430323674962389e-02
-3.227816779048260035e-03 8.325548593533817904e-03 5.360220309865396538e-04
-1.256463904648648898e-02 -3.504680642126807924e-03 9.884270347224699202e-03
3.183544544654776792e-02 -1.332568186911243374e-02 -1.652581210003430849e-03
-3.262924494341905984e-02 -8.115138507168067131e-03 2.068538466073498172e-02
-6.023348143975132581e-03 2.324088401684806446e-02 8.414507708883967041e-03
-5.158420905703441778e-02 -2.905823582482488718e-02 1.185002868896568515e-02
-3.821918918533014943e-03 2.682831273197813782e-02 1.253459824397842523e-02
4.034966999569910423e-03 -7.966651652491730726e-03 -1.264146990303675194e-02
-2.447866672215223000e-02 -1.671403121705054839e-02 1.827718785627109599e-02
3.722767288212808917e-02 1.683784534746341627e-03 1.650573989903892508e-02
-1.243556449330117906e-02 3.222295294683637928e-02 -8.162930460755963430e-03
-1.035409246773087884e-02 -3.045182735031960394e-02 -3.000360800023626432e-03
2.596268460155244304e-02 -6.495554353092192375e-03 4.093491240921780239e-03
-2.711344524533619571e-02 -3.967553687628732999e-03 -1.295761389902642599e-02
-3.226765569489044999e-02 -2.566803151345317668e-02 1.050186050798523722e-02
-1.376240848155398620e-02 2.625967459457627037e-02 7.931633330645355279e-03
2.885980726112831116e-02 -7.550069416213407887e-03 7.011879412344595476e-03
2.007281266573560444e-02 -5.589359033253938139e-03 1.805690045366545315e-02
3.362702847816898682e-02 6.599817461151612566e-03 6.332956139437604520e-03
3.391720886696648202e-02 -1.337643020974602255e-02 1.228663036704956630e-03
-1.730980642386370852e-02 -6.505791394980712551e-03 -1.161032190953702886e-02
-1.836764227264341132e-02 1.551031407932942224e-02 -3.667846661210716602e-03
2.861324891794831391e-04 2.320892402001692792e-02 1.262100040906498008e-02
3.078857394579165296e-02 1.351007279671286032e-02 6.221876020115179803e-03
-3.010115733056710832e-02 9.907391021141399162e-03 -2.143311465662463625e-03
-2.248113454895298707e-02 1.915289035943255544e-02 2.963006763361342253e-03
-2.187772671993102463e-02 -7.368770458097606904e-03 -1.739856910814097449e-02
-2.216697872293366470e-02 9.028489895108094201e-03 -6.795076350168227468e-03
1.924205384673630115e-02 -9.905686958492591204e-04 -4.126321452641790871e-02
-2.779134906191851190e-02 3.846783447587548074e-03 6.863469726160858738e-04
1.791661404327666435e-02 -5.721068211779918415e-03 2.469667902795528915e-03
-2.712402139467742519e-03 8.187291157177485623e-04 3.377961115211205231e-03
-3.037304902803230483e-02 -2.456127185462006132e-02 4.966125495169937225e-03
-2.115574202555467465e-02 3.304643217820401376e-03 1.298974552225911098e-03
9.407844440458999410e-03 -3.257654630800522338e-02 -2.303019038872344132e-02
-6.428190086844187516e-03 4.710097614452007399e-03 -2.703434880214776286e-03
-3.080098026807488384e-03 1.356171559672114842e-02 -1.845768132705804913e-03
-3.015018078061290976e-02 4.807456208371053909e-04 -3.807049276251866718e-03
2.188483275975491860e-02 -2.736916741357942745e-03 8.651980391264304029e-03
4.399339997039852096e-02 7.646118834370544369e-03 5.507254892774333249e-03
-3.132971755829488426e-03 2.769661456959589263e-02 1.462867853353262346e-02
-2.014298440948460167e-02 -9.998413510426441830e-04 5.029264474181160786e-03
3.823621861139365335e-02 2.249645276217903354e-03 1.049541924691199321e-02
3.324927378713568582e-02 -2.836632797726324623e-03 1.134999363558652358e-02
3.648613957003635222e-02 1.985530875556503708e-03 4.520922459247457038e-03
3.579409861697093603e-02 -1.443951073694130748e-02 6.237391091032622528e-03
1.230478844988476452e-03 2.424634845889994325e-02 -4.293304780789358038e-03
4.864931066726281908e-03 1.475782998216132111e-02 -6.072344374757818013e-03
-3.604678058234679627e-02 -2.264925581286754766e-02 3.086542042374760229e-03
1.100606995648798804e-02 -3.239144069742413284e-02 -3.016609586974278862e-02
7.673109536863006314e-03 1.457295094939086745e-02 -5.767750356007318550e-03
1.444136177192846537e-02 -1.010674884042295218e-02 1.355200587524257351e-02
-5.143214481623554525e-03 1.212269661663396315e-02 2.539059950752341633e-03
-4.494073996022547981e-04 -1.020090670848890040e-02 -3.188848167159605285e-02
-2.380805993418025693e-02 -6.832434769161856679e-03 6.333561234650652780e-03
-1.235952973390499164e-02 -4.242113168082688006e-03 1.072243796886673817e-02
2.238788139705675043e-02 -5.309461442253794912e-03 2.702299962490928558e-03
-1.537446974308361719e-02 1.533263130944626310e-02 4.045245244299163628e-03
-1.853662394453661072e-02 2.943337641333125532e-02 -1.178775232298536792e-02
2.663386551966238913e-02 -1.546784913765991351e-02 6.537150393536633654e-04
-3.548144063059771591e-02 -2.544287886462609852e-02 4.909020033897063158e-03
2.022804395671484387e-02 -3.169485495458940899e-02 -2.961791417379005392e-02
-1.553367689464111613e-02 2.974843950188387192e-03 -1.467865803673603503e-02
2.934050663051565935e-02 -8.841697903034868161e-03 4.504317231322887798e-03
3.340186840210201957e-02 -2.749656394663241386e-03 -1.123082186503103182e-03
-2.354066727489782448e-02 -9.217816707711641230e-03 -1.176462271845169633e-02
1.575018053446675462e-02 -7.814114543523946813e-03 -1.182700880347510586e-02
-2.057244563822126920e-02 1.452584199478943079e-02 9.162938325493521488e-04
2.864566074185040737e-02 -1.421561364346700818e-03 1.667426728842065151e-02
-1.702594511098341409e-02 -3.311689832785164218e-03 8.865125785899976782e-03
1.265537655105125787e-02 -2.957011704015124250e-03 1.806036610950804283e-02
2.518761239516252234e-02 1.349889126108548250e-03 -1.803301549393454550e-02
2.061144556232571631e-02 -5.073004911529454229e-03 1.602397151340756443e-02
1.087537777753568718e-02 -1.017162655808292147e-02 -3.284221983656741839e-02
-1.750626353140975755e-02 1.067535243322459415e-02 2.615951639655419818e-03
-6.506275097868812335e-06 2.269974977337661445e-02 -6.809428684183957067e-03
-1.457213257106900958e-02 -1.045223921054304859e-02 -6.087067240058336749e-03
-5.368274520812424400e-02 -2.686977496360412956e-02 5.702550095386764266e-03
2.862066814523765365e-02 -1.268235892933678582e-02 1.946450208325674813e-03
2.892960630366435068e-02 -1.715968604075889577e-03 2.024664602956979462e-02
-1.239382397906099546e-02 2.555145732239626211e-02 5.014924259212564205e-03
3.019939319197652641e-02 -9.360071429153559233e-03 -1.051038966764372999e-03
-4.381982839365158172e-02 -2.399274196616436525e-02 2.699599087018675694e-03
8.158430375458129366e-03 -1.707140593477850590e-02 1.068160239482680504e-02
1.088691038166510021e-02 -1.128102975034209719e-02 8.117510544664521474e-03
2.701787044704802299e-02 -1.064546895131016253e-02 3.049987709063404552e-04
-1.917920821059611314e-02 8.737123597769427125e-03 3.093154005908203916e-03
2.619289072789295417e-02 1.005765908084851196e-02 7.327190779993979046e-03
-9.491545548573839669e-03 4.672795973162051364e-03 6.767474996049661906e-03
2.111488021508742610e-02 9.047756880415199409e-04 1.299716982430233411e-02
1.066059310753283279e-02 -2.407383279907138185e-02 -2.383917209049216460e-02
1.944995038197741772e-03 -5.891894876392294624e-03 1.058465350000702826e-02
-9.942281943195621294e-03 -1.050372428329548156e-02 -3.141091501076754416e-02
2.721646392390453598e-02 4.649209793126110428e-03 4.989794500907132700e-04
2.634315449463909761e-02 1.612624410514323578e-02 1.882651763359654076e-02
-4.954508650382767436e-03 3.096201532742488827e-02 -3.401653349428306310e-03
-1.135967198664461497e-02 -1.074469738455694108e-02 -8.766045175608768933e-03
8.508977955982953423e-03 1.536912451096642679e-02 -7.979415857313489416e-03
-1.831207419124392111e-02 -1.784489270543741487e-03 3.413977967145821659e-03
-9.976011775914438509e-03 1.527183143288470164e-02 5.318319699395449712e-03
-7.894312672146528223e-03 7.473051658181527161e-03 -1.541597016314165923e-02
3.393740776618234950e-02 -5.454529488438885319e-04 1.390130307558479217e-02
-1.045545881026283680e-02 -2.191189419136436306e-02 -3.079976031400688801e-03
-1.352436708541165239e-03 -2.078546552599595549e-03 1.313652717833233615e-03
-2.421464181202189966e-02 7.517304255925677178e-03 -1.475249219435380657e-04
7.008138261659439252e-04 2.426587991237030145e-02 -5.470438111439501934e-03
2.370585313466804997e-02 -6.774315927020649851e-03 3.047930193171670844e-03
-1.098458014933433903e-02 -3.278264315289517502e-03 5.449716583051959426e-03
2.416087377575102182e-02 9.351192464378151742e-03 8.640196831653014845e-03
1.645536307923223989e-03 9.341513327948086295e-03 -1.229003219151071982e-02
2.117762133159236705e-03 -2.706839823579110932e-02 2.549748983182837346e-03
1.865801121071412189e-02 -1.660057760774436703e-02 -7.416401783409836551e-03
2.661461740386769984e-02 -1.376944918596649352e-02 6.562930085671324874e-03
1.243423411082460531e-02 -1.124714606390619757e-02 -3.223544356939221298e-03
-2.279168408798391832e-02 -6.079217634004310464e-03 -3.384935039180789196e-02
-2.115605401906157229e-02 2.965332952560937457e-02 -8.001195080424049807e-04
-2.341452527046007648e-02 2.730236718417774350e-02 -8.752315259140277040e-03
-6.165617625470941505e-03 -1.457000616321258097e-03 1.645449838482391158e-03
1.680834724661169413e-02 1.555908866059934476e-02 1.124277131958850012e-02
-5.236105368900116630e-03 2.863418025475958015e-02 -1.667456627876589582e-03
-1.453351773408589377e-02 2.643080528885378977e-02 -1.129814260659657218e-02
-1.427115576049774226e-05 3.307446940922997153e-02 1.003196588416115087e-02
2.920522564822336520e-02 2.177815926196857710e-02 1.086392082544119543e-02
-6.049864998823313404e-04 2.862639393383904080e-02 1.173379140442848759e-02
-1.145127179514401038e-02 1.357841901994737664e-02 3.571213938513859674e-03
-3.075455620456130079e-02 -3.174493274500573420e-02 6.856682716091330558e-03
1.377736164126820186e-02 2.032141966106306916e-02 -1.763579311766152666e-02
3.034402864387054574e-02 -7.852665943706883464e-03 2.892173731912680255e-03
-1.882791095135830442e-02 1.947333750375025707e-02 2.280461061562565929e-03
-7.150476806631000937e-03 -1.425083042606927267e-02 -1.283112621918565399e-02
-1.321370173026494878e-02 7.094750771266038376e-03 -2.275511771642073008e-02
-8.784562268587326958e-03 -1.657724497849837053e-02 -5.338654146668892712e-04
2.041928385339945862e-02 -3.942139146714537107e-03 1.561398885544708001e-02
-4.950887985194279625e-03 8.950136427964048777e-03 -3.556555416244249119e-04
-2.534859194219104064e-02 -7.191999433029912410e-03 1.826737237071301631e-02
3.496699087037596996e-03 2.270187889007568155e-02 1.681316382531843415e-02
-4.201743471288102438e-02 -2.528783771729353758e-02 7.811582014698580968e-03
4.991831995929214491e-04 3.026622988713372278e-02 6.757078709301469685e-03
-2.984033141419951268e-02 -6.145881657945828636e-03 -1.322514381575261994e-02
-1.829141555914436112e-02 1.090551947855104148e-02 -2.420859509296378539e-03
1.640749913770859700e-02 -1.088474936472426900e-02 -6.269726839707509027e-03
-8.946794467744092691e-03 4.545569809428749893e-03 1.001252335929800168e-02
1.043999827198511220e-02 2.157041838580522203e-02 -9.052135783628770596e-03
4.299063878440169406e-02 -1.228720091646482489e-03 1.229960331844114942e-02
2.324327454891588277e-02 -8.271034888596789925e-03 2.585032200456306196e-03
-1.306423651808173367e-02 6.377168242394813322e-03 4.796976752799832558e-03
2.436759777455028281e-02 2.121545811977830313e-03 -1.806409872409087472e-02
-2.686349430522575604e-02 1.102369539880662490e-02 8.954063983119814676e-03
2.996646204518362347e-02 -1.316842705492856768e-03 1.611587097720289935e-02
-1.964966959324618984e-02 3.211974531221188384e-03 -3.252009854162725422e-02
-1.216008473356953827e-02 -7.991509378458837992e-03 1.060924393732794527e-02
-7.943802738281303955e-03 2.766011518945906550e-02 4.944908897745922335e-03
-1.310198302691657768e-02 4.647006307995331029e-03 -2.922334210045927916e-02
-3.262513424521937960e-02 2.292246626521258698e-02 3.586366445895227979e-03
3.453657030655438859e-02 -3.665067822645634056e-03 -1.442122774606084852e-02
2.931953873962541562e-02 -5.140532765943695796e-04 8.405317522447554660e-03
1.641847916209254049e-02 -1.150937792232946399e-02 1.277150138495740210e-02
-6.035856071253061942e-05 2.424994040696365483e-02 -6.101639768276490884e-03
3.950341688601655826e-02 3.216161954071357007e-03 1.128154540664587369e-02
-2.830289611435141822e-02 -1.563054558405225017e-02 3.777067832244655407e-04
-9.774747375320509343e-03 2.641522979361675752e-02 3.638408475208240473e-03
4.031549801573103969e-02 -1.602078545305507399e-03 1.927399844447793761e-02
-6.948685055118909021e-03 1.292601863516045467e-02 6.861535397319375520e-03
-3.222535742656783969e-02 -5.596982894751270816e-03 2.321919383442375140e-02
1.884982407709174385e-02 -1.838144239453112436e-02 -4.523876738908898937e-03
3.493975159579009587e-02 3.411023056081792862e-03 -1.607127056594283981e-02
-8.785084103471106978e-03 6.174843268893449345e-03 -1.988765466404706153e-02
-2.447101157934601298e-02 6.372939783188234959e-03 9.690782326460494270e-03
5.428110529372659303e-03 -3.782015142661952073e-02 -2.829907046461851636e-02
2.469440056771760733e-02 -7.391955180899473753e-03 2.655878261593950466e-03
1.995692976191795406e-02 -1.131556743191722628e-02 7.865111451277724541e-03
-3.432389611673276799e-03 2.263197632977095169e-02 1.041634886503364776e-02
-2.449995411681880203e-02 -1.513834283078019892e-02 1.954489681863039174e-02
4.579236972428599867e-03 3.361863771182083127e-02 9.359327401336133348e-03
-8.470015369328140128e-03 3.571778397505183389e-02 -1.697283645705247469e-03
-1.971237178182717875e-02 1.139015397529172073e-02 8.325911199504786031e-03
-1.433242514487739240e-02 2.027118535958498131e-03 9.417595526999273173e-03
-2.421805611913166109e-02 2.815471771097916714e-02 6.164733455055365283e-03
-5.585109334660332860e-03 7.566814353339270868e-03 -6.274800186667422270e-04
-4.841557575804537536e-03 6.869956008352186110e-03 -9.416217387867041599e-03
-9.017728749936329211e-03 1.006593101096132752e-02 3.040587381824744542e-03
-1.570861077070188558e-02 -6.361179029710722389e-03 -1.318911042338210930e-02
-1.964065870665619024e-02 1.711557755718882967e-02 -6.335027758226813820e-03
2.264076269072314712e-02 -6.149046485572095579e-03 4.423734675747680381e-03
-1.935700052423047074e-02 8.233999059010200031e-03 1.261068255616960322e-02
3.827026106203260808e-02 6.698362211022289292e-03 7.792844595945500573e-03
3.535753927408768343e-02 1.410257297800702331e-03 -2.027259285159737842e-03
-1.677161318951122040e-02 4.894490216708545678e-03 1.875967214539509681e-02
1.613558059148187743e-02 -1.864564744401337945e-02 2.945234073767555565e-03
4.541530413872989919e-02 -3.069564870115967445e-03 1.611873094612557844e-02
1.723993124590544749e-03 -2.704191174197983355e-02 -2.677325079013971078e-03
8.822214897966103699e-04 2.194826477292657896e-02 1.669985275029525068e-02
-1.675262619039112957e-02 -1.452296317858027194e-02 1.207115431811270866e-02
-2.320418280729984184e-02 -1.066144995650755191e-03 3.947450964469405299e-03
-5.723570533805523441e-02 -2.382987389186767141e-02 1.194709912183204888e-02
1.734769319345073543e-02 -8.994497964928261161e-03 1.119284837119989768e-03
-1.423500555380405840e-02 1.700375732847932489e-02 1.054087016097875196e-02
9.985055011069835645e-03 3.854383515586117491e-03 5.689427868178427092e-03
2.827434314014453526e-02 -4.134891258644527584e-03 1.303786124902250182e-02
-1.098908179545583265e-02 -7.540445892611474972e-03 5.338636644560080559e-03
-4.454060728229154720e-02 -2.116038458630083510e-02 3.958392311575685205e-03
-2.281188417947460981e-02 1.039805692639766445e-02 -3.088194626674363279e-03
-2.087642777245699455e-03 3.157669501163275910e-02 -1.284289134464212077e-02
-2.919604642116234786e-02 -3.083705771751947457e-03 1.469653884202864851e-02
-3.593021873876876132e-02 7.352688549177834737e-03 3.636443174068593794e-03
-1.551151208082411984e-02 -3.623283836379528715e-03 1.378635030284140230e-02
8.141790605943650819e-04 3.535289981311148105e-02 9.825955727090903910e-03
-2.056340972123989544e-02 -3.425497289457421143e-03 -2.671047837221925125e-02
1.950048326515490746e-02 -1.139235738700642223e-02 7.987477533735656138e-03
-2.726959661007906724e-02 -2.318068429224646662e-02 -2.847734408409926740e-03
-6.097476831106787669e-03 2.244647902460881334e-02 1.430215762836822488e-02
2.832377730484547662e-02 -5.135359928471859223e-03 3.914298131402600689e-03
1.696401621268177687e-02 -4.138623162407637814e-03 4.671445945662958295e-03
-1.984367281857785451e-02 2.707021129519578129e-02 3.383785575677992086e-03
-2.169617274378149094e-03 -6.178097365364604472e-03 -1.600788012719383396e-02
-3.235142894397661367e-02 -2.374021325814425903e-02 2.144565054268080667e-03
1.897695918202079932e-02 -3.188891607419920907e-03 1.297272544757384349e-02
1.096623223120729747e-02 -9.060429631180514157e-03 -3.672961636674616781e-02
2.982086770400132342e-02 -4.121316228245344368e-03 1.664233434443320586e-02
-3.650538731482479843e-02 -2.301070064998146300e-02 -1.425115333622623253e-03
2.674583644396149457e-02 -7.862159677935992574e-03 7.239688854364676428e-03
2.969150864170402859e-02 -1.297414666511456259e-03 1.107279126569263653e-02
-6.799200550018941885e-03 2.628394004762159286e-02 1.550183248232408703e-02
-8.762236877953419670e-03 1.906021378877654701e-02 1.005331456203903753e-02
-1.413957300024446494e-02 -1.800232565081425623e-02 -7.985098156802422978e-03
1.426468309592942955e-02 -1.606243537597758578e-02 -1.418391894704953103e-03
2.162192514633556883e-02 1.094324596152123318e-02 2.024146143719714533e-02
-4.973129448591199347e-02 -1.516513404224345898e-02 1.130641809061096528e-02
-4.669144196920099049e-02 -3.605973761082476026e-02 1.229116438029998620e-02
-4.308546360674230837e-03 3.153595171196749841e-02 9.211378884228557662e-03
1.685249486156379164e-02 -7.588054014991346165e-03 -6.890723196234433724e-03
-5.168746011994580086e-02 -1.859388261652280758e-02 6.816421290433144139e-03
2.646002658957799167e-02 -3.594452315529642061e-03 1.102146542523985834e-02
-8.196010305725866599e-03 3.601726285955923756e-02 3.480139288924269641e-03
-1.871552299242941128e-02 5.093919620888337843e-03 -2.539088178338874333e-02
-1.213995603044950265e-02 -6.021377491327408078e-03 -2.638061514882794958e-02
-1.235038725124139487e-02 2.832346147796289265e-02 -1.045533020282109204e-02
-1.709947318391537296e-02 4.508852454070859730e-03 -1.995600816225763519e-02
2.540920692651620766e-02 -1.494436468946499022e-02 -1.535014507886366770e-03
5.046149712832030156e-03 2.855192770575898376e-02 -2.028110284120821991e-02
3.061459127200397839e-02 -6.299678333167657053e-03 1.445273188692778807e-02
1.420777885197422978e-03 3.811865935520798200e-03 -6.990365160515581849e-03
-4.750260440453046504e-03 1.801112330882475784e-02 -8.055632841636383920e-04
-5.875200825211595798e-03 3.713805048511689688e-02 -1.120541416260756144e-02
1.883331585743217712e-02 2.694738948221928401e-03 6.671762324095628291e-03
-2.160332732747055964e-02 -7.306376189636178131e-03 1.087150206629103853e-02
1.099707272116463852e-02 -1.936304956420108539e-02 4.467095456102545409e-03
3.501224218519886910e-02 -5.277683483885753542e-03 7.551152866118155489e-04
-7.851291128785266998e-06 3.007862374531595703e-02 -1.484398972456881828e-02
8.200606606097832554e-03 -3.895243145932363905e-03 4.454802905962786455e-03
3.126117192551967211e-02 1.390904828461636718e-02 1.323371644909526919e-02
1.481023464905444152e-03 -2.473385186827423837e-02 -6.232974138479659663e-03
2.854319873948504491e-02 3.197268344975998360e-03 6.151948551015029576e-03
3.703786337362033332e-02 7.014631112088936561e-03 8.819876676833975082e-03
1.806786282679887423e-03 5.037498640159293259e-03 -3.937693245782462013e-03
-2.980209459729982885e-02 1.320218194017375342e-02 -8.020544758954669838e-04
2.919386960938293724e-02 -6.075440732511488626e-03 1.298501762223175718e-02
-2.386607728614748361e-02 -1.021117661754332613e-02 1.959951890507169794e-02
2.863151588879465914e-02 -1.184833619475639775e-02 2.917280309693724184e-03
8.599144210252131215e-03 -2.487433509078865526e-02 -2.653427503697762188e-02
2.825059073280058661e-02 -1.942823245662698289e-02 5.569578492737066802e-03
2.917613512651823227e-02 -5.182248273312818967e-03 1.260648723485687829e-02
-9.748567137492300180e-03 3.402815895314290767e-02 5.006555006226707290e-04
-2.496340860066486797e-02 1.277613594631477230e-02 -1.791164184396990336e-03
-2.818406967938638392e-03 1.602490838482425323e-02 -4.498565923991709910e-03
-1.903451917649192845e-02 -1.578216550169857712e-03 -1.005452037059299981e-02
-3.681274947387811001e-03 3.217684649776789141e-02 5.213798275209621975e-03
3.359721084379690276e-02 1.124637760419026564e-02 1.036156127405842529e-02
5.466360945190431100e-03 1.920189910136993472e-02 -4.832891555573280706e-03
2.908339051192796246e-02 1.971465259436727679e-02 1.640862772887368565e-02
-6.401602899029049110e-02 -1.385455900108790127e-02 7.536920511019797563e-03
-5.415871028166813553e-03 2.754007003121252545e-02 -1.640524757967863146e-03
1.990900411288558033e-02 -1.432175577087865630e-02 -2.224506827759517433e-05
4.075610321214748893e-02 -5.413509434531864860e-03 -1.822376748384362671e-02
-4.702975184065802394e-02 -2.695293605175909726e-02 1.208919935934812430e-02
1.672427678735116316e-02 -8.496021501654767508e-03 -8.175938125607337681e-03
-1.140637818763049795e-02 1.059597544956575842e-02 1.393466004377721165e-03
8.671924541077421708e-03 -8.418675422018753740e-03 -3.324268650952041243e-02
3.070183555484285939e-02 1.278120484543716342e-03 1.820141698200391026e-02
8.991992087349251180e-04 2.883867725351073504e-03 -3.771403500902445818e-03
3.541817944982943514e-03 -8.025175002532856580e-03 -9.720280982453364735e-03
-2.196372120818260165e-02 -2.411441215415791040e-02 1.062726186599078325e-02
-1.222454377483978526e-02 5.263867942183400074e-03 -1.153418343219227669e-02
3.146032220477927577e-02 8.391161605690080835e-03 9.633032153840391520e-03
1.075648027530655719e-03 -2.414166678232247676e-02 -1.956556759126392309e-03
3.153674742337369413e-02 -1.480270377722500003e-02 1.139703814487349511e-02
-8.375666902969472125e-03 1.801555552997245258e-03 1.200627638013419991e-02
-2.583544666998745937e-02 -1.142079424489868614e-02 -1.359064534309191788e-02
-4.897241630602960352e-04 -1.200616025759778695e-02 -8.040396963493011070e-03
2.594703728991286026e-02 -6.328419985026445885e-03 9.162181821822571945e-03
-2.164239638079417868e-02 4.273923670213190286e-03 -2.204875437854605588e-02
-6.386474438942743755e-03 4.457054049677325547e-05 9.804560269294730970e-03
1.932896302076343460e-03 -1.091881677636804063e-02 -1.266550401942437114e-02
1.461324978988519027e-02 -1.096355377215257540e-02 1.741455216729642956e-03
-7.155342086435844025e-03 -1.350921403881456210e-03 1.051319185137790727e-02
-2.781571170507387766e-02 -2.218094592377835642e-02 3.885295225123929896e-03
-4.512461270296531934e-02 -1.692300433546721147e-02 -3.014779335438394058e-03
-4.146847832900640157e-02 -2.218197880942480299e-02 7.050545291345340290e-03
-2.172539115078959276e-02 2.981844902268504256e-03 -2.950046606123249079e-02
2.556776353571365082e-02 -8.352152119421021523e-03 4.429504892530617896e-03
3.168699401186103604e-02 -1.328747919334742449e-02 3.839899379838676054e-03
-8.790686926808054594e-03 1.963826066274722282e-02 2.963418482221274845e-03
-1.688558211940753562e-02 -1.289432072566720071e-06 -2.211750859780857448e-02
-1.542185505183696521e-02 8.814781354577586742e-03 -9.367663145264170516e-03
3.040339711377232357e-02 -8.915240952162169479e-04 -1.532945418543769922e-02
-1.485490488708202930e-03 1.312824978137650499e-02 3.818378144800077404e-04
-4.479144566335309385e-03 1.237120831936724431e-02 7.521748568829061087e-03
-4.116786962328832823e-03 2.139617283750764459e-02 7.370534191186800532e-03
1.120175194572962420e-02 -1.773015141848434005e-03 -3.826980271782066956e-02
5.101637156694448227e-03 2.631195404424367668e-02 -1.422534920984359560e-02
-6.473912684844815475e-03 1.939561836858797600e-02 -1.094106544384215209e-02
-2.580998910037724317e-02 -1.068273401531218830e-02 -1.530245147539535666e-02
-1.516609819810696425e-02 -1.385672891259444404e-03 5.405106434167436177e-03
-2.856164169051682820e-03 -7.605083975841857302e-03 -4.986934768280448099e-03
-1.776122602805425485e-02 -7.554324698541549539e-03 1.277903610505350292e-02
-2.377215090910433926e-02 1.234170965816227053e-02 -1.310190098350815695e-03
8.100080202947976954e-03 -2.840075549867668650e-02 -3.145234467828239566e-02
3.898703461799765679e-02 -9.040512845031032404e-05 1.063521983641357166e-02
-2.808262753577680029e-02 -3.365806377393859572e-02 6.952541474496009774e-03
-1.849369887208048794e-03 2.433904406542313631e-02 1.889410647731066747e-02
3.034678941940098865e-02 1.402861815911282748e-04 -1.741223588559661153e-02
-5.287130413229182424e-02 -3.481986124052503101e-02 1.407320086871824416e-02
2.666134456713957490e-02 3.499194875382756476e-03 1.698105978175530606e-02
3.067567671666687409e-02 1.754728408108945786e-02 1.197888644831380904e-02
-7.106375915131992599e-03 -4.637897282102276635e-03 -4.937519902714054137e-03
-1.097922811787654940e-02 5.926422254093887407e-04 -1.398645498729584984e-03
1.936045935114561259e-02 -1.327584190288820867e-02 5.697606562626981487e-03
-8.231579028561841413e-03 -1.910724266695031440e-03 7.662631820462124932e-03
-1.025756445746932657e-02 3.975519559900222294e-02 -1.853114078869246006e-02
3.756620604916937473e-02 -5.258113382544581972e-03 1.628637960621874201e-02
2.894082392349732469e-02 -5.815871513642540194e-03 -9.925564785114719332e-03
2.157431305554910125e-02 -2.394884100795321644e-02 1.680231811041436830e-03
6.453415878741440180e-04 -1.085783408165834699e-02 -1.165703723379520398e-02
3.267575452246241491e-02 -6.095302694450066387e-03 1.333215677339751569e-02
-2.018854114273662195e-02 1.043449535943783216e-02 4.748509295549356514e-04
2.732699643748490517e-02 -1.504309991894205991e-03 7.481674325069564806e-03
2.238785520928359557e-02 -5.836773840022838576e-03 7.512545259577108753e-03
-8.859835521820716778e-03 2.145843823519191090e-02 -2.877655521527152857e-03
1.111138182417009158e-02 -2.805408033919355726e-02 -3.059270026267777928e-02
-2.520160312783728540e-02 3.287223994177664033e-02 -2.260242166290196003e-03
2.850465453845256805e-02 -2.526356719546665741e-03 1.062668709423850687e-02
2.801377651463948099e-02 2.586968426541973870e-03 1.117884909166787927e-02
1.286578222520673269e-02 -1.648863082329158139e-02 4.994702085503027571e-03
3.341298885937923902e-02 2.723873807525970057e-04 2.327902280518350919e-03
-4.935019491809455178e-02 -1.483159422967071824e-02 2.399057172649878293e-04
-3.948736495080919923e-02 -1.420824422704132853e-02 1.057068173761746034e-02
-3.263402546666258064e-02 -6.434049780074583766e-03 1.153564067367084806e-02
2.791486227804283390e-02 6.976541717805184381e-03 1.964567046172100914e-02
-1.526220554726285964e-03 2.592679854053602309e-02 1.775217333708207015e-02
-1.999914843930354624e-02 5.389002873221797330e-03 3.758718602480007592e-03
1.797238240731548892e-02 -1.261252084727316168e-02 4.090260657542466732e-03
-2.742116315379798837e-03 2.691460883389584433e-02 1.286629557919390966e-02
1.048612535169080560e-02 -2.846393438957918118e-02 -2.451490693529383147e-02
2.148932937783161468e-02 -1.453486747060788939e-02 1.782766540926256082e-02
-1.226257369621656761e-02 2.692995050747893152e-02 -1.659163420893742732e-02
-2.091847616025872478e-02 -1.209965532750796732e-03 1.181965309933427979e-02
-2.823324984912807534e-02 5.027841952043209800e-03 3.529469456877831740e-05
-2.698731568215680891e-03 1.711862518993233911e-02 1.490671327926134000e-02
1.128974613748034810e-02 -2.102097273426569227e-02 -3.226068554643698322e-02
-1.818320032638879799e-02 1.049434798947929300e-02 -1.629759804718082256e-03
9.311104396557867008e-03 4.584641637489594510e-03 -3.731423588669943031e-02
-2.770455190264327350e-02 9.960374544992303160e-04 -6.443623979772650050e-03
-6.617811856739857362e-03 2.068151007508084796e-02 1.499185932858573475e-02
1.519359023533424155e-02 -1.661546937034804466e-02 -3.390885856858130622e-03
-1.735252660271730321e-02 5.430342614454276851e-03 4.887675392830879116e-03
1.787802068964256669e-02 1.097597251156913825e-02 1.401726454468203709e-02
2.554965787910557298e-02 5.510047435340541949e-03 -1.800249537764308724e-02
-1.318214398680198594e-02 1.918237982396044095e-02 5.189708364560301559e-03
-2.267039899558635427e-02 -2.424759277016099931e-02 -9.790358181905085160e-05
2.234559148828944505e-02 -9.504382634627949605e-03 8.309577767318977737e-04
2.625204072512567210e-02 2.287942297884531986e-03 5.846325157196412443e-03
1.218428702503302798e-02 -6.207982204791719083e-03 -5.161242110525106341e-03
7.437200359233608719e-04 2.583186047676944326e-03 -1.400425727691991841e-02
3.326997951494507083e-02 -1.825455299469038936e-02 1.223475511498494164e-02
-9.439439952680176923e-03 6.077739299243648495e-03 8.285947844675669791e-03
-2.190634885406168852e-02 3.472749143290408680e-02 -1.074227043700451759e-02
-3.484486557776709376e-02 1.872897444483048127e-03 -8.277856102518775039e-04
-2.048230326819048402e-02 -7.316210377232200412e-03 1.487659270418717657e-02
-1.491170221859400118e-02 -4.177274928417204145e-03 8.318917079222141325e-03
-2.950499740795569509e-02 1.779819108356130251e-03 -8.371938751583644705e-04
2.383927451105587528e-02 -4.482598423878837376e-03 -9.349304232542434215e-03
-8.851064567023605653e-03 5.345832511084808170e-03 -1.171003707856331510e-02
3.198926032021612298e-02 -2.661550387980966478e-02 -3.218213760780042629e-04
-1.266674893618054132e-02 1.029372313374382272e-02 -4.543126462345743050e-03
2.697815008531631586e-02 -5.723809141299476301e-03 6.415281743457620228e-03
1.621033806259111060e-02 -7.606326026273356813e-03 2.015601074789487995e-02
-2.726827564298427847e-02 -7.222050583134928189e-03 -1.917550866191302565e-03
-3.028423007287387933e-02 -6.293100448388347541e-03 -6.591346068075604712e-03
-2.842423549115908471e-02 2.758935748883553987e-02 1.102017837899907935e-03
2.402760156563399016e-02 7.217695705934465064e-03 -3.250549530196075124e-03
-6.508502457874704508e-03 3.417264614205278717e-02 -1.103686609225673805e-02
-1.290981884263395565e-02 -1.299714367758534293e-02 9.606344377891840383e-03
5.879562548932141565e-03 5.723448223865666359e-03 1.318156285089757372e-03
-5.895257867966621421e-03 2.106615387557160546e-02 -7.235366631520539007e-03
-2.824063355525913144e-02 -7.548966108388667669e-03 1.336830723270253894e-02
-1.544189747898605525e-02 8.680534280276881731e-03 1.009106456294975133e-02
-1.743013283354621565e-02 8.487565841696628061e-03 2.709284431457687024e-03
-1.966354089652465331e-02 9.459644664322636523e-03 -4.469305287227415580e-06
-1.119263951253328046e-02 -7.698297799911334865e-03 4.458660607792173936e-03
-9.717333780604795954e-03 1.094382993068704346e-02 -6.969429033159869891e-03
-1.292613976202408761e-02 5.657270283994366919e-03 2.014349398168586557e-03
8.374014774085881269e-03 1.836889239963835838e-02 -5.359024841906444292e-03
-1.644736440930750013e-02 1.455622036588420654e-02 4.214782765100387810e-03
3.874377826822816145e-02 2.219389251018041419e-03 1.196618829823042907e-02
-2.152791722239246267e-02 9.485831971096808993e-03 1.214587185928575792e-02
1.606555570841805211e-02 -7.729887553734820539e-03 -3.883588240759412724e-03
-5.272959570399927964e-02 -2.066155963422521696e-02 1.275780175838486102e-02
-2.522452024120555233e-02 1.084374362505480249e-02 -4.900997802722726650e-03
-1.207643816834878814e-02 4.835565066485039698e-03 -1.427065373575989952e-03
-1.728660489561778188e-02 -1.163939200884706385e-02 1.281463196422068934e-02
3.731380745747097522e-02 2.816861011786030849e-03 -2.623266390025906936e-03
-2.249228638262735364e-02 -2.896835640892179292e-02 2.106748419453238937e-03
-5.840691324371476145e-03 -1.496638852382328353e-03 1.253076614001487452e-04
-1.960893358654943949e-02 -4.501186024819752059e-03 1.177998948393378133e-02
1.654050691338415993e-03 2.937039010580172818e-02 -6.080001610629151218e-03
2.460229369935269458e-02 -1.013075489300530431e-03 7.488785395281932593e-03
-1.529705226868396592e-03 3.378587263695456699e-02 1.712081010626262736e-02
-1.352816456193420627e-02 9.752690622142103083e-03 -1.553441976169064702e-02
-1.156309459722814313e-02 3.049363642095761009e-02 -8.292134031348839590e-04
-2.825608160879983580e-02 -1.341934930201366290e-02 1.468260725092629263e-03
-2.173128649998584336e-03 -9.916944834411195106e-03 4.046593318673755157e-03
5.393888828760554435e-03 -1.058014123863528465e-02 8.477527152698125304e-03
-1.675606635324905502e-02 -4.422882119821771804e-03 1.252144634559153660e-02
-2.117717588004094931e-02 1.214738241352983882e-02 4.433271634180384335e-03
6.079031636763446156e-03 -2.575230577105022331e-02 -1.906747166993173412e-02
2.274155185015709971e-02 -4.499525039000606443e-03 8.334315628465555764e-03
5.925442119501005611e-04 -2.552447194575127240e-02 -3.302280150144007789e-03
-4.088544091171204646e-03 6.246882034109880327e-03 -6.148696706171803694e-03
2.573373597537427504e-02 -6.894452390196996808e-03 1.509800364796461646e-03
2.748550405895624701e-02 -1.227657536753629791e-02 1.369002858707817115e-03
-1.634667295318113084e-02 3.090883427611681999e-02 -2.738133862830771040e-03
-4.324533840797804840e-02 -1.159656769735578630e-02 1.815244084120968410e-02
-1.828543413094280493e-02 8.123356903050894459e-03 -1.468714656103095552e-03
3.285619360561119195e-02 -9.627369985156690804e-03 8.187642439345515014e-03
2.533500071776229393e-02 7.859236408472865905e-04 1.364424691372165613e-03
8.180291908056185057e-03 -4.040843668062771288e-02 -1.492227103465407732e-02
3.324615015367385351e-02 -1.096245774062885522e-02 3.433908040539599728e-03
-9.761998139274507755e-03 5.572473354492852270e-03 -1.711342100266160637e-03
-1.427469567382675872e-02 -5.206673690029793924e-03 1.504431306410399828e-02
8.967957819679307427e-03 -4.000556106960837487e-03 1.717537710665796927e-02
2.925229938520382614e-02 -1.394592732738291277e-02 3.021873260018847172e-03
-5.337193877162198404e-03 -2.630272476563843848e-03 -2.095426359447063666e-02
7.977607452410872711e-04 1.182852717459320288e-02 -1.212734144223066033e-03
6.775472627211032509e-04 3.259325725438340371e-02 1.025611248454560281e-02
1.101906218618710527e-02 2.801843190955054588e-02 8.666536185581538709e-03
-1.911267090669094976e-02 -3.903212991816540009e-03 -2.953223280909812037e-02
4.119143176354925218e-02 7.536260155465351017e-03 1.090543571111274659e-02
-3.199827498595440682e-03 3.565833065506535116e-03 1.172241589717422719e-02
-1.967268325902160608e-02 2.057152773577815286e-02 1.008633577086658290e-03
8.182490914828819848e-04 8.944690566091217238e-03 -6.498697928877612308e-03
-5.907557456143305331e-03 2.864177344280488535e-02 2.769512651789197717e-03
3.386127633449031310e-02 3.845491666635226439e-04 9.714670563994552352e-03
-2.714067814700773032e-02 -4.983181206858703499e-03 -8.557665896548062243e-03
-1.223788952281097513e-02 1.159715599968310674e-02 -5.699062135801000184e-03
-5.743283576960060526e-03 2.575862169190900816e-02 -2.136347298599452701e-03
2.838018544364805801e-02 -8.588406309248066209e-03 6.825987829855072186e-03
-3.746595597374338671e-02 -3.130310946100263447e-02 1.638040293187035049e-02
1.560592526333280140e-02 -1.101528017484553618e-02 4.234984812812175869e-03
2.538569050641738961e-02 -4.016127766970995698e-04 1.545234211695465515e-02
-3.309318836484759913e-02 -2.475153444781865233e-02 4.377163556963959215e-03
9.840671207543947793e-03 -1.772358747201893334e-02 4.699560784354741075e-03
6.689976998805365928e-03 -1.135530997159894286e-02 2.278274600854493656e-04
8.654599967742286279e-03 -1.928416442507200138e-02 -3.777610248594796480e-03
-3.095407810735260890e-02 2.230053711037327871e-02 -3.483812241088307931e-03
1.885216954665128175e-02 -1.675359165474151965e-02 -8.241939430236645131e-03
-4.718140476353837459e-03 -1.437433855179676319e-02 -1.151431675572220197e-03
-4.728425801714571108e-02 -2.323892315092314018e-02 1.843581170249154397e-02
2.114890988609216885e-02 -1.790484396896580357e-02 3.681627196979174975e-03
2.817009928371941307e-02 -9.599599679966023050e-03 1.303685217487864914e-03
5.262448876113353172e-03 1.369576474203361253e-02 -1.720956363241348680e-02
1.961142120137805006e-02 2.197925145409059672e-03 -1.866192216494351117e-02
-3.271474823628069128e-02 -3.034775933667112000e-02 4.065943695678443486e-03
-8.939115878014108549e-03 3.046331334709434166e-02 2.003645227964826348e-03
4.307220815274218420e-03 -1.166655070301047571e-02 -3.382741917629020212e-02
1.639564938869269694e-03 1.070343339749209798e-04 -7.878481081109710640e-03
-2.350162683987312012e-02 1.379585625156214829e-02 6.848806837736336715e-03
-1.375824130508226245e-02 3.036424110141780139e-02 -1.402088116510446202e-02
-1.429020070480761621e-02 -7.106140162548684087e-03 1.345636781885489394e-02
2.344998164176072264e-02 -1.737660329088810962e-02 3.053587392619862804e-03
-7.535867627098548349e-03 1.899012372328685166e-02 2.290263444434786997e-03
-1.226970070562509278e-02 -4.162652822155016134e-03 1.337717873476604660e-02
-1.151676260542497734e-02 1.324464875594872672e-02 3.991143113798612842e-03
1.070458111454828699e-03 3.231192796252799898e-02 5.843285060768433833e-03
2.080216437507514948e-02 -1.574895399246288227e-02 -2.415071871737250499e-03
2.726000028792409033e-02 -5.210304646545683115e-03 4.240018039756749887e-03
1.791462550372512758e-02 1.291137025091403795e-02 -5.466826856442624435e-03
-1.864410237114369831e-02 4.168853514167205482e-03 2.904961932055256501e-03
1.275359271171271200e-03 2.871617331034223564e-02 9.492870964909782758e-03
2.903119542836982842e-02 -1.649576636737539251e-03 1.438079791065713202e-02
-8.819151063261781998e-03 2.604405670802219241e-02 -1.829586360820032592e-02
3.053462875738213039e-02 -8.619706733294709225e-03 1.416405521719637031e-03
2.828829501282362907e-02 -1.982354169385385292e-02 2.198582133888068091e-04
2.997191100041447787e-02 -2.584543303501819073e-02 3.710320250099901750e-03
-3.087100696694212304e-02 -1.280418584457503062e-02 3.401894864238131505e-03
1.821730114854100760e-02 -7.443068626513209968e-03 -7.068247643478293811e-03
-2.137154407445700233e-02 1.133929275956075539e-02 -5.668145896543250531e-03
1.898825659789363934e-02 -1.014879832049771918e-02 8.283792140712788535e-03
-5.428397511663216740e-02 -2.221089858619523794e-02 1.194323106845667642e-02
1.350119120993870450e-02 3.169663764603376094e-02 -2.121533818175877842e-02
3.025875378925088621e-02 3.277984162605332256e-03 1.662071297224777333e-03
2.866236431617550859e-02 -8.504235923406511591e-03 -5.274815388616946321e-03
-9.843649940921182437e-03 1.023391158988108066e-03 3.942298444501741300e-03
2.096272882778438609e-02 -1.703698563717812378e-02 -6.210246436881871820e-03
3.958195414416644520e-02 -9.504438568303292699e-04 1.064633168957441686e-02
-2.102741659388905268e-02 -3.029712830966608400e-03 -7.505192247948835015e-03
-2.584409405488410916e-02 -2.988221728657223381e-02 9.835492123652846141e-03
-9.746435961023114727e-03 2.970102854966538176e-03 -7.251142124104354748e-03
-6.713798596512790540e-03 -3.805890520942592156e-03 4.151271669486843348e-03
2.588798236718256249e-02 -1.122496459839114787e-02 -2.863890774648720182e-03
-3.159964536368012333e-02 -3.026512551616555857e-02 1.006464300299557933e-02
-1.863682345765787715e-02 -6.043821315093370235e-03 -2.297010589231484722e-03
3.682341559628642819e-02 -5.483596067891655275e-03 2.492052176821557639e-03
6.763574778142491042e-03 -2.991234896526918929e-02 -2.544078568814699820e-02
2.335561516625704256e-02 -5.561657302848727231e-03 1.594579517885993947e-02
-1.550445091616393239e-02 1.192846381616925744e-02 -1.794315942380035264e-02
1.046905028149100123e-02 3.174499125782895281e-02 -2.235744212882082721e-02
-1.718642058654250293e-02 1.193480772570239268e-02 2.943816284068000600e-03
-3.690138720572397682e-03 1.536343963677154131e-02 4.820835979188101139e-03
-2.187631784352343789e-02 5.259852918128323125e-03 1.197707877860863758e-03
-1.243381104756392797e-03 5.443536932246778592e-03 -1.187806544492751339e-02
-5.351776783392974551e-02 -1.823585970871882331e-02 5.546691609318200357e-03
-1.886008780552344069e-02 3.552885223707953621e-03 -1.870397269299176046e-03
-8.793864653921056387e-03 1.487370440551590359e-02 -1.786019439519056021e-02
-3.405664563805584077e-02 -2.953514472642204333e-02 6.119238615317757618e-03
3.576813498385763429e-02 2.188254862144126209e-03 -2.331016053800193111e-02
-1.087060537488699317e-02 3.855165880937512415e-03 -4.994702080659934630e-03
-2.626193940564567394e-03 5.230076048933020132e-03 -2.847342949610089796e-02
8.335790548688862614e-03 2.760958701881559979e-02 -1.296683379249013481e-02
-9.091058146242860655e-03 9.271943231997481494e-03 1.099652092408698323e-02
2.788048186133227496e-02 -1.573888971170418066e-02 -1.945782581488662193e-03
-8.010717182527575184e-03 3.136018303397849344e-03 3.254743495265183077e-03
2.572475198671776361e-02 -4.332193709546769238e-03 5.539048845256466791e-03
8.061554690069755100e-03 -1.541073175191431770e-02 -4.332874738274103323e-04
2.448600688540655129e-02 -8.128073379534092938e-03 -7.669737625459685168e-03
-3.234709339539047768e-02 5.306470875904026156e-03 -9.635036117669783240e-03
-7.209610837367680380e-03 9.493326951923380247e-03 5.975775122118710120e-03
2.144408840534347410e-02 -5.868896731224675393e-04 2.953036488357266547e-03
3.160729819450591727e-02 -7.248494168609645634e-03 7.197638601042105969e-03
1.747701175192058198e-02 -6.360213306785302868e-03 9.436418809302014529e-03
-1.118896689846220552e-02 1.107719195439741018e-02 1.166159328270213735e-02
-9.168430076297926293e-03 1.741737445608136994e-02 2.708188639204630894e-03
-1.601229121698033442e-02 -2.689781591969889803e-03 1.538992471037380636e-03
-1.993708345336012849e-02 9.280484482293842319e-03 4.291436638405754945e-04
4.604430277198593574e-03 1.494868968146098251e-02 1.167341748747293545e-02
-1.195653981219483263e-02 7.499996747734815564e-04 -3.345246095333018199e-02
-2.446175261746657767e-02 9.827471489143429703e-03 3.663733610485657433e-03
2.879621086932731069e-02 -3.133980064893662071e-02 2.195094958282287154e-03
-1.227592012738765691e-02 6.918357217332953696e-03 2.019487033140407017e-03
-5.108797624451692776e-02 -2.321004022215620785e-02 6.931669020499495876e-03
-2.120341223037058853e-02 -1.086964940362589865e-02 -8.752190244440722841e-03
-7.936716383749887679e-03 1.009110234554014968e-02 -6.101901468717267109e-03
-3.181733659422532334e-02 -3.386193020830220723e-02 3.082233850358603172e-03
1.489101047981957783e-02 -5.075486501525307975e-03 -1.579495813117252900e-02
-1.141081020036175796e-03 2.265417397303568295e-02 -1.860432433121958625e-03
-2.139486806842354899e-02 2.716917310243887468e-02 3.218157143628385796e-03
1.009367906998527575e-02 -1.163804017987691772e-02 3.801711136276703616e-03
-1.673864723267295268e-02 1.318248518016366250e-02 1.052542425972532308e-02
-1.599058796139357988e-02 4.480490076600636591e-03 -8.656810852856512001e-03
-2.185990977857300496e-02 -9.876250573505232500e-03 2.262264494815931920e-02
1.609209185792719737e-02 -1.286416555322345869e-02 5.508528495734513718e-03
3.191188048364399649e-02 -4.145985410688728286e-03 -1.450521535555548448e-02
2.608336130374579176e-02 -2.191513997930325669e-02 3.569418675838000564e-03
-1.710543522670470579e-02 -7.437339750513196138e-03 7.486854356302201537e-03
3.116921981481975135e-02 -1.179259464333429382e-02 5.148533719039004829e-03
-3.284809733557472744e-02 -1.222490408976525944e-02 1.952265480440691300e-02
-5.604755443459810867e-03 2.354341577218093534e-02 7.369380634531146404e-03
5.888089041404964523e-03 2.794704304588103982e-02 1.275512313841511806e-02
3.906940083717425072e-02 2.399086502630404293e-04 1.159074216476075128e-02
2.324890810988110290e-02 -1.216724768244089629e-02 1.452095982177219148e-03
4.632611092191121945e-03 2.001310383189418632e-02 -8.426652128979529935e-03
-1.999548296848840945e-02 -2.384924366941630798e-03 -1.037667042938160986e-03
5.894516650035178741e-05 -5.492867618602813307e-03 -8.939252811079856018e-03
-9.740373471235474340e-03 2.817792596985574036e-02 -1.400130784222857090e-02
-1.669013028518460950e-02 -2.884366875303521257e-03 -1.262721015299174757e-02
3.195597869498840310e-02 -1.603398266422415702e-02 3.881562348429918024e-04
-3.031942239932772579e-02 -1.107815465229554201e-02 2.559036288887513080e-03
6.075331546952490898e-03 -4.158429101898269281e-03 5.026405738112462926e-03
3.400076754249588967e-02 -7.345302185306970891e-03 -5.064630826471584399e-03
-7.669197251955609147e-03 1.097178447549526127e-02 -1.701226368944380382e-02
-2.641436092751964573e-02 -9.049158867102400153e-03 -7.385993736056851305e-03
-2.409192113192934123e-02 1.030931263357541885e-02 -2.982130995303605529e-03
2.293160201377907048e-02 -2.428114297339618085e-03 5.496577492693913332e-03
1.013443191783739220e-02 2.212417839310087259e-02 -1.549900383901975549e-02
-2.039562456775825469e-02 -7.950880341305498200e-03 1.350647753449219120e-02
2.432972118448045382e-02 -1.309044937995988873e-02 -6.165034367822719123e-03
1.911452817410957961e-02 -9.608815807630746719e-03 9.300260534369178544e-03
-2.599352422497537909e-02 5.504647513925273747e-04 1.638824035110737418e-02
-3.108311761363760639e-02 3.085736113691098237e-02 1.622182496382758689e-04
-2.307841749066631351e-02 -2.725900381506395423e-02 5.670985436975553746e-03
-6.524857226618451444e-04 8.872405759099307593e-03 -1.926774787908867859e-02
6.866017299293094081e-03 -2.978246106283860550e-02 -1.959213981913134062e-02
-3.151531293633055321e-03 9.268110763894280707e-03 -1.562636692695560531e-04
3.176252275087798616e-02 -8.048651270830485191e-03 -2.136240618983380364e-03
-1.695692775197746598e-04 2.807882401666396410e-02 -1.967805103395643337e-02
-2.783071672947062813e-02 -3.332717900108719128e-02 6.005784660086874172e-03
1.707284208952947885e-02 -1.689145120794603369e-02 -6.473699648733019854e-04
1.511683769656264539e-02 -2.782564366329007624e-02 -2.755593774528963466e-02
-1.031621322200859323e-02 -3.158424952095395533e-02 1.681193975257387206e-04
-2.751515899616689340e-02 1.781679471570181417e-02 8.803688725894566079e-04
-1.877656452798879064e-02 1.298364797491658069e-02 -1.444943139684013019e-03
-6.478143166679695142e-02 -1.858178340322116581e-02 8.313262533872782870e-03
-3.127287888973437346e-02 1.120394100918767517e-02 1.935021553973968571e-03
-2.028578367326022702e-02 6.490596645647082842e-04 -1.207834483721599225e-02
-3.985522166844248509e-03 5.708549960613400719e-03 -8.223419952812675154e-03
1.285045058912487673e-02 -1.899103102838008497e-02 -9.871239726265796603e-04
3.889672270238948154e-02 -1.128116439304691423e-02 5.660815431286304877e-03
9.548292858411444248e-03 -2.586024847557249692e-02 -2.365020919547956152e-02
2.230252523162066722e-02 -8.505012804504110194e-03 1.943483149464933502e-02
-2.060175099966359349e-02 -7.381474910591546458e-03 -2.581389780510167514e-02
3.543737356620483420e-02 3.624440491563125748e-03 -1.394527205986155309e-02
2.486196780744814872e-02 -1.435363360824893318e-02 -9.631986444927603808e-03
-2.545128058009215113e-02 2.213014041275671723e-02 4.006859066580187312e-03
1.577687641729899615e-02 1.575324360494499004e-02 9.103538766365991061e-03
4.189507365769565284e-02 -1.230677825551892111e-02 1.645426149593259184e-03
2.017551717613094014e-02 9.237760956158986431e-03 5.380733449509901047e-04
4.060653549839976506e-02 -1.002847191384535069e-02 -1.586214456473019393e-03
-2.167207320054103173e-02 -2.126475777681772691e-02 2.108768388957341609e-03
3.266978628514773803e-02 8.004614440062856121e-03 6.140238963260054306e-03
9.354171233485832765e-03 -3.248764158916563755e-02 -2.131200141034153214e-02
-4.371147706959536625e-03 -2.728827485875444034e-02 3.151109537904119278e-03
3.838872422798881526e-03 1.735495457224466367e-02 -6.971797262893818540e-04
-2.170016816778654392e-02 -6.003721092854313705e-03 8.597458505907151771e-03
2.891918116582262166e-02 -1.894024300351905034e-03 1.552161650364693168e-02
-2.410016133591416296e-02 -1.316917154816911288e-02 -1.395748645327462732e-03
-3.362750471860866813e-02 -1.667640966227550148e-02 1.801009744465789913e-03
1.795506602684283437e-03 1.679398309886018584e-02 -6.035377689050490033e-03
9.736613653535107840e-03 -4.995099000923684113e-03 -3.265207579491019585e-02
4.430795660969031366e-05 3.455761834090841783e-02 -2.048374431904684614e-02
-2.234319943329894642e-02 -2.954851757874910924e-03 2.005480511452104042e-02
2.671109260934849405e-02 -2.417305376174415724e-02 -6.377030531877574647e-03
-1.278698909531056534e-02 -2.300619597627593868e-02 -3.698676003077305905e-03
3.395490956052501369e-02 2.647069728579436090e-03 3.857612483478622435e-03
3.398400808574184723e-02 -9.849106800214816118e-03 2.181523106326153927e-03
2.677184162852925750e-02 -1.187269092204761706e-02 1.840924720927694137e-03
3.148920064496378568e-02 -1.311402627916914351e-02 6.269516535751200499e-03
-4.298943293787103187e-02 -1.898706822332656835e-02 -2.115400549975910652e-03
-2.167566063811402974e-02 -8.939568776943350101e-03 -1.081408677520819504e-02
2.789374912030109788e-02 1.535455859030577554e-02 8.161945845194785998e-03
-8.405785037090879666e-03 2.952167364499286642e-02 9.549312324153721998e-03
-4.807992745120330536e-03 -1.474241240497363957e-02 2.296546849235753013e-04
2.220697624448270471e-02 2.936878403938586855e-05 1.933613219093436100e-02
3.112170266960400528e-02 -5.683356692818303246e-03 4.627262139240728364e-03
-1.397427355340849497e-02 5.753038462821521808e-03 5.021338625919388558e-03
2.821896123024260003e-02 1.522615855448916991e-02 1.342399437441334220e-02
-2.403826811212256623e-02 7.034288570146395025e-03 4.116971944908498970e-04
-2.152957602714578034e-02 6.683701358905442050e-03 9.840497988025949383e-03
3.336873111969695244e-02 4.272447711497829909e-04 -1.176700824601010012e-02
-1.223721743102594746e-02 2.864505252032812526e-04 -1.469977198257729593e-02
-1.370027202859583175e-02 3.492551824843456113e-03 -3.427925341279912386e-02
-1.978443203386462401e-02 7.217886368929600158e-03 -1.622700211371893436e-02
2.710082446631126296e-02 1.362831906508227275e-02 -1.365653497524337576e-03
-2.219073541718747863e-02 -9.849334604438051213e-03 2.507974138017748239e-02
3.053979274659368581e-02 -5.486301308932628462e-03 4.347547039810767747e-03
2.721309303444789315e-02 -1.651403304476794717e-02 5.338604056138398016e-03
2.101785567384692466e-02 5.404234546449926922e-03 5.643796992320636655e-03
-1.852649083576125887e-03 3.587843665509015539e-02 1.006527913718771941e-02
-3.023774404354595893e-02 6.726474205696063996e-03 8.327945379054024072e-03
2.643870998358004501e-02 3.433538711507746902e-04 1.079802427194229315e-02
-4.288845772446750471e-02 -2.737433312200868857e-02 1.169383355218006973e-02
-2.063133285802778646e-02 8.008768075095663505e-03 1.165616155463713999e-02
1.870380442176722627e-02 -3.671791124805027194e-03 4.288822335950299340e-04
-8.159218672553866097e-03 -1.079487826085965933e-02 7.399014579442634264e-03
8.060575653687614833e-03 3.527570656952547928e-02 5.432589734472843476e-03
1.010346284221281133e-03 -6.102535704694481665e-03 1.205018144558153877e-02
1.089348539423078003e-03 -3.155380304602995595e-02 -1.966535035012846079e-03
-2.067016554948860121e-02 -1.895001527992997521e-03 1.241859375424768375e-02
7.558842599807168855e-03 1.168078543645712994e-02 2.424189657025902205e-03
-4.266204802015780700e-02 -2.137346458198260968e-02 1.095749450616007037e-02
-2.081389087322830372e-02 1.203268120304336157e-02 -1.490788839310300262e-02
3.151183389466756524e-02 -4.546153630648253063e-03 1.298483212449665254e-02
-2.194178630314125647e-02 9.559983567488619010e-04 1.142485076040109307e-02
-3.383589469006683531e-03 -5.412725144794844909e-04 -3.525085997167907124e-03
2.782489838532508156e-02 6.868014930498868471e-04 7.830259646093849432e-03
-1.980140787497049800e-03 2.822713597081586128e-03 -1.914880030239535236e-02
-6.785933811560417896e-03 2.561766228047401492e-02 1.141927813231710317e-02
-2.321862205718856417e-02 -2.657661289199787780e-02 -1.198525111494852828e-03
-2.024600063019015364e-02 7.039615540175194440e-03 6.883438965493318511e-03
1.011885748914500421e-02 -7.235244875132995634e-03 5.855350831078937925e-03
-1.502819337099528009e-02 7.703379910368115418e-05 -1.285822415931575299e-02
2.335364614159252811e-02 8.304145270352499691e-03 2.476223747762427117e-03
2.457334449144199864e-02 -1.061950714337766243e-02 2.203586222937860880e-03
2.855644209170465908e-02 2.085514189561925996e-02 1.258949946029292756e-02
2.259189883922080311e-02 3.393483206674133626e-03 1.146285611681015053e-02
3.361766960907669466e-02 2.281073458975677558e-03 1.108590220889174929e-02
-2.191662723748764863e-02 -2.115009248711979014e-04 -8.726726864693010524e-03
7.661457429292302217e-03 -3.448371159835677408e-02 -2.219603263837518353e-02
-2.518684290037350240e-02 1.949371689527366544e-02 1.902326446142937671e-03
2.171974209140463408e-02 -1.064369315393648603e-03 9.002422454574920616e-03
2.568432220776811076e-02 -2.937369701025131612e-03 -2.130501783479523369e-03
3.018859827084968347e-02 -1.996774494658735619e-02 2.865352157468116501e-03
-1.679619091770463354e-02 -4.867890425324226293e-04 1.048085670368744705e-02
-3.220025819723427302e-02 -4.154858508539839568e-02 8.622540824302506179e-03
-5.005487462881032419e-03 -2.199483623905652482e-02 -2.231232524557563279e-03
-1.477057811423171559e-02 -1.242572029102885327e-02 -5.154952488907996525e-03
2.705451736051323400e-02 2.439216755112679109e-03 -1.276980989137171084e-02
3.157841528636934347e-02 4.584836860790796401e-03 1.066284361862346146e-02
3.359202925938181011e-02 1.373076976430696698e-02 1.108336658133692856e-03
3.303794746188012943e-02 -4.740806032678321173e-03 1.149158156113400456e-02
1.631858354079232867e-02 -2.898243464859462035e-02 3.852382021930045135e-03
2.558517274663333479e-02 -1.177105621468553694e-02 -3.784207651480351806e-03
5.673940019472701810e-03 -7.259924331672829891e-03 9.254923792598316809e-03
3.270093208329566403e-02 -1.166855779428095652e-02 2.777322809623726605e-03
3.226443255134064936e-02 2.161871759112586611e-02 1.073419787503175106e-02
3.373181018395641356e-02 -1.246181474562289490e-03 4.548538042992480643e-03
1.996668847555559123e-02 -1.302880250753509113e-02 3.473496979933790325e-03
1.373274940617404821e-02 -3.396667838829785929e-02 -2.507260024213814331e-02
-3.228052757755629320e-04 -8.878126118155632920e-03 1.325055788941889058e-02
2.813114587253308721e-02 -1.302967179061400270e-02 -2.637618814986653678e-03
1.809968685714593781e-02 -1.567239433733975257e-02 6.508542145845471090e-03
-5.997576176178114754e-03 -2.698439537007564851e-02 2.952737049281636047e-03
-1.863988689698910239e-02 5.334734427989862131e-03 -1.353807637204017776e-02
9.031431122223864197e-03 1.576173477713902664e-03 -3.252361810014373772e-02
-6.198085219001199866e-03 -3.134834354899954448e-03 -1.673035087318534148e-02
3.199332433599794134e-02 -6.602456425408996694e-03 -1.019052009824095335e-02
-1.189498519936185543e-02 2.317410976273953996e-02 1.801104629064230467e-02
-4.762988529325331080e-03 -5.759549534610576386e-03 -2.624638611826728054e-03
-4.479181821703827338e-02 -2.239756244090498546e-02 4.630396107450850465e-03
-4.711082935197847404e-02 -2.463269998963338314e-02 6.607918974706791793e-03
-2.272786763586890149e-02 1.338165422336320444e-02 6.577889763992906223e-03
5.918933510040640285e-03 -6.868359817341518347e-03 -3.401486829683029317e-02
1.758432129025732900e-03 -9.863673029949240889e-03 -1.046279008773006759e-02
-3.001958579302005229e-04 1.816756197426930286e-02 -1.470810754920127451e-02
2.456025475282996515e-02 5.443691725306201885e-03 8.715104469927608538e-03
-2.441420103426919161e-02 1.301418566241149821e-02 -1.259428799848137312e-03
-1.968818616553073136e-02 4.046645712033762436e-03 6.388119170814056955e-04
-5.443276849150420482e-04 1.956280701481248607e-02 -9.419449000499447583e-03
4.534754356510463727e-03 -2.673233893534099001e-02 -2.910675971074461882e-02
-2.084895975539546517e-02 3.096651184507102049e-03 6.362936886566018108e-03
-1.903957885525532287e-02 6.904828440316524568e-03 -1.812416178655735187e-04
-1.574531746253499120e-02 -5.508637956107924859e-03 -1.415759651335675787e-02
2.106374955823413220e-02 -6.041263356367448196e-04 2.006440992939386163e-04
3.130550789839049025e-02 -1.381964115882856978e-03 1.605501047580380064e-02
2.502665343637774237e-02 -4.425186743064279601e-03 -1.034807914012553579e-02
-3.465083798226906760e-03 2.440517868516289823e-02 -1.401316476817601785e-03
-2.585910690258210257e-02 2.045285578433689820e-03 6.658293969212719654e-03
-6.558129062008356130e-03 7.514763401193912118e-03 -2.013569606109490498e-03
-1.229455529914185927e-02 1.316831952951524019e-02 -1.790183369218927012e-02
-2.106879623517980693e-02 2.191108650795922652e-02 5.284280527822204920e-03
-1.315060529973413952e-02 7.196141143454095473e-03 -2.203948357472602579e-03
-4.633560057626256307e-02 -2.157984663255750266e-02 5.408832875558299176e-03
-1.992596295330979306e-04 2.589789810945874321e-02 7.027868124512498017e-03
2.799710320976563777e-02 5.348604468624374407e-03 1.004660121851026940e-02
-4.994045459843793333e-02 -2.981238080309206798e-02 7.825965322527696222e-03
2.766317205165232107e-02 -2.927790430265054741e-02 -3.653054373967822184e-03
-1.687452905343058210e-02 8.593306606403467579e-03 3.249155757456437081e-03
-2.104940403864687115e-02 1.640197923013526557e-02 2.638088756499398085e-03
-1.672615010915104797e-02 -1.064247139837270692e-02 4.178938463141682221e-03
2.609500718992172411e-02 -5.376773261227171460e-03 1.819424632892340844e-04
-1.724691012070684801e-02 1.173700796810473942e-02 7.989248840998303125e-03
-1.124493700239435900e-02 2.324420534710900342e-03 -6.884474597012790568e-03
3.143760675407086119e-02 -8.710883750688402927e-03 4.329854766853464577e-03
-2.711488472146642362e-02 -2.047171115561914612e-02 7.839864866941466739e-03
-7.945115902297749527e-03 8.999509001501361256e-04 -1.287427991314340570e-03
-1.336926992407015506e-02 9.660404064668560910e-04 1.013998097437454962e-02
3.608429675411053278e-02 -1.223409495593484261e-02 -7.362557016165020320e-03
6.863128693991520741e-04 3.067611761569905005e-02 1.284063677246130228e-02
-1.766582287282294356e-02 -9.805648477352468459e-03 2.161065174652876397e-02
3.026607521790149885e-02 -6.316974304933479015e-03 6.892095366180075837e-03
-8.514086568343275790e-03 1.083949467593404818e-02 -4.828181204930659214e-03
3.407264690758012721e-02 -1.246129319999596599e-02 -1.435964135155908677e-03
-1.528602190014761303e-03 1.230821389892979879e-02 -2.133516329703677092e-02
-1.533832404877176481e-02 3.101687981587060786e-02 -8.696482269364558607e-03
-8.485916537412365943e-03 3.614312250442124064e-02 1.875982868274691292e-03
2.972399489204712031e-02 2.174837086934901589e-02 1.376757304687989576e-02
-1.373641231848335940e-02 3.757855256074865008e-02 -4.133611356589884933e-03
-1.176106057270335722e-02 6.156706791856525300e-03 -1.466007684938007774e-02
-1.115811142220989732e-03 2.783278725081667765e-02 -1.132920623011483829e-02
3.143642219381648922e-02 6.706072124753065071e-03 7.262323159506611260e-03
-2.264460567504553157e-02 2.975243943453443826e-02 -1.821939545617445172e-03
-2.138991333685696938e-02 -5.518985239831658562e-03 4.307724338385306509e-03
-1.721193735187765556e-02 -2.820492321929903273e-03 -8.561202828874061796e-03
-4.757872684167022831e-02 -2.912778631196485946e-02 1.127963818725099925e-02
-4.148990135944828281e-03 -1.443634876207590921e-03 -1.085661915985779982e-03
3.025697823846415155e-02 9.022666247229086528e-03 -1.474632200431433412e-03
2.017091370859038987e-02 -1.234732253277341695e-03 -6.678913225495504077e-03
-8.009911844802417025e-03 -4.184188430709964365e-03 7.266861401935040916e-04
-5.454295246003079516e-03 7.546348356186539930e-03 3.839650340506225220e-03
3.428014110607479400e-03 1.967573102609619651e-02 6.046534350270818753e-04
-4.519529143018222866e-02 -2.628812787032296441e-02 1.080446267146904261e-02
-1.346083164086646355e-02 3.204257655276275540e-02 -7.283396958597716971e-03
-3.124172510634438092e-03 1.076272008466024575e-02 -5.312195517005477950e-03
1.091122935981275917e-02 3.267265879370755133e-02 -1.374262331136093251e-02
-1.224405840079920670e-02 -4.475392573001658186e-03 2.392384613017177475e-02
2.862813345113858141e-02 -3.064977297246125262e-02 2.184249832140921794e-03
-5.086682389399964019e-03 4.567053238269865381e-03 -6.826349894905445539e-03
-7.558301638976469734e-03 8.922138140018995994e-03 -6.652889875106852806e-03
-8.535858431548620090e-03 3.911097676613827998e-03 -2.947491032441353076e-02
-2.810256674689469349e-03 1.955065273166274945e-02 -6.018167987542242907e-03
3.287303570686170989e-02 -1.868387707377202819e-02 1.799075897542960116e-03
3.050945246248161838e-02 -2.015004287389564764e-03 2.811743441155201573e-03
-1.107977171658856949e-04 3.461663765226467154e-02 1.401466425535415408e-02
3.184206573904176801e-02 -6.463403721507257095e-03 1.027271180131811810e-02
2.479873924744884633e-02 4.526936916371810532e-03 4.281657165390382290e-03
-1.612137145559019644e-02 2.776792147951754122e-02 -1.976143425327758427e-02
2.992229386983760037e-02 -7.223509804656309818e-03 6.211144856016631750e-03
4.002392430818137170e-02 -4.737481200955486610e-03 1.696284610084856231e-02
-3.070459783550735094e-02 -3.394011819546113862e-02 6.200456344623018513e-03
-1.347020059452678012e-03 5.855109724822974045e-03 -6.424058678187477382e-03
-4.957877580056466692e-04 3.785671731370014725e-02 4.190391447157642418e-03
1.697835421622333543e-02 -1.021604869215488390e-02 7.095095085013879014e-04
3.816446637782124063e-02 -4.030257009506995648e-03 9.448206618861646616e-03
-6.512483186973197676e-03 3.044221779766599287e-02 -1.560484872886870947e-02
-1.372694383651552842e-03 -1.646215900174031674e-02 -3.990220442876591680e-04
-2.127345587948350266e-03 1.764280742804550869e-02 4.900891087866766915e-03
2.987759610712229473e-03 1.466774735861169424e-02 -7.156755052312356591e-03
-2.512558489302670062e-02 7.085274593607518087e-03 -9.814285583013610328e-03
6.408631927038362444e-03 -1.048019788616386984e-02 -3.495728767230244644e-02
-2.108548085304728578e-02 1.644435096680318953e-02 -5.173079190300931829e-03
-1.222336221858845093e-02 8.703459656767777511e-03 -2.208615610713032112e-02
2.582718079368873446e-02 -1.807123605098329144e-02 -1.033585751685841018e-03
2.547451653953675121e-02 -2.578746501941562240e-04 6.286049755228728664e-03
2.779981543930874419e-02 5.460302799491468899e-03 -8.405999933048123943e-03
1.761439200332498567e-02 -1.347383064493605856e-02 -2.247093932143826456e-03
2.578733325234557321e-03 2.939644500118390041e-02 -1.181754203989514220e-03
-1.827394454016772335e-02 -1.233090668574395726e-02 1.364346694579295430e-02
-1.616314473480258418e-02 1.791752218736127056e-02 7.625307097500608720e-03
-2.581835930858207909e-02 9.028118034321042443e-03 -6.090265782170917533e-03
-2.385173440281445137e-02 2.672322492127849301e-03 3.172249040993612400e-03
-6.659317685209378487e-03 8.474224700119015533e-03 -1.210846525947147090e-02
3.348051592849010660e-02 -2.421714893072693386e-02 6.569780829155546197e-03
1.913576747910788328e-02 1.045089184343534622e-02 8.848047942729858964e-03
2.562750061352307360e-02 -2.249804983815476694e-02 4.344586986487470812e-03
3.467314861675135917e-02 2.449125696896841797e-03 -1.622793087358621184e-03
1.574685964860612908e-02 -1.250096863476675077e-02 -7.781570256808922025e-03
1.899716424734882586e-02 -1.421187678461763824e-02 2.996867207488072143e-03
3.171592360032970265e-02 -2.057472043409324519e-02 -8.163763830752611764e-03
1.330418067834566662e-02 -1.630904207810503562e-02 -3.695987447919441699e-02
3.716343813530965240e-02 -6.819251372942736070e-04 4.925427313989658509e-03
3.238557524285254341e-02 -3.923780831215182598e-03 7.848885475234556458e-03
4.100294293193477990e-02 1.327952468067165707e-02 8.035664369912749391e-03
-4.648159311378791819e-02 -1.888313810565117601e-02 1.356506051943099332e-02
2.392270343600260210e-02 -1.456076105209396692e-03 2.661188893806639907e-03
-9.299956372498828505e-03 7.744100398238201385e-03 8.832947235870173067e-03
2.076767205317422982e-02 -1.036076576794043441e-02 -1.112530372677394269e-02
-1.284405434632744647e-02 2.184925474008125867e-02 1.293173656542564564e-03
-2.173881383359902580e-02 1.320501632195603993e-02 -4.959438377266434279e-03
-6.806488423398183996e-03 3.159996439786942959e-03 7.671604377625370480e-03
-2.869565662995928607e-02 4.441325060387677805e-03 3.436783452631590307e-04
-4.728405899091499276e-02 -1.374375341307064805e-02 3.918333126299762721e-03
-3.472335551460594555e-02 -2.994599957227697326e-02 5.633819912075521859e-03
-1.630615269629482472e-02 1.303036693432689172e-02 4.969734833392781825e-03
-4.500651243567816567e-03 3.603525256416868078e-02 2.480421845375275873e-03
3.144877270928076590e-02 -5.485743897060317911e-04 2.755956555471849017e-03
-1.345956438932162554e-02 -9.429766823221439817e-03 -1.987684111244922974e-02
-2.053005179604278779e-02 -4.862771931758093531e-03 1.385934215766917998e-02
-6.472008485749491426e-03 1.144118410858691037e-02 -1.167668629652907249e-03
-4.565455793987495056e-03 3.013632924663417912e-03 1.189847826163321041e-02
-3.119450435121753559e-02 1.431373980518350041e-02 5.793265911091061669e-03
-1.618624376567405444e-03 1.036501454424575662e-02 1.685655471504056814e-03
8.640200757647836186e-04 -1.757077167972670440e-02 1.448230602505288199e-02
-4.031414457860903189e-02 -1.686823144651613746e-02 2.337209994826455403e-03
7.438604135267066347e-03 -3.774168169342241239e-03 -2.991640109985410634e-02
6.982304986308218416e-04 2.282770242323837670e-02 -1.509999347386947570e-02
1.464245828157947904e-02 -4.652214848888381465e-03 -3.689860226491775697e-02
-1.248113956445741531e-02 -1.170817674287823705e-03 -1.299403844057978215e-02
-1.011392750109116377e-03 1.037284082918294922e-02 -2.531345911040199827e-03
-9.881279241084133316e-03 2.242770609615380231e-02 -1.288406136657025726e-02
-3.575592083306151740e-03 -1.797288891316414783e-02 -8.247199609335916989e-03
-1.789212092557209560e-02 1.076895278692972802e-02 2.171039826661638056e-03
-2.161641309411706235e-02 -1.178077710280568506e-02 -2.981174006013794300e-02
-2.057155957817784903e-03 1.641100482145182310e-02 -2.064151713768065666e-02
2.048131841074773279e-02 -1.431678147904547234e-02 -3.716306373709975675e-03
-2.052925551439845411e-02 1.835390492479954672e-02 1.290873625173825749e-02
2.159072945060591664e-02 -2.732285780609578288e-02 5.840060769807538243e-03
-1.726938565594561548e-02 -7.580172605182529562e-03 1.413424454342779996e-02
-1.132333142844075408e-02 1.780796010258648213e-02 -5.343725737362025295e-03
-9.507856323710903862e-03 3.876603681195597926e-03 5.363381132825101143e-03
2.679431127272054874e-02 -4.758658087982636613e-03 -1.724183677757833502e-02
-1.628526902357451886e-02 -6.575563964074142113e-03 -1.702637360262106159e-02
-8.925652629493335127e-03 8.246542524762966522e-03 -1.299415738457621169e-03
-2.064869506115700470e-02 6.591440974549720062e-03 -2.111119485307043353e-02
2.390344133908348795e-02 -1.594889443690591371e-04 1.390507170619274292e-02
3.313513499152127839e-02 1.007975057775534894e-02 1.303292956639532860e-02
2.857222514209213637e-02 -1.431110258788627528e-02 1.505544402296724732e-03
2.685123717777068014e-02 -3.410535080451879229e-03 1.197349209028713765e-02
-6.169914973010596874e-03 1.177264463006244891e-02 -1.367290197561961407e-02
2.733377504804442720e-02 -5.972084362791060547e-04 2.004507330421569002e-03
-8.854941616801231472e-03 2.617782999039369382e-02 -9.221752044766719572e-03
-5.148041958578510047e-02 -1.691309679490381884e-02 4.510169900637454009e-03
2.543318837863927512e-02 -1.380238402923480122e-02 2.665212295064747295e-04
3.715653920083479556e-02 -2.563389512935330180e-03 1.807234772407660672e-02
3.515704843000735241e-02 5.489027802267589439e-04 1.286577601971729094e-02
-1.163375604964856855e-02 1.993524623740265591e-03 5.317235810136717493e-04
-1.953216964252033755e-02 1.701873776562883370e-02 9.846076590974467760e-03
-1.873647647616726378e-02 1.076599755648172119e-02 5.660631725751752268e-03
-8.759968076829100295e-03 2.016585710308850532e-02 -1.600586450278911402e-02
2.237160259645828639e-02 -1.431511588359220440e-02 3.367164187476670220e-03
-2.430036808674787552e-02 -3.065838342826350538e-02 8.005416960146623240e-03
3.393911777978911304e-02 -4.691277722955645643e-03 2.980229026982228555e-03
-5.944736380770878313e-03 2.313933151941882996e-02 6.498296705352448951e-03
-3.208841665480285932e-02 6.251026113292203548e-03 -1.131302717681315941e-02
-8.926024963123450201e-03 5.443439536058138637e-04 8.920087936917377169e-03
