-3.041808919776533074e-02 -1.160310953740248570e-02 2.218889144463953578e-02
-2.452557409531397337e-02 -7.705166362574141989e-03 -2.277694636075737813e-02
-7.450355466691825461e-03 1.729953957485468085e-03 -1.463725003376613147e-02
-4.492308530608610413e-03 1.089028298896126817e-02 -2.373197236186692233e-02
-2.076756584447097403e-02 -3.394931737885214205e-03 -2.680099937670597093e-02
-2.912883138804822636e-02 -8.081170368610663193e-03 6.743700406527728189e-03
5.892538465981901619e-03 3.856920146027047885e-02 1.990369326081735044e-03
-3.341367497626180749e-03 5.702350427130799607e-03 -1.830790391206787299e-02
-2.330440308947132055e-02 -5.005469853927013973e-04 5.585329960486868847e-03
3.333951682873975697e-02 -2.765981571629180878e-03 9.914766682768192882e-03
4.079474244675235228e-02 -7.390932604635513763e-03 2.627048140013526004e-02
-3.304212446907113521e-02 3.463794967271038514e-03 -1.955008390655031333e-02
4.343999175459294787e-02 -1.455818803605388179e-02 -5.153752300401748341e-04
-2.729515073147797607e-02 -7.254458252769140775e-03 -2.396530849968463682e-03
-2.400306074724406404e-03 3.059832132609948199e-02 1.497648968275669228e-02
4.259172181387586159e-02 -1.488968308526706502e-02 -3.942212911691165764e-03
6.992551556040706162e-02 -1.892223139748963612e-02 6.744659672739732265e-04
-6.763229215563844494e-03 -1.035145723562361578e-02 -1.427926648182596854e-02
-3.055534963936768281e-02 -5.128693213760401014e-03 -9.314427973231934402e-03
-2.877539639299754592e-02 -8.416995753065585617e-03 2.295702724794688402e-03
3.488543093278934776e-02 3.914830873419752541e-03 -1.146285808673468392e-03
-1.913548105947769293e-02 -2.410375638912008733e-02 -5.453412429505984961e-03
-2.740046474300727921e-03 1.544585468548956113e-02 1.445172493789705082e-02
-1.930554699827998974e-02 -8.177307865145963528e-03 7.899392756773902097e-03
2.387706853480277280e-02 1.901680594145995634e-02 -1.640693449118729762e-03
3.062377131226499960e-03 -1.671286007849404846e-03 3.237549053709021935e-02
3.623640427111426976e-03 2.365416782565982895e-02 5.836831255010663418e-03
4.930506321947017434e-02 -1.595189333407990087e-02 5.011900469248526009e-03
4.470325152391926848e-02 -9.832201147613513909e-03 1.139423733352019907e-02
3.838365026032500640e-03 1.317754407910343281e-03 2.997884955716779293e-02
-8.170112040407929163e-04 1.341440341086521694e-02 6.365574521152068260e-03
4.114072919339663986e-02 -1.000370748473350044e-02 -7.803154031088352892e-03
6.762301605752516799e-03 1.449647490763694875e-02 1.842603650304549395e-02
-1.277702564666295670e-02 1.669036968007755334e-02 7.974994763511903881e-03
1.508350949039430171e-02 1.293684244233876332e-02 -6.861321304694910882e-03
1.573759093208384682e-02 2.171859230419658643e-02 1.109325056512757736e-02
-5.077175411591174081e-03 2.215574643040554501e-02 9.052561077891931388e-03
1.033519733005210453e-03 2.005113990321674353e-02 1.208552912913446638e-02
-2.606721645158532191e-02 -5.909151532829778203e-03 2.914607452945158859e-03
-3.642604921906407358e-03 9.662266865694432022e-03 6.253620881864099638e-03
5.010746752856582364e-04 1.552562723820946448e-02 1.473328558553408524e-02
-7.398734363752015181e-03 9.031514052591857120e-03 -2.930277016008859398e-02
-4.243243402622509652e-02 1.875621987146449060e-03 1.098145004155391853e-02
5.393299641563414210e-02 -1.823093159346037342e-02 1.246202817904924634e-03
1.572234327281346600e-02 2.804042759020270587e-02 -7.898853258456539975e-03
-3.369362565704201590e-02 -2.699205155410350568e-02 2.038410565602078242e-03
-3.203596989624955121e-02 -1.337167451252714925e-02 -1.845801896388337250e-03
-3.582048618024282621e-02 -4.677351908927609124e-03 1.032075394155027546e-02
1.150083512637382205e-02 2.005474657084401272e-02 1.550058459596594107e-02
1.234792743921496981e-02 2.146484489284185282e-02 8.745104645743300700e-04
2.938817774678769909e-02 -3.441991309301700025e-02 -7.273660690230908388e-03
-3.216862923710365335e-02 -8.286413224579106465e-03 1.408757087032519451e-02
-1.629321401166940880e-02 -1.122724279649657368e-02 -1.814333725787658363e-02
3.309095005826252073e-02 -9.952042518617452288e-03 -8.756210902030114179e-03
-1.981986299577816885e-02 -8.270241506511698260e-03 9.287690417442076921e-03
1.518054524907253532e-02 3.186068045853879260e-02 -5.893943185793465260e-03
2.243066226122480619e-02 2.333493639001235631e-02 -1.507251386293950030e-02
1.263389251344860208e-02 2.965825474237225243e-02 1.838535905291351427e-02
-9.237422588433082116e-03 6.936047321294949719e-03 -1.902838793110463514e-02
4.313435398298299389e-02 -1.736802171475230680e-02 -6.200753482598526066e-03
-1.114519444542951335e-02 -1.417236151365139363e-02 -2.006902759737941300e-02
5.706097016915904346e-02 -1.429825025537645976e-02 2.188572577888087383e-03
-2.736721232424666264e-02 -3.930878055391612801e-03 -6.477309669681814014e-03
-3.689463311943141227e-02 2.730334114885389022e-03 9.891350096077885373e-03
-5.203596814520946787e-03 -1.559639925504860240e-02 -2.277131967084575562e-03
4.471542631842304050e-02 -1.156264431783581535e-02 1.009991999922275029e-02
9.368993285981468480e-03 2.328606254679889583e-03 -2.578258039333010052e-02
-3.171174164302396209e-02 -2.028450861295395900e-03 1.002133061766002226e-02
-5.803501534311128300e-03 -8.717950545090707298e-03 -2.774604121688187958e-02
3.201532972687134299e-02 6.047949932084012784e-03 -8.218689996479891166e-03
9.705207082323055040e-03 -3.605901462529127049e-02 -7.761661896686095595e-03
4.088492897272375665e-02 -3.488062802598495150e-03 1.187484360229870348e-02
5.982397065503424621e-02 -2.071483286789805450e-02 -2.914424344572747274e-04
-3.507799810157426895e-02 -7.961165162473559861e-03 -7.534265285524626571e-03
-2.032253697607898021e-02 -1.128175950874453970e-03 -7.966198556761313124e-03
-9.646762224967410718e-03 2.607742243925960726e-02 8.678025002797595507e-04
-2.301464796986693595e-02 1.145508083227601490e-02 5.302121934465458056e-03
-3.540960302228437356e-02 -1.252607682665172854e-03 2.464602127283860994e-02
-3.448836074609377966e-02 2.875051963525557079e-03 7.427734999048124899e-04
-1.857279780864067378e-02 2.278946842872764215e-03 -1.436445672020805753e-02
-2.317098127637324742e-02 9.643537532811524704e-03 6.814300534336143605e-03
-1.301499306516187317e-02 -1.424001767775695884e-02 9.808634177051687650e-03
1.826218508927858128e-02 -1.674116555706599632e-02 4.648572371173692597e-03
-2.916116934045163978e-02 8.755430743160267238e-05 2.224863130651799983e-02
-3.139035164095061586e-02 -5.224964215621937316e-03 3.935668596764493876e-02
-8.093389314984928643e-04 3.460563140155348272e-02 -3.448755519023203068e-04
-9.607033935254081711e-03 -1.405201532051005182e-02 -1.676623185014457923e-02
1.394437110259823601e-02 1.915066894458535701e-02 1.527669969924477615e-02
1.940307882730041679e-03 1.606894756179138781e-02 -5.857076787049210649e-03
6.739961447351687854e-03 3.276335134822026818e-02 -3.206491940477761648e-04
1.854667411675800862e-02 3.058644815249211835e-02 7.417508905135956378e-03
-5.325171265302609813e-03 7.576097851702949006e-03 -1.358550025846112612e-02
5.071947882421504183e-03 2.060196965758345419e-02 1.004542600602549227e-02
-5.728454806893738468e-03 -2.616730330822900769e-02 8.134044297794977910e-03
3.443035195096701140e-02 2.779131710275384521e-04 1.264600149438166628e-02
-3.690078800270054499e-02 -9.017833035833195841e-04 1.528989291783483572e-03
-1.872956471496776965e-02 1.100145131818889947e-02 -2.914239161298590869e-02
4.810884129817809274e-02 -3.702494106846436830e-03 -1.179805390176020576e-02
5.319386377766482932e-02 -4.429447840067214127e-03 -6.105364330769686657e-04
6.244294373009421500e-02 -2.387000967710264585e-02 1.149876991168953451e-04
-2.766723088728607546e-02 -4.214926337835508616e-03 5.087055998373697999e-03
4.380407668062034909e-02 -4.355972787650188617e-03 9.438811003024462701e-03
-2.184057839896293846e-02 -4.493639750899169026e-03 -1.508073625326217075e-02
4.972551373698991944e-02 -1.545886021519592320e-02 2.208449189008380911e-03
1.335580927901669317e-02 2.136471741950167827e-02 -4.994711297253641609e-04
4.907298294401884337e-02 -9.895514764779348577e-03 -1.352799900887272956e-02
-3.775082522493092285e-02 -2.259428353057537156e-02 2.580107555391970842e-02
-1.656196642504971506e-02 -9.857237980443559269e-03 -1.356728977655008613e-02
-2.952206791870283856e-02 8.991057941374031026e-03 1.815196009184744585e-03
-3.186672516920199122e-02 1.182440119791565783e-02 -4.200341347125794919e-03
-3.140736006443687472e-02 4.544015612503443137e-03 5.756715425873606268e-03
-1.386738039616454247e-02 -2.315930762943260030e-02 7.402762715557975950e-03
3.987557836766978531e-02 -1.302397567792238676e-02 -5.145462935051488447e-04
1.392611607681942115e-02 1.935768167728153452e-02 1.281260094605050784e-03
2.711185944895603411e-02 -1.458662137288480390e-02 1.405636829004350101e-02
-5.412129862566963934e-03 -1.731140496107110016e-02 -4.603431140937750570e-05
-1.934878207935547545e-02 -4.460773938918740841e-03 -2.334279871768579415e-02
-4.220976679677574533e-02 1.325577456410089935e-02 -5.595854156323092424e-03
4.562294121712526934e-02 -2.020890864264116016e-03 5.109795124733042780e-03
-2.276503637845533543e-02 5.982324285197178175e-03 -1.544547353574244643e-02
4.333617232040641587e-02 -2.497174016009967232e-02 -5.478496739542004258e-03
-3.584290359758655897e-02 -1.397871495863773142e-02 -1.764278461335018131e-02
2.679602480050958385e-02 -1.522948159680744158e-02 4.870332433658471766e-03
9.897045587578893674e-03 2.150255510762222669e-02 1.927071583025689525e-02
-2.254927276088774038e-02 -3.675791064557892319e-03 3.053362271354195627e-03
-4.358747200302849623e-02 -1.090244137979991604e-02 -1.715467722780944504e-02
-3.664775262722156507e-02 1.708484324970251794e-03 1.019990839077989687e-02
1.319198478544941940e-02 1.557795214675209219e-02 7.202500088147336353e-03
2.445405333382539778e-02 3.218783109388376196e-02 -4.127809738831151286e-03
-1.332425119913507698e-02 -9.324003451940699252e-03 -7.058201000052923869e-03
-3.179671432047731505e-02 1.276993742862018999e-02 8.344830673499636182e-04
-3.470410178012019869e-02 -4.975313882316380852e-03 -1.232750433002399726e-02
4.051953355317301775e-02 -3.294495062167123161e-03 1.176641698051363559e-02
-3.077887953952964523e-02 -3.602407980160106035e-03 2.714598494970769244e-02
-3.421434549712569495e-02 1.283001584393334525e-02 7.611339287972400218e-03
-2.527492805881147858e-02 2.675319084965054744e-03 1.434900863905761836e-03
1.162724070898650021e-02 2.921072873741800344e-02 1.535902289267708758e-03
4.131113753172386410e-02 -7.134030274371387995e-03 -4.349314975501253518e-03
-2.739475123058502867e-02 -6.157219163001541318e-03 2.126542748272505431e-02
-2.824947958710481363e-02 -1.640347676723315912e-02 -8.775465655365502840e-03
-4.069745887903770953e-02 -5.361297064504820867e-03 6.426832742037083199e-03
6.027248333685097589e-03 3.152496851620671670e-02 2.786086268679480258e-03
4.098357818117321499e-02 -4.306851673894047765e-03 -1.809124430922089133e-02
-6.730537188449815626e-03 1.021002486169316804e-02 2.156153762196007240e-02
-2.436416212198108666e-02 -8.259233917836852901e-03 -1.019248055120022291e-02
4.788147831167871918e-03 1.801935820129488622e-02 -5.738699187235333024e-04
-9.076430372802065175e-03 -1.821131449200167219e-03 3.488663915511933111e-02
-3.266535240755957109e-02 -1.127865238301958926e-03 -2.337743213338575390e-02
-1.403174243992495566e-03 1.972676162833890759e-02 3.013897452234991724e-04
-2.237976642860593779e-02 1.121178865648888960e-02 -3.108890897671453407e-02
1.278017904315045371e-03 2.416789602619321894e-02 -7.505287841136179181e-03
-5.852690547276991756e-02 -1.377054300564910586e-02 2.400858908604980302e-02
4.887264540790886569e-02 -8.075696634825629827e-03 -2.618881891319606650e-03
-2.418200539469972030e-02 -1.247879348602394002e-02 -1.886303192591821248e-02
-5.573336492391071928e-02 -2.422336723513069875e-02 2.472088345901107820e-02
-2.449047209724446519e-02 1.099998445529138703e-02 -1.220053001236392348e-02
-1.314959229061463640e-02 8.695697956438805821e-04 2.544275189078520211e-02
-1.003698515840120188e-02 8.411562119637986182e-03 1.137843718775125544e-02
5.307769866039343046e-03 1.836815877404652034e-02 1.374852371807995348e-02
-4.699724647646113390e-02 -5.827053873826528937e-03 3.627137994426939127e-02
3.891902145966852355e-02 -2.612183532816812412e-02 -1.446560256385209017e-03
3.585255980399017044e-03 2.234052567511993215e-02 3.475924944331511453e-03
1.779775460071546592e-02 -2.742039651099862849e-02 1.067265422689340874e-02
1.304650073851561579e-02 5.391098313353180627e-03 -3.072882953590409805e-02
5.184386467284665678e-02 4.315272129024302732e-03 2.720741954343674704e-02
3.000544356892419218e-03 2.094653429000639319e-02 1.051127823509195001e-02
-1.225726684000392509e-02 2.743830209475801168e-02 -6.737375993952784102e-04
-3.563161128311952836e-02 -8.446056526348104387e-03 -1.098461151037359931e-02
-2.222178546708362956e-02 4.006592682871446681e-03 -2.370401701428455528e-03
-6.391108858583837435e-04 2.015537881625627942e-02 9.856278484296552081e-03
3.678002140924310770e-02 -7.840191724592535105e-03 7.799607089316553353e-03
-1.313991824400381411e-02 -3.145762919475568464e-04 1.182573766956090087e-02
-3.081341674178659368e-02 1.463804517053296159e-02 -8.461897557818346544e-03
-1.525932957121836457e-02 -1.910841092201910271e-02 -4.654673166025373801e-03
4.916549701360903996e-02 -1.407516415292156889e-02 -1.216046125649540566e-02
-3.636779322291167071e-02 1.614136238567938798e-03 1.637332825341640541e-02
4.643449743171718103e-02 -1.249095156366658924e-02 -6.620445223057797035e-03
2.250602500747141826e-02 4.868086881311052549e-03 1.833412276839832197e-02
1.830205692605857068e-02 2.479214511581283656e-02 7.657590433742027247e-03
5.916387422871430268e-02 -2.361182006765303806e-02 -2.004447288997647340e-03
-3.436123210526841748e-03 1.521839371567305574e-02 -1.247506574441521916e-02
-1.372955548240025088e-02 -1.427252919121988449e-02 6.520508363679082021e-03
1.271190150461643312e-02 3.917472160856427799e-02 -4.084589374875247612e-03
4.465833224660126222e-02 8.444463897986760614e-03 8.822692152936749020e-04
1.419806702618536809e-02 3.614982768553631765e-02 -1.722197949717857923e-03
3.697708852190139533e-02 -6.476409414409282743e-03 -1.493930771164769453e-02
3.597998534045209612e-02 -4.394531016406425829e-03 3.461033641777008785e-03
1.841171811559554755e-02 -2.344235579788909226e-03 4.331605050381657704e-03
8.533933197806726784e-04 -2.064253942957644094e-03 -5.734273571890036864e-03
-2.652939810743397755e-02 4.308692716353025760e-03 4.985486578871645841e-04
-6.050819788270656030e-03 5.070790992128556759e-03 -9.905867413418827441e-03
1.352389788251833445e-02 2.504682854055604452e-02 -1.991199377662769901e-03
3.442352689311251393e-03 2.730749556110389359e-02 -4.616050784896975553e-03
3.580089424518740487e-02 1.604054605769826872e-04 2.158507638133175602e-02
1.459404458571009026e-02 2.414585246220573092e-02 -1.065575991029985535e-02
8.988895894947350820e-03 2.732152885162621517e-02 -8.914657768647455890e-03
-6.958585120288459519e-03 -1.399260558667216568e-02 -8.109993300150681456e-03
-7.797845731909577513e-03 3.014325210885765438e-02 5.741341310112166481e-03
-3.217927534482445395e-02 -6.507892513397983345e-03 -5.419377076659609611e-03
-3.298838022894331513e-03 1.014380892481562884e-03 3.653590279541007318e-02
-2.479627042314699881e-02 -6.346747792820175635e-03 -9.176259081966439690e-03
-5.087099290370118015e-02 -1.309424174438326115e-02 3.237315464111748670e-02
4.908137277256174186e-02 -9.881942326283543049e-03 -9.617533996381986625e-03
4.062026479554821032e-03 2.240979998875142903e-02 -1.941910791422446709e-03
7.764949185990888646e-03 1.790767590451763577e-02 1.657213696275281270e-02
-1.253062157359053665e-02 -1.739104993058593687e-02 9.237432445636156730e-03
4.017171509071080365e-02 1.019829182572240707e-02 1.899568935866554481e-02
9.014309315271246473e-03 2.640563768511416595e-02 1.777315406081760734e-04
6.292337746139075282e-03 2.658315674597760275e-02 -5.823607412436464063e-03
1.588125515982297467e-02 2.817760712161644643e-02 -3.906825006348395822e-03
1.232542272942149103e-02 2.527449701865310677e-02 -4.585175094637193409e-03
-3.066264839055185890e-02 1.682382497743365466e-03 -7.599615387149784990e-03
-9.356297773491282707e-03 -2.046629471513542256e-02 6.249418176760615333e-03
1.975279694129558963e-02 -5.005756130007137962e-03 2.044294482646314901e-02
-1.370431449071634646e-02 -1.983890530998396948e-02 -4.824157489173005521e-04
-3.587801131224994250e-02 1.958438421685848932e-02 -1.010080739038324467e-02
-3.528489657504228771e-02 -5.865102933693158672e-04 1.484245653904832027e-02
-7.661242216853703796e-03 5.739763085303983001e-04 -2.838700052526897319e-02
-1.814028927480661885e-02 -1.894506633318817496e-02 -2.496386795834740907e-02
-1.734213674408928776e-02 -3.791881212789355565e-03 1.820068714303452531e-02
4.300126122755472402e-02 -1.697367200814047308e-02 1.138380275646256462e-02
6.488325168312179814e-02 -2.374747478424086428e-02 -3.514590643898110340e-03
2.586244425918706596e-02 3.581226511626824788e-02 3.388431910478842835e-03
4.932419392694047805e-02 -1.633146461272724434e-02 2.875560271414610933e-03
-2.555901574913678584e-04 -1.988688574816426663e-02 3.699229829686037814e-03
-1.592157628589418658e-02 -9.381914207092315397e-03 -1.579638938144666341e-02
-2.085206914199788999e-02 -7.811201869918499470e-03 -8.100813006190111035e-03
-8.782891943791863373e-03 2.451017467066672010e-03 9.054005746453111514e-03
5.696147195911565979e-03 3.159395059689869278e-02 1.326804494199233103e-02
4.106897887784798085e-02 6.569029860355519133e-03 -9.959728026306551713e-03
-2.179954798745663280e-02 -2.835726395115657425e-03 -7.557969938791671456e-03
3.645342380772112478e-02 -1.427776482551089236e-02 -1.561530863689324956e-02
-1.313979966221762163e-02 8.728530509965902375e-04 5.202723069430768670e-03
-4.601319525184058117e-03 3.364426502004421327e-03 -1.174234965459685157e-02
-3.004449099936141662e-02 -6.327836301327342296e-03 -1.233363051909288841e-02
-5.066160564850875382e-04 2.108367419769994339e-02 -1.040855137912804866e-02
-2.017267578942904399e-02 -3.777384754242560285e-03 -1.606765342279177500e-02
2.463210859372850711e-02 -9.757088211762908123e-03 9.757004041074776937e-03
-3.712427328413107214e-02 -1.172395625192213138e-02 1.757102798525184487e-02
-2.467646131452037525e-02 3.566587063677377142e-03 5.610330112057465698e-04
1.302720034002819490e-03 2.308482074071893653e-02 1.532454720518655784e-02
-4.216033027028920355e-02 -1.711143151426226805e-02 -1.361288313371612942e-03
-5.378568229772959230e-02 -1.142203121996382235e-02 -1.680982160637140227e-03
-8.272933655317988785e-03 1.971627275520330957e-02 -3.361962537894808362e-04
9.195975551521389652e-03 1.829180071332136420e-02 1.541659254482932034e-02
2.229760371017967813e-02 -1.974933331990763943e-02 2.012086846242443477e-03
3.055338636779885656e-03 -4.145285761667122891e-03 2.692229730986214070e-02
-2.889977439991932642e-02 -2.841042666471393485e-03 2.136137120319362738e-03
-4.168616003311076401e-02 -5.684178118665324762e-03 1.396500424981358002e-03
-1.578376820407243267e-02 -7.112482588594786458e-03 -1.503743663643391203e-02
-2.040627518642846791e-02 -8.807994063240206888e-04 -1.150799799100795003e-02
-1.108599290134066814e-02 -1.192400400463362702e-03 -1.794262974137025846e-02
-3.364733191168326615e-02 -1.199410181657755824e-03 1.434941030512827675e-02
-2.207457138456479090e-02 -1.570719701577433583e-02 -1.673980686078080458e-03
1.549838203525654443e-03 1.740016123023673672e-02 -3.965130318196520218e-03
-3.999676977754067220e-02 -7.719336102739780478e-03 -3.669333787007770901e-03
-1.473021779557891556e-02 3.173801034004790703e-03 1.565546675336668830e-02
-1.889427429498500427e-02 -1.022665246047350408e-02 1.191757215311332538e-02
-1.401350434194495280e-02 1.445687924073896756e-02 1.918952157416877954e-02
4.521821600793286822e-02 -5.088707423673517749e-03 1.931116098441560888e-02
1.693976205247517755e-02 4.044434144819290811e-02 -8.007155354466123295e-03
1.727925482637875793e-03 1.945785998365251110e-02 2.121239556583269514e-02
-2.851913876862734176e-02 -9.317927362421891263e-03 -2.165322918210322439e-02
-2.489026439546213054e-02 -1.593619102000505203e-02 3.062906374827079753e-03
6.009019189680961381e-02 -1.143398542295296239e-03 2.973706488925790918e-03
-2.043861926724374958e-02 -1.230099883196912255e-02 1.794085014607447320e-02
-4.456197252785020629e-02 -1.366274067744801222e-02 1.627918811174650787e-02
4.648114936282381204e-02 -1.277843893490792672e-02 -4.817348872587276683e-03
2.739111574963843526e-02 -1.739987316029498535e-02 4.630526963946867899e-03
2.451461729551370275e-02 -3.271529371122019331e-02 1.688176617951259607e-03
-2.053117818050991666e-02 -1.225299218061033125e-02 -6.940328418917176938e-03
-1.845055896011182570e-02 2.858520479912941663e-03 -3.370415209080741305e-03
6.161619110680160993e-02 -1.059460102165084815e-02 -6.886369470362143155e-03
5.272405642031739725e-02 -9.159592462224989224e-04 1.658429308141868078e-02
-7.785001836113578273e-03 -2.637077056296175878e-03 -2.675921673197921569e-02
-5.648591076849071059e-03 4.589465481211598384e-03 -3.244481563742729335e-02
5.701661120409084321e-02 -1.777479228815498358e-02 2.985860218459735881e-03
7.257089470940102441e-03 2.284709150270477010e-02 4.840959876978853833e-03
6.601604028439873872e-02 -2.031153120152826355e-02 -3.622290282277425624e-03
-2.393680304128329231e-02 -7.733674466334118300e-03 -3.294350752802019215e-03
-1.187776046708720855e-02 -4.630477729469379897e-03 1.313530128676849464e-02
-3.798302995189426629e-02 -1.119810688124961255e-02 1.600296345139809451e-02
2.087024747598986013e-03 3.259032515570827598e-02 7.078286663046438540e-03
1.844567236340915670e-02 -2.379156833704228202e-02 -4.154136332658348897e-03
-1.570525597062163298e-02 -1.623109155038174323e-02 1.760727497890505686e-02
-3.145818148563139099e-02 -1.183961061731894637e-02 5.483735267615409865e-03
-1.078515013571049001e-02 -7.992873390583868365e-03 -1.025408302291038083e-02
4.052211581215379305e-02 -2.656439172377218858e-03 7.065375364428401125e-03
-2.782678207516764077e-02 -5.737509793829000809e-03 -1.011319342111029369e-02
-1.399174922997770479e-02 1.486459228299760217e-02 -3.592132522539945305e-02
-1.626492970337716859e-03 1.322858829261902222e-02 -6.576074992808628172e-03
-3.545362660653070264e-02 -2.718624450187152961e-03 -9.245807495720214861e-03
1.196965510013028346e-02 1.995022705822123085e-02 -9.587847729632555799e-03
-7.443134665573026935e-03 3.163315828127463702e-02 8.823985722633717957e-03
4.625395262126741347e-02 -1.929577459595802416e-02 8.590053140731057288e-03
5.184433110104944009e-02 -8.404264919665086972e-03 -4.980355866168901038e-03
-3.325262531345230671e-02 -4.432668997002000774e-03 -1.053657616634167543e-02
-2.702237059559050095e-02 -1.187582547809968789e-02 1.442629700678459224e-03
4.187819289853018066e-03 -3.531146117885032663e-03 -3.721825056135015693e-03
3.193554005843109167e-02 -4.069071106047121231e-03 -1.388860499990045121e-02
-1.116042662553930545e-02 -1.422589453937397018e-02 -1.182801470994771127e-02
-1.281997578599266933e-02 9.635642364500548269e-04 -2.923744327128120768e-02
-5.701958678428714622e-02 -1.425015526113729454e-02 2.723545746519213245e-02
-3.996543303183069940e-02 -8.871531187498044859e-04 1.094002283912649982e-02
1.588591872798217342e-02 -1.799152666795066080e-02 6.419936043651285063e-03
-1.091701663401716850e-02 -6.510499728996439056e-03 -1.082118998312879554e-02
-8.944027638186321724e-03 -4.534367411663106574e-04 2.399251605017272901e-02
-2.257189238499913292e-02 8.551662349570972668e-03 -2.422780685604860110e-02
-1.533634473351860872e-02 8.057620616445451689e-03 -2.702474962797362518e-02
-4.812541908141142188e-03 2.442564472430132014e-02 1.011707384101283649e-02
-1.424484141865667297e-02 -1.820207740724179984e-02 -3.924282122567874544e-03
3.280284031569369319e-02 -1.119968438037083867e-02 1.098212150764686125e-02
-5.982665968000648593e-02 -1.785584588564818886e-02 2.903458331567738276e-02
2.604033600520566996e-02 -8.718760812918887465e-03 2.403782810721479327e-02
-1.821016378327003707e-02 2.181439395310371049e-04 2.523149790828862604e-03
3.536725182343636309e-02 -2.979121304478260252e-03 1.521120710258263599e-02
-2.996398880528172021e-02 4.443093678504814355e-03 -1.007216594119767937e-03
-5.800101908855570879e-03 1.446200596677600300e-02 1.141665817945554558e-02
-5.189088296909249998e-02 -1.084931809856833941e-02 2.235985207530496923e-03
-2.790162220028572643e-02 -1.914828678051583993e-02 -5.105489352548658183e-03
2.348358847569032796e-03 3.279212337938214317e-02 1.192926260365425629e-02
1.856482839333051249e-02 1.463724438952013034e-02 7.379696858313945784e-03
3.123147693615010642e-02 -2.266318935368531740e-02 -7.041163262528861953e-03
4.459263766341610598e-03 2.338499960485110676e-02 8.942573969497612935e-03
1.237223000247279596e-02 2.451228879729239890e-02 -3.363253290210158931e-03
3.691640373631004980e-03 2.297148779899967075e-02 1.687832601057507806e-02
-2.421482415968691584e-02 6.929779532356432001e-03 1.558447874898853365e-03
-2.380079541546854804e-02 -5.077162965262875353e-03 -2.991741370850506399e-02
-2.673284734589802258e-02 -2.084800023727289078e-02 -1.610902440048777575e-03
-4.351260563877680509e-02 -1.191674806101955704e-02 -9.083434370239111544e-03
-1.924580281766900824e-02 1.613475246377923771e-03 -1.048646484988287504e-02
-1.709366522027797736e-02 9.601248805045399645e-04 -2.261639460785590944e-02
1.359906094219838664e-02 2.148611928289775180e-02 1.783651261458804246e-02
1.407817439850953499e-02 -8.442406053693904747e-03 1.164436691930309346e-02
1.130934720100234755e-03 2.701918676796593102e-02 5.985513709981891452e-03
-1.056538372568578080e-03 -1.164635079889063396e-02 2.799508796287386320e-03
1.265126495956973331e-02 3.189623804841788812e-02 -2.639604217812039060e-03
-3.042725907202844041e-02 -2.087999629438863115e-03 1.302872120130506295e-03
1.397950616476105294e-02 3.000366913748341718e-02 -7.106305726173815351e-04
4.938595900893267415e-02 -2.828810772014444391e-02 8.769944006660139457e-03
4.227296250662888888e-02 -6.271489762989513467e-03 1.861812584696527148e-02
6.301977191630711572e-03 2.367126531676875048e-02 1.091058654648320581e-02
-3.914751704203742882e-02 -2.007950993359042258e-02 -1.370114392640890168e-02
-1.581641442759167820e-02 -1.027052329603171318e-02 8.559594604475523956e-05
-1.981192355217071144e-03 3.264768493775664637e-02 6.438054294247795746e-03
-4.083400672538991388e-02 -1.890746038348254526e-02 2.747549942337402726e-02
4.389727249439904361e-02 -2.356197883889621369e-02 -8.038484618439485641e-03
1.912335268057416965e-02 3.686880245098191761e-03 6.476357803589389769e-03
-5.125690280187059772e-03 3.058522034365366779e-02 1.038617744233645557e-02
4.434537019883779546e-02 -1.752659114879438415e-02 4.988210360537034121e-04
1.177985847672039822e-02 2.982029354177304428e-02 -1.106644047032741621e-02
6.374557846430176263e-03 4.622435391858706333e-03 -1.746182288398281240e-02
-1.929111563613351496e-02 3.638803029482059505e-03 -3.215631270199761221e-02
-2.864653417641850608e-02 -8.834384393614358802e-03 1.322761102641834040e-03
-3.378646687610964428e-02 -6.999813215435440883e-03 3.631998304776306447e-02
-4.382401907160534370e-03 1.097760446002139789e-02 -9.924079773039504518e-03
-3.779401356403281481e-02 8.249423510533809758e-05 2.036715615128857973e-02
4.582221924503687704e-02 -1.341204227365266899e-02 -6.513016768159718937e-03
1.303706156502956216e-02 3.011364387170561985e-02 8.918316603770281084e-03
-2.873932437054359940e-02 1.372278331133479183e-02 -6.007761597957818160e-03
-2.260563248655005422e-02 -2.229872788474442438e-02 6.278916476516000107e-03
-1.225758287226530116e-02 2.250723051569524999e-02 -5.748954508730179207e-03
-1.816070647910569477e-02 -1.019754314679810828e-02 -2.435394362932690598e-02
-1.746691551561745798e-03 4.415387682240744238e-02 -5.787941970491071626e-03
5.532656157864852126e-02 -2.343459673083822525e-02 1.208728486059955148e-03
-1.646919271939655330e-02 -5.305846794023116701e-03 -1.203713715050377768e-02
4.528213336238390979e-02 4.021324789516605470e-03 2.299926547256312889e-02
-4.439845105759365057e-02 -2.418704589870307800e-02 3.215065484978141264e-02
1.445114287252378948e-02 2.905384434101995761e-02 1.475649649009377722e-02
2.945601290335689640e-02 -2.637924365760071143e-04 -6.156008546680727736e-03
5.785603991140695831e-03 1.930976012583380738e-02 -6.897400992219393165e-03
7.250657973685413092e-04 1.770344825646264983e-02 -2.716691230700283340e-03
4.455409773039095862e-03 1.004959400255949625e-02 2.680223028380743916e-02
-1.869604164144901201e-02 -2.385395933494737983e-02 -8.228121313639598366e-03
3.137511668978605617e-02 -7.752634267760865130e-03 -7.835260480545884476e-03
8.817429663348599900e-03 3.072415650608843057e-02 6.014036471839770762e-03
3.563744805494864498e-02 -3.360314366095209799e-03 -1.317135397808275564e-02
-3.791878477474805616e-03 3.235091100867893560e-02 1.569833113742072480e-03
6.858781505953693430e-03 2.146565001072250553e-02 7.320555611564152909e-03
6.259203920127089614e-03 1.490844127927158473e-02 -1.972137471030165935e-03
3.468863255640197013e-02 -2.914028016099995053e-02 -4.099337773795234258e-03
3.680815850700459163e-02 -8.959953692298329442e-03 -2.008321904608954128e-02
-1.381845931784842288e-02 2.750807946387285891e-03 -1.694191261546552571e-02
-1.508511643661190373e-02 -9.530280983893444496e-03 4.741106588294437610e-03
4.517847598785679208e-02 -1.465241732539110039e-02 -2.742778180509175719e-03
-1.524491457198968308e-02 4.651487554862523597e-04 8.558637870620175794e-03
-5.316312027573408955e-02 -6.504377499444227717e-03 2.603224982727596337e-02
-8.492055262479711666e-03 3.540561513139071914e-02 1.659874587089663761e-02
-1.995878810178247642e-02 -9.506581622331415626e-03 -1.718761970372651576e-02
2.548133741724559979e-03 3.251031385173572263e-02 4.762882486894321268e-03
-3.997698557523581692e-02 -8.311492439416257039e-03 -1.472829161123641274e-03
-5.801774048599085687e-03 8.717569428555040079e-03 2.185007666835604712e-02
1.826625527131179455e-02 3.516934366147563690e-02 -1.195379928063341861e-02
3.051388785006140425e-04 -1.573497435243083331e-02 1.246536191213120986e-03
-7.492723777670548362e-03 -1.078056143543151477e-02 -2.615527083828707300e-02
-1.150817385309613715e-02 3.403654745339723849e-03 -2.978045974788066236e-02
-1.008504111906623722e-02 6.525979835635151681e-03 -2.610290956435688467e-02
-1.985880589443316316e-02 1.259898139869434185e-02 -6.654037864255750098e-03
-1.189815512918369379e-02 -1.699506283052223260e-02 -8.321917853089656064e-03
-3.112873439406628820e-02 -1.938919805732517224e-02 -2.025599696477085529e-02
-4.098176636680292417e-02 -1.931350285404975775e-02 1.561868352251423973e-02
-3.164696785948964419e-02 -1.081554561972975122e-02 -1.865597572038179414e-02
7.865792142997224401e-02 -1.559374635953938645e-02 -1.115902577099029368e-03
-3.757433743836840340e-02 -1.128088285495064923e-02 7.095616277795241574e-03
6.078498738285233877e-02 -2.193130211023432835e-02 -2.816839863871087313e-03
7.894333258844497825e-03 -7.624469535823053500e-03 1.967143992755902415e-03
-1.707237580970858218e-02 -2.078322626006432611e-02 -2.257252218774334629e-02
-2.850165143940341234e-02 -1.358544848324905272e-03 6.709135611627125217e-04
4.210442210498686888e-02 -1.286432666774881169e-02 1.728168819677734433e-02
4.194998807751646602e-02 -1.070525231719879865e-02 1.298292537729323938e-02
4.304552298103764274e-02 -1.998618889309746599e-02 7.038639236049851720e-03
-4.394404680198152335e-03 1.899819496930390747e-02 1.786063714543679321e-02
-2.014226256727885689e-02 -6.243330742760355885e-03 -1.135878526097177266e-04
-3.215697326126763789e-02 3.358627601468432231e-03 -1.571666886486367681e-02
-2.025375877819995257e-02 -3.884876337469682622e-03 1.128471254952710320e-02
-2.440027318864737907e-02 3.649559176537488323e-03 1.187275390924992340e-02
3.522984919857665570e-02 -5.462148493731268546e-03 -7.267274068293663909e-03
1.443690289653692949e-02 2.611024445955463513e-02 -1.221257025517590977e-03
-1.446739001255963053e-02 -9.733947453753966431e-03 3.331725727950332616e-02
-2.718168826770620342e-02 -8.508849081621689195e-03 -8.085461980875351812e-03
2.827290403937247898e-02 -2.291386524417210035e-03 9.638826304245524034e-04
5.619578088617849937e-02 -1.392530190956071945e-02 4.974988581088136443e-03
1.273673160433660620e-02 1.969556810305281638e-02 -7.146440105024034171e-03
4.299995649436343104e-02 -5.316662471014164948e-03 -2.531875049816514900e-03
-7.001590349670155922e-03 1.990474244954601110e-02 -5.598717796345024228e-03
4.367180991005648223e-03 2.885256486141087127e-03 -2.737670313252524648e-02
4.463587366864125300e-02 -1.819694354008226031e-02 1.501747577297687626e-03
4.414021325796622930e-03 -6.482815275805585246e-03 -2.525976299518490134e-02
8.557678627299584659e-03 3.009620978575254513e-02 -3.486996057397620096e-03
2.482099800472140159e-03 2.433649121462207882e-02 2.990844031556840789e-03
1.078161503040307029e-02 1.600856622541055319e-02 1.868984430123785470e-02
-3.826774508673315423e-02 -3.530358648689632407e-05 8.963525062746002803e-03
-2.468910042172328331e-02 -1.249801947729181108e-02 -2.518569452011352322e-02
1.959206870326433286e-02 3.412956663465416263e-02 4.226285637620963605e-03
1.665799816398151958e-02 2.464170427563657298e-02 1.362782270794954918e-02
-8.032620792520345221e-03 -1.219299441837373840e-03 -4.893953608243518417e-03
-2.397085592395861373e-02 -6.116764964545486245e-03 -2.190985803737336909e-02
-1.540346263788075834e-02 -7.587963109066377110e-03 -6.099924585264457182e-03
5.835210267644057314e-02 -2.304359979175771636e-02 2.009023784064764909e-03
3.292683714673412532e-02 -8.097373621137745128e-03 2.565554236124203275e-02
5.470587791035183382e-03 2.615207655885545476e-02 8.220776564059404171e-03
-4.935412377073563478e-02 -1.339379591208994871e-02 3.836254009223048766e-02
-1.912585362945752945e-02 8.139474033705615397e-03 -2.555505467215908599e-02
6.995754389209728327e-04 2.348230341403241203e-02 6.952662835004458017e-03
8.249921080077354807e-02 -2.008995192335521693e-02 1.869969610971126744e-03
3.872296106527157999e-02 -1.203938281221060211e-03 -3.382801709997952308e-03
-1.868693158520676884e-02 -1.408977671799608623e-02 3.374010849428536176e-04
4.995775659085859716e-03 2.627241924457176039e-02 8.012757156172087974e-03
1.130794693400341729e-02 1.979726055133864543e-02 1.128253540626808320e-02
-8.835762629432013932e-03 1.971249302857745831e-03 -1.669815362969801278e-02
1.043054763874765901e-02 2.193289690562558875e-02 8.621093189649407101e-03
-1.263841231864721616e-02 5.583813845961465780e-03 -3.128469695152044650e-02
-2.695954443234110931e-02 -4.539560973127592172e-03 -5.741086241655272461e-03
3.005671980481619890e-02 -1.768641189119303514e-02 -8.548020048208031241e-03
1.305736908342045380e-02 3.486882634017921673e-03 6.744947799026105965e-03
-1.238986340670779167e-02 9.244334754293840163e-04 2.299495543246849252e-02
2.912136695108817966e-02 -1.374920467661427947e-02 1.739637239101242752e-02
3.703705464719009993e-02 -2.780923972008698172e-03 1.165024940208791646e-02
-3.454408262061081560e-03 -3.444641372201377380e-03 -1.093044276206187743e-02
5.184546565297021292e-02 -7.505590866966554454e-03 1.302714851678934277e-02
3.277860505684277587e-02 -2.064692451214943103e-02 1.199967664284244846e-02
-3.035837690873173858e-02 -6.173337352526249606e-03 2.130540858999093248e-02
-2.124207699493450147e-02 1.707841460138024724e-04 -1.300054865078101481e-02
5.178369838260378499e-02 -1.253083541530237988e-02 -1.098851037773711931e-02
4.854643866430555232e-02 3.734918428362580048e-03 4.185688548346359547e-03
-5.179619144551882853e-02 -8.396697203063907544e-03 1.968867482324153373e-02
-1.712210047679674566e-02 -9.048839875475386124e-03 -1.412974044464863107e-04
1.686014844735240006e-02 2.912510725899995767e-02 -8.261310950402207462e-03
-3.537465858862927359e-02 -3.854867857420262497e-03 -1.579724904395260129e-02
1.860893853568890491e-02 8.449026156295344828e-03 1.025650881351125414e-02
5.980618344577225132e-02 -2.203251222459085001e-02 6.973729539318237330e-03
-3.061129723898458818e-02 -6.709457554336336650e-03 -2.590346483528140065e-02
-4.855646575178235169e-02 -2.141149696389534757e-02 3.131300771094518848e-02
8.207976104651669783e-04 -1.944430275974082158e-03 -9.196270505968629286e-03
3.829807898915666559e-02 -2.897211136775123402e-02 1.575516678042012536e-02
-2.422882743734342675e-02 -9.018833084058508823e-03 -2.268562252850574168e-02
-2.695663337881500782e-02 -1.163524082470942210e-02 -1.849443458653532782e-02
1.562039303186498265e-02 2.804363795049194877e-02 4.545374725427807697e-03
-2.252994791518048504e-03 2.151459943707169364e-02 1.745868764103509010e-02
-1.260157190973744575e-02 4.555657577883772368e-03 2.109167460901249791e-03
5.486312316055937111e-02 -3.841455959952355149e-03 -1.030042421614587320e-03
-3.514089717696052689e-02 2.131888475671763882e-03 -3.509912445539158099e-03
4.619091261866713899e-02 -1.658161605282299986e-02 -3.288294405164316359e-03
5.142699807618175689e-02 -1.344219874055189480e-02 3.714973372265948856e-03
3.479559091893772577e-02 -1.266745281323870126e-02 -4.714061803252856883e-03
-2.173419714489032567e-02 -3.772742469028274488e-03 -8.496521273526930207e-03
-1.534612885756498059e-05 -2.071905230964568231e-02 1.135279367032739073e-02
-2.996233840443730725e-03 1.593249549606888527e-02 -1.404443104246153734e-02
2.891238552226783540e-02 -2.292160096852411191e-02 -6.448642892524432055e-03
1.515935264978613556e-02 3.231905077783847613e-02 -4.913753617608493732e-03
1.890375488757123704e-02 3.054229237334712965e-02 -5.022599900462875909e-04
-1.138639171110066191e-02 -1.678433162994896408e-02 -1.830219611513770510e-03
5.794640416542545108e-02 -1.751896014681998334e-02 -5.090324760709344712e-03
-1.700494021228127553e-02 -4.293639558410809048e-03 -9.110425592783379795e-03
-4.069134717332002771e-02 -1.542975631190882622e-02 3.780428322949241915e-02
5.567419759334551500e-03 2.604809959091847552e-02 4.009993208005625635e-03
-2.991266474429473896e-02 -1.199484180320255396e-02 2.775243466232163794e-02
4.109967666423078314e-02 -1.922711280425466046e-02 8.120783437071180805e-03
-1.043513025455756506e-02 3.077630838702425167e-02 -7.089729539990341847e-03
4.223446585650602399e-04 1.793274366924326249e-02 -1.004666813744394156e-02
-4.529508550639266967e-02 -7.656404923767754465e-03 2.484521212276365881e-02
-1.275740107751437667e-02 -2.450675283305850730e-02 -2.630622608472244590e-04
-1.185028030729263528e-02 8.547292099481351713e-03 -1.817647730026316841e-02
-3.755861317447322517e-02 -7.868774184383465348e-03 3.182105409353922637e-02
-4.964411513654132246e-02 -3.046048449627155111e-02 2.118051944908621448e-02
-1.577136427718349920e-03 -5.009666977476210509e-03 -2.656409000175617707e-02
7.703580089707511187e-03 2.373887705959589617e-02 3.234647783108366998e-03
5.342157228887857434e-02 -2.087858488898389209e-02 6.445132675308705775e-03
-1.002383866906117471e-02 -1.011844159892254409e-02 -3.290433452125662590e-03
-1.881525295927029620e-02 -1.783288802289070135e-02 -3.795535054384935846e-03
-3.085821582066730628e-02 -6.625008582161043269e-03 -3.533560928161174480e-03
-2.508272505419692402e-03 4.715581714156640123e-04 1.969034347727090239e-02
-2.202529059990303642e-02 -8.351554192235278659e-03 -1.000830648881686873e-02
-2.050402028757843109e-03 9.187408126420597938e-04 1.247746345082433213e-02
-2.055480829662350087e-02 -1.130727988956910278e-03 -2.081255234562241416e-02
-3.102001323008505770e-02 -3.478876698501616460e-03 -1.257306835838297408e-02
6.178752718678823946e-03 9.656493201609078758e-03 2.283157620032430848e-03
3.429890913820450582e-02 -2.045588959613813852e-03 7.388125893140846598e-03
-1.163623165796558862e-02 -1.268865939110113035e-02 -1.315796641947149064e-02
-3.890907806749217129e-02 -1.691483918777235071e-02 -3.060708320391688358e-02
3.792828008101798570e-02 -3.956264928173666533e-03 1.791138003833828152e-02
-2.238181530062705385e-02 3.108793442674416107e-03 -1.350464620154493952e-03
2.918620030917204802e-02 -1.980715778814215802e-02 -1.239728867298368203e-02
-3.934368923212494887e-03 -5.357943364670865330e-04 -7.558282080128997556e-03
-4.025079832727437162e-02 -1.685334491072669808e-04 -1.478101038548605521e-02
-2.081155949947097877e-02 1.512967882260636381e-02 -2.257541857997167516e-04
-8.167398443460197792e-04 -5.075891589212336817e-03 -4.615280876314254051e-03
-3.903756571135953615e-03 1.167198959721022465e-02 5.229762973501488402e-03
1.014355919128031268e-02 2.109060289986850606e-02 -1.584691729114335451e-02
5.535270936635813127e-02 3.826649466073298554e-03 1.890387819722367038e-02
-1.856705893567149471e-03 2.340184945266506750e-02 1.155704057007087221e-03
-1.085716857115781760e-02 3.016548258337957335e-03 -5.236497929849162842e-04
4.415041748939844794e-03 2.080944796369028557e-02 -1.201445146760468305e-02
-1.050560293630791245e-02 1.270081660269526715e-03 -1.267836909289018696e-02
-1.029441965894888934e-02 -7.996395229527147180e-03 -1.898701053895631222e-02
1.539577397116376374e-02 2.430700659145847847e-02 -3.903229065647274322e-03
3.593123619126660506e-02 -2.589985817966768480e-02 -1.674963554113388924e-04
3.401122663363288448e-05 7.588039607116264795e-03 -1.672434417708232573e-03
3.074349651345674797e-02 -3.590513769972790317e-04 1.481132703179592267e-02
-3.633408109295449551e-02 -4.351785539548199029e-03 -1.157852693585591317e-03
4.355388217741362061e-02 -7.362869860861836861e-03 1.260413641519438251e-02
2.013900891749282815e-02 3.063019816681037625e-03 4.460390641028634529e-03
4.083340553124513439e-02 -5.448197913098203927e-03 1.029654208478560269e-02
-6.448735953823792229e-03 4.190379055896454609e-04 -1.489292621020046024e-02
-2.494766094609964652e-02 2.442493238196130796e-03 -2.606844034649319353e-02
2.235461653746032354e-03 1.172694086210972382e-02 1.224376687045202784e-02
-3.492210474458354048e-03 -1.687822888814090533e-03 -2.828998485719345229e-02
-1.141207329449654001e-02 -2.473466076726758747e-03 -3.071273613345454692e-02
-2.618896919738286644e-02 -3.674316537705933552e-03 2.559259917440880744e-02
-2.792753554561211785e-02 7.654710361265559468e-03 1.685061948798002905e-03
-1.989343371659843193e-02 -1.120068670397775246e-02 -1.675266208652569436e-02
-9.750382255238686235e-03 1.898875043299309492e-02 -1.158469959486340501e-03
-5.377542156643909388e-02 -2.333065151215443431e-02 1.808627484625146414e-02
-2.310760414278737948e-02 -1.053858682229019683e-02 -6.936968433097845735e-03
-3.089283450165428505e-02 -8.683162232553755244e-03 -6.782224853947678954e-03
4.094401055174679699e-02 -1.625924067272473822e-02 2.188185576719324857e-02
-2.260170396517133251e-02 -4.824745868125845699e-04 5.874439779235689392e-03
-1.445680476010096326e-02 -1.182160483479063016e-02 -2.662222991292889293e-02
4.826784062302515860e-02 7.789946683283169261e-04 2.451705517590131028e-02
5.137967924720759222e-02 -2.023888200752904307e-02 7.533729624265863255e-03
3.912206332269855397e-02 -8.868094575108160290e-04 -1.393104870140629385e-02
2.859180403584839561e-02 -3.079983248450588601e-02 -2.902606922995988083e-03
-1.922362050675176931e-02 -3.157821356184735678e-03 -3.231084948178533471e-03
1.848296126070139711e-02 3.383346061224818541e-02 -1.405772276512680212e-02
-2.194371440756052657e-02 -1.052050815526090269e-02 -2.861366409029983751e-02
-3.001252877024163102e-02 4.055860690664886067e-03 1.054570889651805857e-02
-8.544783147268986091e-04 2.458775222633417454e-02 5.334819297235093502e-03
2.180721709782776005e-02 3.600188718677809624e-02 1.219428526608693809e-02
-3.669859834829395512e-02 -1.033002715150104292e-02 1.963724923658194746e-02
1.007734124174654647e-02 3.368594182334710280e-02 -7.764308155008088977e-03
6.399471475761073225e-02 -3.047869171276388137e-02 1.173496323691206392e-02
-2.591030541299763762e-02 -1.080028003293457932e-02 -1.520967843972964584e-02
-6.502347830193187100e-03 -4.032483479231502473e-03 -2.853239195879681694e-02
-7.954592582316280178e-03 -1.033587491729765634e-02 -1.959204631002542385e-02
-2.274609003598287646e-02 -1.850663372186928850e-03 -3.020772839533697116e-02
-6.992474217883933377e-03 -8.007373099570740463e-03 -2.588126172989478266e-02
-1.842446451095165402e-02 2.199814534970941267e-03 -2.469479054496816206e-02
-1.555407271562483582e-02 -9.268581441265595590e-04 -2.294149413150875852e-02
3.804654664238710238e-02 -6.317646818690869116e-03 1.287722828528801641e-02
-6.576825577863916993e-03 -2.549329538701023811e-03 1.475377028999957235e-02
2.603975957226745477e-02 2.385923530373314227e-02 1.319085773905040102e-02
-2.439647546655631175e-02 4.125857221315124999e-04 -1.632881817320213161e-02
5.606434223386595056e-02 -2.276170155837996256e-02 -6.327805897900429938e-03
-8.612940233953472399e-03 4.177569384054911038e-03 -3.458983743143848738e-02
6.621793661450362098e-04 3.408924353467448348e-02 -4.594580553642973499e-03
-1.401209327509094459e-02 -7.299990816827214499e-03 -2.545167023228786518e-02
-1.472090073695483427e-02 6.359059454673039909e-03 -3.174722451994371059e-02
4.768299884094453350e-02 9.188360449274339753e-04 9.727472334050586700e-03
-6.531595628422964123e-03 -1.178895758952386297e-02 -9.909806614969362062e-03
4.955620444455319240e-02 -3.778012922814585894e-03 -5.852918630821562010e-03
3.589308991207332267e-02 3.129074402157866475e-02 -9.384901384870894883e-03
-1.732596700315785707e-02 -9.578949731919691318e-03 9.651150820711057107e-03
-3.991177359706553351e-02 -1.279450545177697116e-02 1.471850166971025269e-02
1.574968350121582622e-02 3.581086666620723197e-02 -6.320537612165533746e-03
-7.724191647050146145e-03 1.106686441850317790e-03 -3.211583140282853188e-02
2.855194626652600605e-03 -7.746223458105205677e-03 -1.201067551688954176e-02
-7.435185688456399065e-03 -2.563591079298985827e-03 -5.760215246281896739e-03
-4.061897080607171362e-02 -9.360911257577430927e-04 3.733217180625739845e-02
-1.313044106270942757e-02 8.557093422723980811e-03 1.061904837037396833e-02
-7.774867762395929784e-03 -1.314259023332178550e-03 -2.112018168505878229e-02
-1.694776391966141063e-02 -1.027108525112789723e-02 -3.248399319659496520e-02
7.379344278022637385e-03 3.091447387955352163e-02 1.263133060076529653e-02
2.153567988914927706e-02 1.746430318032725360e-02 4.014091700121972563e-03
1.241097748257667449e-03 3.389148103964610172e-03 2.806421948391272028e-02
6.251443041862435150e-03 2.047462063545119754e-02 -8.249022404128274200e-03
-1.585233359397796027e-02 -9.289575451735358758e-03 -2.243620268307028667e-02
7.057672700678096350e-03 1.473668203638353776e-02 2.014382607907658999e-03
2.635063147531552935e-02 3.735042105028219678e-02 3.197715389148447253e-03
-1.631385116303741417e-02 -1.052722070593545452e-02 -2.052035375976471454e-02
1.000167112379360401e-02 1.722969538966905370e-02 7.925238126114056078e-03
3.543227006399209816e-02 -6.537619768715176305e-03 1.414999469140058169e-02
-2.326813199656177153e-02 -6.562374729207735152e-03 1.622579586121975686e-03
3.292591147966072301e-02 -3.897695089443060663e-03 2.466720063329406543e-04
5.022412880889930847e-02 -2.046731429339985098e-04 2.148252619748887079e-02
-1.435648540353965698e-02 -8.119617536474169756e-03 6.522144012365690621e-03
2.115296600523615747e-02 2.408832936568652827e-02 -4.629456851854426951e-03
1.323331336288407871e-02 2.865437134275349018e-02 6.845390057498616787e-03
-4.352696236401910890e-02 -1.287151409063817982e-02 2.368291779471887182e-02
-1.020583757325290927e-02 2.138405377812056807e-02 -4.540038398178466474e-03
2.682080237615652035e-02 -2.289339631684322168e-02 -7.681693709222561610e-03
-4.305278058080731080e-02 -1.508781476014710819e-02 -4.166488165542986746e-03
4.971665073822993663e-02 -2.027770162124475917e-02 1.219827319446983166e-02
4.719815172839812722e-02 -3.503493818760552297e-02 -2.666837264765430961e-03
2.946112021495541754e-03 7.870345578383184174e-03 2.801286227850450020e-02
-3.890447088238003712e-03 1.471954257649082422e-02 4.078127927253696536e-03
5.823326232791836005e-02 -1.199167808364995889e-02 -1.086905591789985408e-02
3.386201353566590209e-03 3.609724427926244011e-02 1.917137335008643403e-03
2.611076697005264985e-02 -2.199670894589157016e-02 -1.966438607556520585e-02
-3.717687854427097899e-02 -1.244276932692133832e-02 3.694515335368576958e-02
-2.934049230875632620e-03 1.272977219742362658e-04 -2.892595586612325530e-03
-3.763072319056802451e-02 -6.659481422359372384e-03 1.753311344552946002e-02
2.093203669536285519e-02 2.862434260904083566e-02 -1.104539211691401689e-03
-1.701998051452176947e-02 -7.672740512038997082e-03 1.171030028493901779e-04
-1.993884398573288544e-02 8.013846937175564183e-04 -2.980868667765318447e-02
-6.372444402876037417e-02 -1.368658441473902081e-02 3.798629704771262078e-02
2.798014120092571361e-02 -2.500913766611547254e-02 -1.597265607831271569e-02
-2.145815663992821365e-02 -1.438036011211828082e-03 -1.929976735511248695e-02
2.880327050844560741e-02 -1.060342432461182371e-02 -9.429245033479196139e-03
-1.019301125970822723e-02 1.095569996633679981e-02 -2.244798399628723448e-02
-2.322719012605718378e-02 -9.206271527407484251e-03 -7.032984656002765934e-03
3.968312050754720099e-02 -8.128736966305998013e-03 -9.321215544692177814e-06
-1.691070137757535443e-03 2.861299866553755275e-02 4.320072607934440632e-04
-3.716219248200515034e-03 3.090999180290960116e-02 5.442063709122593566e-03
-2.304777754483296887e-02 -1.655635395459541248e-02 2.773409187601040896e-02
5.005302791991886671e-03 2.292127360542780407e-02 8.033826877910769243e-03
1.913529559385066664e-02 2.305389605133679326e-02 -6.253391642781051547e-04
-3.728850207612242201e-02 -6.505066586860239544e-03 -7.233597654047032926e-04
5.362844348794085052e-03 -3.623316822183059063e-04 -2.671508973314641253e-02
4.060660536981468630e-03 1.228545439990664937e-03 -2.889480656403223963e-02
1.102665713190264032e-02 2.477473578065073415e-02 6.577674312327810684e-03
5.174354716691624556e-02 -1.825089541956962519e-02 -4.755731248214994586e-03
-8.831940793474357329e-03 -1.560484588655958182e-03 -2.999161102268472698e-02
2.972204662752191834e-02 3.989849299350094192e-02 -8.986763891859254894e-03
8.447440443082215519e-03 2.477871505243653058e-02 -1.897010165282517246e-03
4.405011724658461185e-03 1.740453914618103268e-02 2.348188800420642278e-02
4.679884603487147882e-03 3.155585132988368569e-02 4.886325494984872057e-04
5.912365031659423502e-03 2.189896230284412576e-02 -1.278336104547016412e-02
1.665335432918685007e-02 2.400099195968770360e-02 2.123222202485216745e-02
-6.695449165518960535e-03 2.109609350301444673e-03 2.678591060753997624e-02
-1.244889244682266700e-02 -3.251934612625264481e-03 -1.036106134701785843e-02
-2.553796541152244734e-02 -3.402053883166946194e-03 -1.150596168541906210e-02
5.720423430527895974e-03 2.401738528275206008e-02 1.068296771967175082e-02
1.152176033303703440e-02 2.844210360770806426e-02 2.179973115333058622e-03
-1.583042340707467230e-02 -7.444292723772527078e-03 2.677185904759948887e-02
-2.484565841713981191e-02 9.226522963364793342e-03 -3.190019936817577173e-02
-3.234873053392540998e-02 -6.103956371820406721e-03 -1.447607924821885973e-02
5.202148506653338396e-03 3.014216547679875180e-02 -4.176682208632154225e-03
5.394483676473402212e-02 -1.773521892220542018e-02 1.518418777612439222e-02
-5.532593713575827132e-02 -3.136788372860067203e-02 3.361219544500546746e-02
-3.391946800953035690e-02 -1.470199845348314771e-02 -1.684554508371125957e-04
2.238400318222820429e-02 7.362538776759888250e-03 1.669512312735487239e-02
2.016671611993127791e-02 2.236360796391370295e-02 5.974966380449171256e-03
2.170397578882638998e-03 1.603833118522252771e-02 8.286344174517514330e-03
-2.033173671119874616e-03 1.023057372656712045e-02 1.033792954223728029e-02
8.374536080108040126e-03 -1.245362636530078677e-02 1.104187712992697572e-02
-3.742120023677313750e-02 -1.125145610618390538e-02 -2.200061583875338039e-02
-1.612258770522863273e-03 -1.729228593613250931e-02 -5.406345796411069805e-03
-2.716097912370155770e-02 -2.383197964644844565e-03 2.671427047280435299e-02
-1.980306215016204574e-02 9.642099294572882909e-03 -1.088801249045543221e-02
-3.451533242920477168e-02 8.193408392986475941e-03 -4.016138921335934454e-03
9.823174457775619983e-03 3.210398614264289331e-03 2.093338100989404829e-02
-2.641940446381969496e-02 -1.022839200048536630e-02 -1.409824458501788592e-02
2.619605217300949654e-02 -3.391617840368088554e-02 -6.565909015439954852e-03
4.219432766435379963e-03 2.499020860426717436e-02 -1.724587839770473944e-03
4.338883512891246463e-02 -2.043850615331637040e-03 1.112874774284366292e-02
-1.644523096151774902e-02 6.720464213110342519e-03 1.014517594965003329e-02
-2.333017978718056329e-02 -1.168400192745153512e-02 -7.598126000162239331e-03
-1.878590688567028863e-02 -1.865780346989349839e-03 3.981636733388718014e-03
-3.143400669949157622e-02 -4.668589795613812578e-03 -4.114983883228671632e-03
2.010785515821263050e-03 1.800119501776317743e-02 8.408349098562703863e-03
4.662937684784512760e-02 -7.367605530759393194e-03 3.112435760307601107e-02
8.257358577542835837e-03 3.068715680448798680e-02 9.801207134706698201e-03
-3.082291001402261837e-02 -1.144116659897647000e-02 2.591258803039845834e-02
2.109799945306891494e-02 4.008960581381260796e-02 -9.261865574958502018e-03
4.854561660674227425e-03 2.120972181574768550e-02 9.577464450005537117e-03
1.022194026101743911e-02 -1.489235513708994652e-02 5.535443256869817218e-03
-1.594123391479675481e-02 -2.469312027872805002e-02 -1.565806676804226097e-04
-5.893938940537779211e-03 1.497905716510401428e-02 -1.141249446721454876e-02
-1.930931157032176812e-02 -2.068816437455229043e-02 1.448797998503481219e-02
-3.495063853896819561e-02 -6.595288025845681863e-03 -1.588966429013623574e-02
-4.215909252544085967e-02 -5.174785488933228645e-04 9.462611405175970145e-04
-1.344670149715005911e-02 -2.664564366125768066e-03 7.639401186558650346e-04
5.373866689375500494e-02 -2.795939767423341951e-02 -1.146982319672642256e-03
1.250782851913358716e-02 3.198814578469191816e-02 -2.058808634372551963e-03
3.273553045080487139e-02 -2.175944133509594494e-02 -4.799260391838791086e-03
-3.139191623355433447e-02 -1.474508022248480731e-02 -1.267914944533988977e-03
1.818335725557586671e-02 2.517975714998704415e-02 1.072213953861580853e-02
1.284706452140050147e-05 2.630999219258530961e-02 -6.750901587228418793e-03
-2.856156407007854128e-02 9.432580342793547325e-04 -1.209325472342724639e-02
9.687359867876504591e-03 -1.388520710940427047e-02 9.826429284953515017e-03
-1.068685021635011265e-02 1.741626670550486602e-02 -1.275323579095847745e-02
4.796298359221326524e-02 -2.306392549435994088e-03 -5.077362062465652637e-03
-3.137215468006909758e-02 1.439512270389740759e-03 -5.525057608511059135e-03
-2.160163571119224496e-02 -1.921439715166593527e-03 -9.887299019023043992e-03
-1.733511760388486977e-02 -4.458406269459209330e-04 -6.786445682143486119e-03
-3.019758002809807759e-02 -5.886838162327901261e-03 -1.796009644394922292e-02
4.568530401735262231e-02 -3.365003415388033089e-03 -1.155867461207047558e-02
-1.024242082865309614e-02 -1.062753762941183802e-02 2.152625884849619382e-03
-2.559760717937450969e-02 -1.097301806628796922e-02 -1.675628734454485957e-02
3.174867985013143240e-02 3.146163679002844400e-03 -8.673999202196764485e-03
-2.204981249125662068e-02 -1.463264342804842816e-03 2.797783020161513493e-04
-1.152933793238261617e-02 1.124351866372737437e-02 -2.737486513686808801e-02
1.755951549311360674e-02 2.368024399176841752e-02 1.610917243759743891e-02
6.879146133669462870e-02 -1.673627494328048734e-02 -2.652405197926051999e-04
9.684873195479313385e-03 -6.365616621206135299e-03 -2.769718626220875682e-02
5.021467365977162756e-02 -1.502189532418299507e-02 -2.927768743902635536e-03
-1.460576948513016282e-02 2.575613512958666897e-03 -3.747461002423080724e-04
2.249326759612110122e-02 -3.513772788253465701e-02 1.783357697206781846e-03
-3.228034549616265458e-02 -1.487700063805905137e-02 9.826762456030010799e-04
-1.924515386593103963e-02 -1.176934877395634585e-02 -2.992387084042128290e-02
-5.274192738119154455e-02 -2.545795679269825113e-02 3.328307334197305040e-02
-5.296746341069254183e-03 -1.084681859879691856e-03 -1.845516286823755542e-02
7.620974128546007149e-03 1.630829509798021812e-02 2.058481020941771780e-03
-2.327529989647113967e-02 -4.044635141609327113e-03 -8.318067166302508392e-03
4.120976888703073437e-02 -2.998536194591244070e-02 -2.008159570294583505e-03
-3.364940698288723664e-02 1.321728467727279095e-02 -3.232835364514835726e-03
5.950667999117021517e-03 2.399435005944804480e-02 1.125950750667125896e-02
5.016386648665938086e-03 -2.638147033880258816e-03 -2.683878201022701221e-02
5.059559871340146148e-02 -1.546740290122732876e-02 6.830539877001174862e-03
5.683086267456018831e-02 -1.947580695925393499e-02 6.632933014272371190e-03
1.482743033965778535e-02 1.868736166139898375e-02 1.687297402985378503e-03
4.044282797138756130e-02 1.366880066432029804e-03 1.454691337831226332e-02
-1.749699567267482339e-02 9.612968771459423634e-03 -7.889303951135712145e-03
1.663460310672722209e-02 3.896693447929826942e-02 -1.390492964282968348e-02
-1.736987531483237882e-02 -1.798835851291367624e-02 1.220958929232028763e-02
-1.272823940592239869e-02 7.821866012184286801e-03 -1.223772159371838784e-03
7.899546535661688962e-03 2.269556789621744036e-02 1.636754503170284548e-03
-3.490081054010223810e-02 -1.194593904910337158e-02 3.623372515997632520e-02
-8.488528741961813562e-04 -1.372402194356382374e-02 1.453997057297830818e-03
-4.576886420961746860e-03 1.446888705948149757e-02 1.917189649954667216e-02
-2.221907779552662401e-02 -2.102848914905607047e-02 1.897031939478989807e-03
-1.115929882767622248e-02 6.457729337177439341e-03 -2.979336784838497541e-03
7.518614552198414451e-03 -5.654997138162099965e-03 1.746512099007375279e-02
-2.487549075037136931e-02 -1.364629296609925699e-02 9.686978328374560784e-03
-4.874309703321877581e-03 2.310071325854708146e-02 6.650024088671630841e-03
3.635471881078135292e-02 -5.426027802935659734e-03 1.425386181850131842e-02
-4.269940572302901444e-02 -5.562023430245243219e-03 2.447945429339716886e-02
-1.756741023604985880e-02 -5.086144450400659385e-03 1.489818733489341922e-03
-2.075512781752122948e-02 -1.072730644950345077e-02 -6.461805365588806777e-03
-6.206949416335446820e-03 -6.104715001952354218e-03 -3.983360385921685953e-02
-7.269436258083855282e-03 2.120354862565396875e-02 5.521134663863894870e-03
-3.987429041314100725e-02 -1.529539916989712707e-02 -4.331042886743563351e-03
-1.756822835508561539e-02 -1.473075879600551329e-02 -2.296830006832502671e-02
-2.798318744509392317e-02 -9.632225423854078039e-03 -7.414625252538099528e-06
-5.568600500909287598e-02 -1.258133678804333744e-02 2.661075829801714393e-02
4.539143263520663968e-02 -7.567690290854379824e-03 1.449095724411128723e-02
3.389770960027407853e-02 -2.779612443196630839e-02 -8.875806718547129756e-03
-1.166479289886363999e-02 -1.944640408889016653e-02 -1.559116597422918228e-02
-2.522674723586434617e-02 1.120608422670252898e-03 -1.882102666583479120e-02
-3.979186594691077467e-02 -9.577619648940613808e-03 1.500812517062813899e-02
-1.557907502887739999e-03 1.257887510872018541e-02 9.145373622671192429e-03
-2.311127767441580397e-03 3.062230539661382756e-02 -4.400337026019765818e-06
-1.706846446908561604e-02 1.154819179164699727e-02 -2.952147835608584861e-02
-5.836476757444080538e-02 -1.157921561618957366e-02 1.540152586728791607e-02
5.249003228654253866e-02 -9.651868247700848627e-03 -6.395592537238039936e-03
3.645900841592000785e-02 -2.434577143876963737e-02 4.935568104512370532e-03
-2.637423500665471779e-02 -4.073119683035934281e-03 -1.814941948344832995e-02
-5.662353414079285795e-03 -1.083188467896000276e-02 -3.667379816983533380e-02
-8.191607176083300773e-03 -2.278510813419257208e-02 -8.609689864980290749e-03
2.176751201673982755e-02 2.725941814947147740e-02 -4.274278813026489402e-04
-1.167035549396523014e-02 -5.801789213713806105e-03 1.578173763745818053e-02
4.814467946505537888e-02 -2.517849907094907996e-02 1.249633197709736944e-02
5.627901083407442669e-03 1.628993788683574904e-04 3.358597223390993869e-02
-4.826201603078180552e-02 -1.406089869086889384e-02 3.414947634985853603e-02
-1.039545160148044704e-02 -2.876043443530065975e-03 2.535589567045145459e-02
-2.309996857583284692e-03 -4.299218487195535267e-03 -2.853081030381886957e-02
-5.395506717436797904e-03 -3.991862461109843552e-03 1.921183432402683369e-02
-3.174102572876216777e-02 -1.114732458425545490e-02 -1.299640808575397086e-02
-2.225726614125582772e-03 3.006508751066989168e-03 2.582548483619468913e-02
-3.992231405889654777e-02 -1.364233926216395099e-03 1.286906341154958437e-02
-3.367739371994483977e-02 6.199683256305286994e-03 -6.064899654031787393e-03
-1.738975808343707491e-02 -4.849163308169125719e-03 -2.983320197914082067e-02
5.938583270224432470e-02 -2.449017299481811433e-02 4.445239225599575722e-04
-2.261913258989309977e-02 -2.043199930068642645e-03 -3.595523951731176607e-04
-1.272881314942167323e-02 -2.864176342306680792e-02 1.111997434531430962e-02
-1.121563698964389913e-02 1.144334183653644699e-02 -3.357945875126987917e-02
-3.013258459938112852e-02 7.920552431350234152e-03 2.622976301208198961e-03
-4.988911272566750807e-03 2.242051339701576010e-02 4.830347531130727533e-03
3.491370512096392265e-02 4.177239381302273735e-03 1.786096177418425258e-03
-1.026262017649812869e-02 -4.960417648445517719e-03 -1.135030869217521464e-02
1.353344374683705838e-02 3.000788160422539208e-02 -8.264765861665046912e-04
-3.817499324380454974e-05 2.212616163310603817e-02 -1.359841861117510112e-02
5.533218404813985188e-04 2.312295974590831017e-03 2.036020384658258908e-02
-1.442522876248325883e-02 -3.512857108539299816e-03 -2.560411641455480683e-02
-5.072839929007174481e-02 -1.234833087805021351e-02 -3.306343170417283799e-03
3.976854045497151685e-02 -1.751045958768811597e-02 4.313976529776934743e-03
6.535494803299124467e-02 -2.299542288116249514e-02 3.945630262387282358e-03
-1.043317321192887594e-03 2.022284377690287613e-02 1.171900682924374888e-02
1.933440782255305829e-02 2.078683269360280528e-02 -5.615040985834027221e-04
3.537094250753720220e-02 -2.488204888618513258e-02 -1.827652846430108044e-02
-2.135772338293408235e-02 -2.121428197004498074e-03 3.131502884574889015e-03
-4.986144717128777881e-02 -9.745369771690350763e-03 1.823367432517068037e-02
7.245687819599375135e-03 2.407939657358589697e-02 -1.114349295442683407e-02
4.434210277303858756e-03 2.518523276807377656e-02 3.559023414184972044e-03
3.849576071615284922e-02 -5.793118941465919859e-03 -5.068725807419334137e-03
5.902831393864571563e-02 -2.214766484387059586e-02 2.779486490509771972e-03
3.437880280779194442e-02 -1.260089655517196254e-02 1.506734890335424681e-02
-5.814347840467311290e-02 -5.234152286581810094e-03 2.714451149943294256e-02
-2.075507182091169620e-02 -4.515755747350883205e-03 -2.387385772912328438e-02
1.234173281171594338e-03 9.243619488464408255e-04 -3.490742851868340602e-02
5.244325166201154603e-03 9.863201765886221023e-03 4.035032668980280922e-03
1.333982458187884731e-02 3.227103681821815589e-02 1.676453262088339587e-03
3.100684463535769916e-02 -3.073710021249560775e-02 -7.181171912963081085e-03
-3.582093602104586411e-02 -1.424430122414619727e-02 1.073064374607996668e-02
1.513319751650567604e-02 1.037805825595041961e-02 5.604408695802134618e-03
7.714239792974979422e-03 -1.013815218113708677e-03 3.129016874882323967e-02
-3.843513496930731077e-02 -8.214843567568953092e-03 -1.007695520730823857e-02
1.373024248486454969e-02 3.705270829495218438e-02 3.150351297609888575e-03
-1.865543062971845856e-02 -3.562456360606495055e-03 -5.665859953982522838e-03
-1.880426232935575315e-02 -3.976256887250310609e-03 -2.164945753465609413e-02
4.537056370770470304e-02 -3.914046722773538954e-03 -4.928321686251698093e-03
-3.566697778691673565e-02 -7.632254459849892314e-03 1.956807195459075999e-02
1.316837882848166143e-02 2.777793842753869744e-02 1.818125553060699964e-03
5.087222171295566198e-02 -1.817588241347725675e-02 -1.216341032862289749e-02
3.168572189790692939e-02 2.358883015410180237e-02 -1.249254289944781195e-02
2.784077612684087225e-02 -1.018065691503692617e-02 -5.690886603741994801e-03
-2.922857935991561226e-02 -1.553718083152807322e-02 -2.311120718894267567e-02
-1.404196942969827833e-02 -1.767119616713857394e-02 2.896567382103396447e-05
-3.559473213940730907e-02 -2.652223607728802172e-03 1.132121854331822990e-02
4.986850446549213889e-02 -2.059335295634531424e-02 -3.699173733857537283e-04
4.422322662073147753e-02 -5.768247156450490368e-03 2.203890768604694142e-02
3.110970979843191014e-02 -1.223998423979940839e-02 -1.205968412416076954e-03
-2.878709116738940518e-02 -1.486136495318345421e-02 5.722409214616981871e-04
6.213332644021131446e-02 -1.582893030095382930e-02 6.815287068256046382e-03
5.086158770370716783e-04 1.821939279004486378e-02 1.926886929816531979e-02
-2.373233503990787238e-03 2.552309616104185466e-03 8.994840066052972594e-03
2.908153501443203059e-02 -1.528419249113753368e-02 -1.977466640284717553e-02
1.699187899416968600e-02 -2.028058975342815831e-02 1.252292143153580818e-02
4.205834740992709514e-02 -3.364144782907889462e-03 -4.808088917276585710e-03
8.839568110763961276e-03 3.213966021849047616e-02 -1.869679859700376819e-03
-1.510950627743451111e-02 -4.800019514100729856e-03 -1.164972150887867708e-02
-3.456363160791513234e-02 -9.966405603542616287e-03 -2.848388978573159445e-03
2.059288271639913084e-02 -2.792979244937803321e-02 -8.638361873376156769e-03
-3.242899268413051983e-02 -1.587322704091116850e-04 1.484972932387014499e-02
3.944457945951964500e-02 -1.525654184325451850e-02 -1.078732436458980024e-02
2.472163022657887510e-02 -2.496116160958235936e-02 -4.058507485062333442e-03
1.421301841286189138e-02 6.972186053616957237e-03 1.286369345121955027e-02
2.622131959519621511e-03 2.879998512582566950e-02 1.058651497868490568e-02
-3.075615408541781254e-02 -8.557359528041387151e-03 9.587185377102092412e-03
1.412610683609535379e-02 -1.575543751850521160e-02 7.536973819449573064e-03
4.932566005699251521e-02 -2.799020403468083923e-02 1.523359000407249167e-04
7.605744913589233998e-03 2.939690298605143748e-02 1.411069940005947251e-02
-1.562829153015225792e-02 3.684008337309247275e-03 -1.166979913232718026e-02
3.714261974533431335e-03 9.566841420294389109e-03 -2.817299998501413688e-02
2.491684381107257124e-02 -2.684723200552775399e-02 -4.269429017852729644e-03
4.926766411500142773e-02 -2.270832322321224284e-02 1.060192086124140017e-02
-1.965037165744919906e-02 -4.467609815719492811e-03 -2.282610335503952939e-02
1.101515197627315860e-02 1.056833966764544712e-02 5.195650370422261015e-03
-5.571107706141756322e-02 -1.534507262572062762e-02 2.425065392024571345e-02
4.945907585445721150e-02 -1.756657572194393613e-02 -9.463178111705123491e-03
3.828492589175386956e-02 3.031282756090757438e-03 2.036563226385762829e-02
6.000052816281706801e-03 2.015328296248658502e-02 2.211334104237813042e-02
-9.628720428381476459e-03 6.409829316960651002e-03 -6.701302021248203844e-03
-1.021817059198690779e-02 8.675979100689112570e-06 -7.911321424550945419e-03
-2.258961277449998174e-03 3.071516052688623433e-02 4.381647926512239992e-03
4.975546722607731426e-02 -2.816632966708305236e-02 -1.605222986802842117e-02
-1.997323385561037418e-02 -2.393529776606324877e-02 1.232860006186602565e-03
2.639098304222405045e-02 5.799388238981018941e-03 8.102677132800651522e-03
-2.555349396410553850e-02 -5.645417577980042963e-03 7.558200206233566302e-05
-2.105652380047556144e-02 -5.971566398834175088e-03 -7.879065645598681486e-03
-2.840800518763767976e-02 -2.173296091477055006e-03 8.387423907548180457e-03
1.735920814394523864e-02 3.514055071540042596e-02 -4.273119536392710333e-03
-3.220002471816873352e-02 -9.173518090790096224e-03 6.942137795413049796e-03
2.378553403982971905e-03 2.820220060346174951e-02 5.878065307279330479e-03
3.170503692654545735e-02 6.773560001766823317e-03 9.532302353152411270e-03
-1.685575818700315448e-02 3.553700739920434733e-03 -1.300124832803433751e-02
-1.796164124948690377e-02 -5.503835097645443271e-03 -3.623267862107782625e-03
-1.353868354723191357e-02 3.849681526111185846e-04 1.945839350837801421e-02
1.330030398198090227e-02 8.829615340968564874e-03 -1.713801568516322427e-02
-3.421101284582338253e-02 1.587777715309896670e-03 3.704294050507600522e-02
1.462470845798743806e-02 1.829257850212205952e-02 6.087147875745289871e-03
3.869037610235412372e-02 6.590619820777990530e-03 9.494771773789083963e-03
6.446848410326944112e-02 -1.698939465836940554e-02 1.728686900422421197e-03
1.544917391569401027e-02 -1.735710203274118358e-03 2.209892736411759890e-03
-7.345786061225452641e-03 -2.023571594996852185e-03 1.247500363172554007e-02
-9.451425802608168572e-03 1.148631002761322725e-02 -1.777489772333954582e-02
9.630350346276751392e-03 2.434381080727534424e-02 8.593515834484853969e-03
-3.543787046840757987e-02 -1.404167111787682845e-02 -2.041439385365484763e-02
-2.717172548624759848e-02 -1.045368440926959302e-03 -1.032192160661633135e-02
-8.807042378121399812e-03 6.876801991250588650e-04 -6.202607586186592928e-03
-3.230745139034765789e-02 -1.492020907322828480e-02 1.588772952888385399e-03
3.763216797045302459e-02 -4.890396712740308592e-03 -1.641275202255415219e-02
1.957967549706458171e-02 -1.456131824331409995e-02 4.304561667156119563e-03
-1.763523006557516856e-02 -2.077087383993649408e-03 -2.084908601522297844e-02
5.571877679432424985e-02 -2.101659058310565223e-02 4.107155979447574615e-03
1.578092682917492384e-02 3.644634278758891732e-02 -4.291614722311583828e-03
9.593564822311141660e-03 3.006312294851581912e-02 -1.170700553947712219e-02
-4.203694097332427715e-03 1.415141500486567783e-02 -2.012932695363341823e-02
-4.188184668166454461e-02 -3.914914255843066591e-03 1.182439418552264435e-02
2.695420959989581339e-02 -1.906422765877994118e-03 -7.341019789586690145e-03
-2.117389786806311153e-02 -1.921501589110956656e-02 -7.678166940458386672e-03
-2.502525977536464163e-02 -3.473635530922439783e-03 -3.846078331882218492e-03
-2.286834727452963234e-02 -1.608187785121101970e-02 -1.744470244843005294e-02
-1.242536785886570391e-02 -4.984334799868163877e-03 1.880405570639579567e-03
-3.213415973886016297e-02 -2.290026247629350312e-03 8.834317704592137624e-03
2.766217716757917236e-02 -1.132635588569832520e-03 -1.002369917780759033e-02
-1.559748175107618200e-02 5.372280803753142278e-03 -3.301458105761395645e-02
-2.237756914512700757e-02 -1.684245245907481240e-03 -5.676855463900581759e-03
-1.502302723317412323e-03 -2.014788983892060875e-02 7.991166391080407926e-04
1.055128204187143204e-02 2.685072100666673414e-02 3.214043862249011427e-04
-2.268704987755791949e-02 6.668819714688510938e-03 8.138285471921082384e-03
1.401038732875134821e-02 3.075217890168262594e-02 -2.275599784568265067e-03
-1.412997383530211967e-02 -1.293631763026306322e-02 1.569827338337323117e-02
3.750458034115479455e-02 -9.429179774242922585e-03 -9.160061971669334127e-03
-7.456677516778701525e-03 -1.941969939568721770e-02 3.445622993330196924e-03
5.589257412189573004e-02 -1.091679606672997516e-02 -6.903752221460696982e-03
4.702377115128424795e-02 -1.853180079373925940e-02 -1.580287642290160825e-03
3.178165150671619782e-02 -3.113322403151795592e-02 -9.525058304223378569e-03
-2.807902595901623846e-02 -9.977418968610136593e-03 1.003798086862219170e-02
-4.097536566315651205e-03 -9.711120306625138643e-03 1.617584814280539213e-02
1.639804325598081397e-02 3.471921653285261339e-02 4.301829833603900387e-03
-4.378467140994440898e-02 -7.304976419839225368e-03 1.369849613829416876e-02
-1.545831569388194868e-02 1.807677444662739077e-03 -6.098417628678241484e-03
3.776748257718392371e-02 -1.201034277536528264e-02 9.491618398522604083e-03
-3.200935689624256897e-02 -9.986130148482375013e-03 2.854698280588620005e-02
3.857088890945615384e-02 -1.294618598542006914e-02 3.185521841077856853e-02
-2.159305053473534880e-02 -1.031306478706776192e-02 -2.811802210572105984e-02
-9.193520104492326414e-04 2.858826449179963786e-02 -4.518757383066882884e-03
3.266961498182249790e-02 -5.218798362909790947e-03 1.836530596783083127e-02
4.213754512939375807e-02 -1.370696278893606714e-02 -9.739626174521990535e-04
-3.779059840339737963e-02 -1.410253528877017902e-02 -1.959687649976944376e-02
-7.457860010886929562e-03 -4.544790335977247700e-03 3.217081828168583818e-02
1.097229163971362789e-02 3.365572512285141399e-02 -1.029689560516037529e-02
3.889941778452212645e-02 -1.794240266711076559e-02 -6.873973629060475821e-03
1.626441565025470853e-02 2.198611758198765892e-02 -6.556699722737210391e-03
-1.344321521633080885e-02 4.252568372157057748e-03 -1.293843927822948929e-03
1.459287178135114165e-03 2.360794520830147500e-02 9.355035739661522395e-03
3.990770422217296276e-02 -9.138660201185245385e-03 -1.569118947622259730e-03
-4.465765059759573691e-02 -1.929191187464337348e-02 3.645245834726196232e-02
1.194680982988929234e-03 2.473306726836479313e-02 3.663819020712395357e-03
-2.011980559772291385e-02 5.467547343258098713e-03 -2.913727905078123889e-02
3.258952600054056126e-02 4.292973418291233523e-03 9.857959518943871721e-03
-1.576461122277826934e-02 -4.891206753236778879e-03 -9.881955774183199745e-03
-5.067541851204716841e-02 -1.029039713716232637e-02 4.750687745740415913e-02
-3.100283448992499982e-02 -7.594332391342578648e-03 -8.006825699019670672e-03
-1.645652145756909546e-02 -9.925535966307448207e-03 -2.489443096391297933e-02
3.583378137581132161e-02 -1.135843154822386951e-02 -1.819202903802849547e-02
5.721513361221435001e-02 -1.291924928552662735e-02 -5.313752975853317136e-03
-4.347597546641800842e-02 -1.154844231454866046e-02 3.874909803706231941e-03
-1.429260228473269376e-02 3.329345671229457914e-03 -2.728713430830428249e-02
-1.925707003234546424e-02 -2.975566982986043232e-02 1.004040305386233629e-02
-2.368158774446238457e-02 2.367827733908810922e-04 -2.609607095880087102e-02
3.666158339005735900e-02 -8.139303089668708732e-03 -6.719215859750841220e-04
4.624622427082495518e-02 -1.496595821655741579e-02 -4.620687080362903022e-03
-2.634907828969867971e-02 -9.433404883082058268e-03 -8.030801237655508726e-03
-2.597424225378360332e-02 -1.056211264588826498e-02 -6.354650468768563779e-03
-3.782177787743544461e-02 -8.140732458292821794e-04 -7.490922647663721817e-03
-3.842255471702159947e-02 -1.979927638734806095e-02 -2.134487664965452683e-02
-1.910413772864923837e-02 6.036026742206131081e-04 -2.065528617694457891e-02
-5.250993170230325996e-02 -1.517921982615201733e-02 2.621312573127406939e-02
-2.263151314765732974e-02 1.918994735457678303e-03 -2.799011388075206639e-03
-1.025671335671161227e-02 -1.050161411160822032e-02 -1.140933545900512172e-02
-7.128216366068945709e-03 1.021705676309104735e-02 -1.115413576104972056e-02
-1.060399885931688317e-02 7.007948623733445924e-03 1.981199228852055169e-02
-3.875360430284738311e-02 -1.342324911170609050e-02 3.098553185010142347e-02
3.897288650775714014e-02 -5.903497909523054699e-03 2.305089596611529894e-03
7.442846563619567868e-02 -1.717136624442719417e-02 -9.776909947543196977e-03
-1.045051964307910745e-02 3.312714724387644510e-03 -8.236108400651193442e-03
-2.768349288626557533e-02 -7.920225427273152111e-03 -6.039978173848311281e-03
1.895876373702344575e-02 -4.269622594685938341e-03 2.671869877133270857e-03
-1.568953612978885373e-02 -2.204292831162732100e-02 3.675418757382020989e-03
6.275914625099910694e-03 4.365131744436920314e-02 -1.079896720328672689e-03
1.653202597758873793e-02 2.465159280417181242e-02 1.322890213785844239e-02
2.470703286331443066e-02 2.959030958718686724e-02 -6.336772318234534275e-03
-1.875006616808435472e-02 -1.000941716181027487e-02 -2.467557023926010562e-02
-1.664172346037852412e-02 -5.855185150661215004e-03 -2.186837395020762437e-02
1.311070204443309621e-02 -1.382713546590978032e-03 2.015881303631321744e-02
-1.110813525868122389e-02 -4.237596575658116385e-03 2.845361624309732801e-02
-1.337656875701380248e-02 7.202980273243010136e-03 -2.306472317532339694e-02
-1.622343280844038699e-02 -1.932189797561972150e-02 5.250266044071687883e-04
-3.861186090783128716e-02 -2.430972455468432495e-03 1.390674020072975303e-02
3.698775249933599490e-02 3.943646842709319297e-03 -7.764798271600176216e-03
-4.045557490876892925e-03 -6.966772548204155230e-03 -3.429060832685179583e-02
-3.491866230560064510e-02 2.250774909674281305e-04 1.213355660032327740e-02
1.586178799758176244e-02 4.114001191371229049e-02 -6.401591126687456411e-03
-3.937002060471088416e-02 2.401743470042116795e-03 2.340398991387796120e-04
-1.822477149968492263e-02 -6.321270603173798595e-03 -5.860598657043106403e-04
-7.409752637624805738e-03 5.534882145612782765e-03 -2.575525252685694280e-02
4.217417314250156146e-02 -4.630570117130699756e-03 -3.280218830815282132e-03
-5.914702707306566248e-02 -2.041029737069792460e-02 2.864161351293758456e-02
