-3.128297941771711332e-02 1.133075230462651968e-02 1.078212884111521414e-02
-1.503271043730271782e-02 2.586929046596708401e-02 -2.082226510603581507e-03
-1.308951343951555296e-02 -1.549572777272264362e-02 -1.264234018004458185e-02
-1.479267555584583456e-02 -1.179812185449745018e-02 3.300335729729934192e-03
-2.310341263214103075e-02 -1.633801554639410791e-02 -1.072366996028806425e-02
4.775273112388243694e-03 -3.585020342920137559e-03 2.762850705216811364e-02
-2.176665846746540442e-02 -2.410813821565215356e-02 -1.075364501220260963e-02
2.937744617403448277e-02 2.290004783815454900e-02 -2.003498990977329447e-02
-2.508483001744596375e-02 -1.113829795375810908e-02 2.134576622453660238e-03
-2.316026829319693670e-02 1.001566788279334083e-02 7.686025681747222886e-04
-1.816491604644608279e-02 -1.028335409755574276e-02 -1.709067854570243267e-02
-2.913528711011045824e-02 -7.745166459072929353e-03 1.153581502952364703e-02
-1.297710073503095980e-02 -1.678638559866468469e-02 1.532520620926300890e-02
-1.109813760023100823e-02 -2.008332172503055416e-02 -2.138978655355517830e-03
-2.720940091327473179e-02 3.184914719016111728e-02 -1.159680246959328767e-02
2.249060769658898715e-02 -1.167170169952976878e-02 -1.834995933913839347e-02
2.965850231148644840e-03 -1.311608546471647145e-02 -2.067618993051770909e-02
-8.969173050238456180e-03 -4.812798896404759524e-03 -2.518414156508611695e-02
-3.726083235022413509e-02 1.718478830203801211e-02 -2.973942077377065077e-03
-1.361968766253624299e-02 -2.395099075729417021e-02 -6.811381773445379824e-03
1.537879995762519297e-02 -1.487622294282893616e-02 -1.056119763269833256e-02
-3.252105766989546454e-02 2.231737409955059440e-02 3.259307932395867462e-03
-2.246680283549787327e-02 7.359524042268925439e-03 2.123714682040141188e-02
-2.846059126949934334e-02 -1.088726142710430382e-02 1.362070128557689832e-03
1.153044771521559778e-02 -1.903544110264173566e-04 2.370286791789945682e-02
4.177313055918162321e-02 8.749364019989077160e-03 2.089816897993338612e-02
6.066973569892748080e-02 3.101055157318342512e-02 -6.089166662108809859e-04
-1.621394275301941577e-03 3.361638424428967467e-04 5.458668982363591368e-03
-1.129029599170116964e-02 -1.605100626682435389e-02 1.672403970325564079e-02
-2.020539056273644440e-02 -9.630115163143312951e-03 -4.803400949627975418e-03
3.595912535179995873e-02 8.163294124619403097e-03 3.319582907721530061e-03
6.549920357389259554e-03 -1.811775524490768022e-02 -1.439037740039397599e-02
-1.421300993646655228e-02 -1.023577735346137968e-02 3.947417699018301515e-03
5.409040874406443461e-02 2.329071956225646240e-03 -8.664230211886978644e-03
-2.122274563044838219e-02 -2.370551950450427645e-02 6.087001682514007637e-04
-2.319050687531609700e-02 1.531984062912781011e-02 -6.297051263710226957e-03
-2.495406036273087672e-02 1.065135512805008046e-02 1.377893650400727199e-02
5.875276989024047491e-02 1.519583792888581746e-02 -2.547452038817709513e-02
3.353824194551442012e-02 1.429298189975344684e-02 3.042754830211941673e-03
3.945505084895668813e-03 -2.076399922860036953e-02 -1.465036848962159759e-03
-2.188384725864992233e-02 2.544531251518615186e-02 -1.631034794989880479e-02
1.266019757039165729e-02 5.617633731149066119e-03 -1.959403713567670763e-02
1.140641754494951463e-02 2.912473005746656247e-03 2.776145236732123489e-02
2.820812300675514320e-02 -1.069671565200695958e-02 -9.917921985434122872e-03
-2.091007563287007511e-03 -1.573511322083932101e-02 -3.636112909955971188e-03
-1.380611897114628062e-02 -7.388115572940922790e-03 5.889239020028835033e-04
-9.633206762169964354e-03 -6.337290941681015914e-03 1.536228690521970492e-03
-7.620296934249147155e-03 -1.272268678286801041e-02 8.414693549572525508e-03
2.869198220429832608e-02 -6.523608686903729394e-03 6.782145744086641101e-03
-3.019340575162617404e-02 2.970956941815650412e-02 -2.725530010648586146e-02
1.083901181032284611e-02 9.913447358179574686e-04 -2.448861669686124010e-02
2.931322217327981053e-02 1.505069161570891240e-02 -7.727555134996032249e-03
-7.002036876957987675e-03 4.412645768490368217e-04 2.374115427244249260e-02
4.141345374615264252e-02 5.897737338379384527e-03 3.850578534216384137e-03
6.098891960067194962e-04 6.918113901020719230e-04 -2.081964302320823967e-02
1.086800877289712149e-02 1.113008958839138175e-02 3.743925837590440786e-02
-2.103347203029411194e-03 -2.024310093151271070e-02 -2.319122044950581996e-02
1.633094781685364219e-02 -2.379696777225535562e-02 -1.968543609551743831e-03
8.665073077622592948e-03 7.754848021380992412e-03 2.612943164029931514e-02
2.657270291207664004e-02 3.994029738259816630e-03 2.805203530411154098e-02
-2.737883578322027837e-03 -2.852269686518208586e-02 -1.181234112670149008e-02
-1.734647910141772637e-02 -2.730026066125159582e-03 1.930875914191484966e-02
2.705904974468096094e-02 -1.625387743039640592e-02 2.263315461135665188e-02
-7.070059699096204603e-03 1.340358380200626538e-02 -3.482134310343797806e-02
-5.465585986724734273e-03 -4.314010489007637401e-03 3.417578000610808908e-02
4.817892014526038019e-02 2.468215861839137982e-03 7.977315294152327943e-03
-3.471644451543382665e-02 1.875828478164551574e-02 -8.913165979611902684e-03
-1.980045472908866649e-02 -1.736388812829319644e-02 -6.979949153098254609e-03
-2.180767436962961076e-02 4.891697850897066754e-03 1.370915163261695463e-02
4.647357857658167106e-03 -6.839231331929055725e-03 -2.738948944383350417e-02
-1.947656547025285872e-02 -6.160551925075433361e-04 1.048907901489447292e-02
1.464802918760194257e-02 2.055313952913797367e-03 -1.870752782757972507e-02
-1.830822115780504633e-02 -9.437429114638950026e-03 1.015751612539934901e-02
2.227372293242333573e-02 1.790529346793508919e-02 -2.494818488196352824e-02
6.211984015921176092e-03 -1.071047098517403928e-02 -1.017962208407339336e-02
4.742420201869964984e-03 -1.054562724377582777e-02 -3.228180691968295102e-02
-7.590679168741175029e-03 -1.359876675229656183e-02 -2.178290338603207713e-02
-1.195729314596255055e-03 -1.682136003672312155e-02 1.416819412804058882e-02
-1.917866996015898939e-02 2.992358881711991783e-02 -1.023453378253854663e-02
-1.621083401291772324e-03 -4.986626715041492242e-03 1.968076774967462972e-02
-4.464384315977064886e-03 -1.757391005243294849e-02 -1.517466731556151201e-02
-1.490206479485246815e-02 -1.921078449593463522e-02 -2.350851889647716589e-02
-4.378941854309164119e-03 -2.453234588762256713e-03 1.899283982405122403e-02
-1.526833493124720754e-02 1.953849588632362508e-02 2.822900154983169069e-02
-1.443497489120112596e-04 -1.375533088302946863e-02 1.047880245171326635e-02
-3.064919085836791471e-02 2.057179393148696883e-03 3.322777707627644263e-03
1.793555626404059675e-02 2.997304032116081957e-02 4.931036733088187130e-03
1.493953300116099801e-02 9.561984988882093334e-03 1.332283457477872069e-03
9.377941927896553745e-03 -1.943372647258227379e-02 -1.216256388552111253e-02
2.488816642614165991e-02 1.779856443457674200e-02 6.735237556473436596e-03
-1.960835643092311703e-02 1.536373241280984290e-03 1.704073641541573730e-02
-6.573641973299625650e-03 -1.259088771109623424e-02 -2.298915847030607446e-02
-2.659569235064605103e-02 -4.460285959614953069e-03 2.210901260762833387e-02
-2.440786842074086499e-02 -9.608756139317159786e-03 1.922056248408291444e-03
-1.294212410661061373e-02 -9.074688594071561934e-03 -1.573671289724448003e-03
-1.841032594516676599e-02 2.591443691756167671e-03 1.470471476095576609e-02
2.224710399185428691e-02 6.137203089057968394e-03 1.045774206581175265e-02
-3.588852102183139742e-02 -1.541284017286656711e-02 9.453841570352354909e-03
-9.564617138632477977e-03 -2.145898234862342064e-03 -3.201839583095701658e-03
3.924190498472564584e-03 -1.693168038217063992e-02 -3.475921593789633220e-03
-8.565947092454694045e-03 -5.511208419266417670e-03 3.438309611485311458e-04
1.191535252815599001e-02 -1.217774722945112915e-02 -1.242183822115497729e-02
1.563001018173687182e-02 1.956660288342290405e-03 -1.129808061623950415e-02
3.115562391028623215e-02 -4.342913023112495753e-03 8.046714658152247929e-03
8.672110664277945385e-03 -1.982701697027875257e-02 -1.261163129835359345e-02
-4.333813742257688201e-02 -3.149677931446549263e-03 2.317210247503169538e-03
5.069108815586377548e-02 6.232818693497899944e-03 3.875368184176685127e-06
-1.190038518224235953e-02 -1.687544089498966074e-02 -2.719550737608527474e-03
4.484838300198305122e-02 1.871870314790329004e-02 -2.420919954216346238e-03
-2.547305124318723080e-02 -1.138704819380554657e-03 2.194375697058726423e-03
1.390660720006149133e-02 1.485328777614797723e-02 5.621717482991386503e-03
7.803798289420083197e-03 -2.272553065835452440e-02 -3.897143121773982873e-03
1.408455157143747964e-03 -1.265699645663717621e-02 -2.015197754261885410e-02
-1.087924416328320612e-02 -1.736069112343459342e-02 1.572215497671804229e-03
-1.793740125103630498e-02 2.423259155143742127e-02 -8.089773578140280197e-03
-1.136756556383761857e-02 2.230128880845360685e-03 2.788269673273168024e-03
-2.338851432001283568e-03 -1.471864625237175907e-02 -2.079039319444248371e-02
3.194820591898600570e-02 1.291848535832897278e-02 7.187181685165712312e-03
-1.752382409175991251e-02 2.025670992974333215e-02 1.539063594272900570e-02
-2.925601236443360967e-02 3.142858015062000715e-02 -7.790369020372210108e-03
-1.484487405538073047e-02 -2.198585441936479548e-02 -1.961887453762242890e-03
3.044429733138141747e-02 1.318780345725312176e-03 2.126795807264452928e-02
8.124253979422527139e-03 -3.170139898543074264e-02 -1.293463668448641656e-02
6.180266222611427787e-03 -2.091101713687770411e-02 -8.463634684271217207e-03
-5.718233605839865771e-03 7.754714200044116913e-03 1.426381960619448226e-02
-4.963430031668464304e-02 3.458635245331768970e-02 -1.262893728058351976e-02
-1.083139654607882633e-02 3.127310525830475502e-02 -1.290870052662716067e-02
1.196044309532517773e-02 -2.312005921903986533e-03 3.248005986065104905e-02
1.862509774338615143e-02 9.762207503845557466e-03 3.064252175051078789e-02
2.922160477482704799e-02 6.372509430897644982e-03 7.394797723797167863e-03
-7.283586702868301635e-03 -2.304653125088414536e-02 -1.255729915770847915e-02
-8.430009305671501375e-04 -1.436155471990814732e-02 -1.634607388731301736e-02
-1.250196014594538892e-02 -4.917349471068777414e-03 9.160526132183427830e-03
2.055297847862668295e-02 2.532652328929430388e-02 -1.500688733023593409e-02
1.803887717803349250e-02 2.241357224866204895e-02 -9.728457573912170642e-03
-2.561371786403856751e-02 1.044027857653286734e-02 7.317042144577121272e-03
1.462044309948364951e-03 -8.950850584569462060e-03 -2.404438096550635257e-02
6.725021505310825598e-03 -5.467343426505268979e-03 -1.313305564799375005e-02
-3.155234814891220291e-02 3.414497566471577390e-03 1.049668160973832830e-02
-3.106239298980543236e-03 -6.576374421214564378e-03 -4.061506383193400072e-03
-2.134187699668980628e-02 9.442820960629337568e-03 -9.414373981497052221e-03
-1.140817660325564933e-02 -1.057171115951387706e-02 -7.902111475194971771e-03
-1.534654110795126425e-02 -7.387952008242743007e-03 2.023570709697656428e-02
9.609611369003999773e-03 2.776541752484806835e-02 -6.064738277665652588e-05
-8.782893788828930945e-03 -1.327910449180800916e-02 1.335719724660957132e-04
2.077997060868170057e-02 3.965133885051175602e-03 1.528077560407580145e-02
-1.261544137750659003e-02 1.215704517135211826e-02 2.352369910552153630e-03
2.486236525911424827e-04 -2.355715841839190351e-03 -3.058281468915205817e-02
7.112096293356514470e-03 -2.947170409713632463e-02 -7.642956589069037701e-03
-1.146143314619221289e-02 -1.804692129317555377e-02 1.729852298876716384e-03
5.280377313954513589e-03 -1.073122838705902089e-02 -1.708388278720303008e-02
3.147185562977267929e-03 -5.715697645378045545e-04 -1.897776984073014026e-02
7.387750495739076051e-02 2.839971454714955781e-02 -7.237018298891376503e-03
3.752811084016696719e-02 -5.155407497047100399e-03 2.121018465033416150e-02
-4.215176393835134289e-02 -4.019632716336437196e-04 2.249280558261890911e-03
4.216409061428341536e-03 -2.787613922546116956e-04 2.061693331149071565e-02
-9.971124205616592809e-03 -2.149263924431084327e-02 -4.360646942419072608e-03
3.246390824537562919e-02 -3.228928902349489233e-03 2.493062837093442535e-02
7.157482845215806799e-03 7.916591385021006996e-03 -1.952481029797690018e-02
-3.110226251215050461e-02 -9.421778640540137001e-03 7.812706410392269638e-03
-1.333828175223078852e-02 1.737883424163181451e-02 -1.013886573568389612e-02
-1.737358721875689391e-02 1.652468340297178623e-02 3.765800762983346345e-02
2.616582261638109291e-03 5.437469633157832050e-03 7.364174770246451930e-03
-1.368566257607925669e-02 -2.532291882205519803e-02 -1.690558625311778390e-02
-2.310566272879273006e-03 -1.672857501118346982e-02 -7.358942515290896151e-03
1.037646548384528813e-02 -9.480070674152298385e-03 -4.795136444172409980e-03
1.381813954882557321e-03 5.334653141100856007e-04 -2.313045685478963553e-02
-1.106750330733385738e-02 -2.722102257884826196e-02 -3.343197430703169753e-03
-1.378767794582353053e-02 -2.057738976460388516e-02 -4.135515676707128899e-03
1.908636449829588175e-02 -9.629009481586398370e-03 1.219200451915423804e-02
4.880350647135332613e-03 -1.735720491859176970e-02 -1.898956449707866340e-02
3.128412682554158192e-02 2.234985348454482379e-03 1.421850544044779389e-02
-3.603648368939100718e-03 -1.744636219955200684e-02 -3.059991279448912548e-03
-8.019328718378035056e-03 1.706925178873901997e-03 -1.659858376525199727e-02
-1.770683100379811040e-02 -1.492159399907551712e-02 -6.645034805489829534e-03
-8.495549682104671166e-03 1.936615628931291286e-02 -1.074013651612798319e-02
3.957856323832817380e-02 1.550169272484501481e-02 -8.785711354619370195e-03
-9.189730042497819620e-03 -9.983486514821029306e-03 1.235892367095526960e-02
-7.692998385966721628e-03 1.872145949126035810e-02 2.544851014962651661e-02
-1.316882851709264869e-02 -8.334423585074480709e-03 -3.622520767619988574e-03
4.158593980328335882e-02 2.072882059504255539e-03 1.868085803671748479e-02
-8.012954120998873331e-03 -6.744145278228339674e-03 -2.819174572647490870e-02
1.233514940008033660e-03 -3.689766451259855577e-03 1.118549974968390849e-02
-7.811049776443729220e-03 2.440101025828170928e-02 -9.693760436462842481e-03
-1.097619368057166540e-02 -1.885467214435389977e-02 -8.562556204345603619e-03
-3.115411540283941419e-02 1.148492198733335086e-02 2.021168185758291831e-03
2.038483595135672736e-03 1.698491611664694912e-03 -2.377846099141691857e-02
3.691792372558804630e-02 1.192511349935150393e-02 -4.236143421171310658e-04
-1.834453794684032940e-02 1.528077863006437401e-02 3.691378339557720156e-02
-1.505860325065128298e-02 -2.824089266448305199e-02 -2.184860804192767514e-02
-1.272595544993544714e-02 -1.547027102385349281e-02 -1.149477726511007481e-03
4.501848655397023245e-03 -2.730783154607955773e-02 -4.595178353412494691e-03
3.217808956707675361e-02 -8.188705896110195712e-03 -1.076116305985015502e-02
-1.970882846314426021e-02 -1.650743174900652296e-02 4.617185562587684984e-03
-6.485007077017241640e-03 -8.733654010458788766e-03 -1.876406583030365560e-02
9.767559937054479460e-03 3.503351610232582382e-03 -1.101649631966507975e-02
-1.683572392980939650e-02 3.422145987583793958e-02 -2.272595923706754659e-02
-3.105403886178520478e-02 6.355216036964088377e-03 2.489940394863455336e-02
-1.927428643617037224e-02 -8.181159771588222482e-03 1.034804697997107441e-02
2.103165585889699152e-02 -7.731812102454809627e-03 1.472954284359621023e-02
1.349109726709488491e-02 -1.939040497186497649e-03 -2.061156919151191022e-02
2.861955340815637659e-03 -2.640922919437523747e-02 -7.257225660734507866e-03
1.199483586272429708e-02 -6.619392378710059390e-04 2.348237140394637823e-02
-3.131558284022176869e-02 -3.182971433082706567e-03 4.060356110086560735e-03
-3.231703892598926375e-02 -2.972270799626229761e-03 9.340392074863082192e-03
-2.124574615577445522e-03 -2.291350981778832868e-02 -1.235858917888494213e-04
-2.205047490497257651e-02 6.880055397907802565e-03 1.765660639147335204e-02
-3.754172233208120414e-03 -2.908438658356424927e-02 -3.830744018276445537e-03
-1.414811967495124487e-02 1.443673565625569304e-02 1.152641633322411263e-02
-1.277756365655690132e-02 2.243953253948465648e-02 -3.405456816038222086e-03
-2.342826322475035153e-02 9.354261402291510000e-03 1.861225558019380388e-02
-2.212577981941177968e-02 -5.918054991987084556e-04 1.103916258204798613e-02
1.095842792898916486e-02 -2.354540378168638783e-03 -3.328213710246837043e-02
-1.063452648222461272e-02 -4.149519233423372595e-03 1.129332407105260519e-02
-1.299391972824532823e-02 1.104299672246777421e-02 -4.394873067752831978e-04
-9.764293843611925386e-03 -6.563955958499592853e-03 -9.973723011398144891e-03
-2.286970855803037439e-02 2.195299719421820242e-02 -3.872696924012121455e-02
1.521649236806871253e-02 2.869209623814971896e-02 -3.831204208392992305e-02
-2.006062523068573300e-02 3.444400753411661770e-02 1.060924226400883873e-02
8.760554059389559500e-03 8.871467288598090806e-03 8.121209316067010131e-03
4.801272062498507243e-02 6.525431553198914568e-03 9.367340343572787883e-04
3.263087750943213100e-02 3.910709952785119958e-03 1.154908508024467262e-02
3.531701417413853203e-04 -1.901759393385525632e-02 1.753568947905396677e-02
9.605529417668628653e-03 -1.467436390534803889e-02 2.872164714523633804e-03
-1.562030626602179707e-03 -3.237424824374978555e-02 -9.523457165949486937e-04
-7.198186687667629084e-03 1.725350147415399826e-02 8.521654588405870936e-03
-4.527086586015778048e-03 -1.645490115485441149e-02 2.963553731372175343e-03
3.785513447653513636e-02 1.034810001086735112e-02 -4.872874393634081622e-04
-1.698288953832278623e-03 -1.943268056779067290e-02 6.811155969019310266e-03
1.381102139882530409e-03 -1.662933778505345378e-02 -8.859360109545235881e-03
-3.789796943490846004e-02 7.888066899446131292e-03 2.320400652606181575e-03
1.902299497042091170e-02 -1.199374810728598244e-02 1.416316793718559730e-02
2.827908712512045009e-02 -1.633714707058067346e-04 3.655621417351755543e-03
6.260089033327132652e-03 -8.613811235263594060e-03 1.738333483457791748e-02
4.966026580482380687e-02 1.408892349895739075e-02 1.103202958641883065e-02
2.498228702025092132e-02 1.573249932834358891e-02 -1.354266628882196469e-02
-1.930812449525805621e-02 2.005116636826797041e-02 7.871552399620396212e-03
-1.236580205110581268e-02 2.443812888726965699e-02 2.244221904787864139e-02
-1.009729986820858023e-02 1.298533769311125720e-02 7.686231824698373793e-03
2.261011922916966038e-02 -2.263737433827455771e-03 1.577267347938911268e-02
2.205714430966621703e-02 3.085840310387112650e-02 2.411218968986406433e-03
9.222608008935245100e-03 -1.802612321706379556e-02 2.175025222481314496e-02
-3.455251446516056923e-02 1.785641683005158298e-02 2.707541734757731161e-03
2.391355208330397247e-02 1.191092223546599480e-02 6.341671302967320616e-03
1.906419616659337304e-02 3.530448068774840603e-02 -8.162355888919239910e-03
2.937293336079997014e-02 -6.542271109666547221e-03 -1.875299513735929555e-02
-1.462965300532821644e-02 2.379761878100496164e-02 -2.589243115950424362e-02
4.120190711873860517e-02 1.414778642202634516e-02 -9.573812243526899288e-03
-2.816598911989761506e-03 2.897076974688935630e-03 -2.485833539384208271e-02
-1.545964970892274061e-02 -2.194064305928311240e-02 -1.186060134564035674e-02
-1.934352700591725769e-03 -1.482010354593079650e-02 -2.839652837780736599e-02
3.763203599077184769e-02 1.917152365529106034e-02 6.525696159358402443e-03
3.970170652444473744e-03 -1.188370343864963774e-04 2.560879689958756381e-02
-2.345965762951630895e-02 5.421898998974188609e-03 1.384793961564312857e-02
-4.190103886095591923e-02 8.540371323556806074e-03 -3.969901502887580608e-04
5.526528418189818187e-02 2.406943568118888289e-04 -1.366739597190653153e-02
-1.401839781681025847e-02 -1.949941269701548421e-02 5.049027899469748885e-03
4.581557441224725497e-02 4.142827414809343092e-03 4.924438124358545762e-03
4.620911685874035807e-02 -5.231276778540177620e-03 1.001305669406752329e-02
-9.386117926341820336e-03 1.298297993467939677e-02 3.517368281671952313e-02
-1.020722724535487631e-02 -1.036369962812487035e-02 -2.704704957204202495e-02
-2.768659506698364827e-03 2.204329534345331534e-02 -6.268371229554842161e-03
-1.131836076649721592e-02 -1.061338124961155871e-02 1.043741352108821033e-02
-1.963615761576627261e-02 8.609553767492793969e-03 4.151251247844360386e-03
1.031044080729973979e-02 -6.741365219123929969e-03 3.917183501294189962e-02
-1.905972385026990026e-02 2.586754551896581350e-02 5.011358911792847433e-03
2.824894118460130610e-02 -6.277523167208851063e-03 2.434777498645199906e-02
8.255684563870364576e-03 -2.933628295375417458e-02 -8.439451852073169558e-03
1.280832988035266427e-02 -1.068609401107392318e-02 -1.163818847841173627e-02
1.595043111247088780e-02 -1.448225648317227367e-02 -2.458867237463209510e-02
1.876170461839567205e-02 3.229404470751687933e-02 1.256036389690023437e-02
-6.150329038490947794e-03 2.434189246855532991e-04 2.782125592612265039e-02
-8.674316597707596582e-03 4.465220189198861218e-03 1.984663105174201692e-02
-3.044739872605925837e-02 -8.533246673431671078e-03 1.762550415506633841e-02
-3.280713023291020880e-02 1.537036329038590082e-02 5.408382281878671219e-03
-2.380647251250210192e-02 -1.376740848450038433e-02 -1.886022326027437732e-02
-2.266893078119399524e-02 -8.959271049025822886e-03 4.577860281244571471e-03
-2.743677280467907501e-03 -1.176403024436063977e-03 -8.519972830446153472e-03
2.612549672051285229e-02 3.242676871425714466e-03 2.896014880851527015e-02
-2.112995141215626843e-02 1.608502187750253040e-02 4.780878225370296226e-04
-1.075794332252822359e-02 -2.390386139507304566e-02 6.924939679899920833e-03
-7.130486712273366055e-04 -2.520505458369998869e-02 6.023217241315137124e-03
6.696088713170800406e-03 -9.821219311190308721e-03 -1.783048671829822948e-02
-1.003670572887800302e-02 -5.648215596867927311e-03 7.741188324670803672e-03
-1.138194061881579386e-02 1.687188823846843752e-02 5.512312241602281698e-03
3.018978271840564928e-02 8.668628134524984305e-03 2.117132804001327362e-02
2.293321303406851974e-02 1.150305479386088542e-02 -8.088205506486765076e-03
9.987816646702604717e-03 -1.296214890128733616e-02 -2.271734234873237085e-02
-2.541026441004364672e-02 3.230501706411718910e-02 -1.548221737377731937e-02
-4.409402616304232349e-04 -3.040422562903821388e-02 -3.142770232326149663e-03
1.359242135709837825e-04 -2.462267043289205135e-02 -9.224843864492569476e-03
9.522730060021317861e-03 -3.076223059476417346e-02 -4.759802907419502863e-03
2.660831748347708761e-02 -1.137538842696870882e-02 1.598322352189277679e-02
1.099323046713576897e-02 -1.556493920567835268e-02 -2.128859774300362329e-02
1.578936045427054014e-02 -4.282092322927902664e-03 -1.254454944224915082e-02
-3.740621986779163986e-03 -7.345581316654354112e-03 -2.625249744335777027e-02
-1.137883755541318001e-02 -2.320703615715037638e-02 -5.962748856226747843e-03
1.560668520317170030e-02 1.680580593336841993e-03 2.092432888184888456e-02
-1.298310635195256031e-02 -6.448370044268811850e-03 2.236495827269772627e-02
-1.472041237005456554e-02 1.913029657793096847e-02 -2.338079012428151068e-02
1.506503014883153399e-02 -7.223973160703008045e-03 -1.543287770529682204e-02
-9.196128015285623056e-03 -1.049327564288820083e-02 2.425094591266419713e-02
-1.261316409509861784e-02 -1.050765920496808323e-02 7.867534375943516581e-03
2.406756675408619787e-04 3.270880229190102867e-04 -3.267901752193592274e-02
1.074121003530592242e-02 -2.442346446170421195e-02 -2.178354716716255843e-02
6.045233489732183135e-02 2.095157488806926108e-02 -2.367689576707138286e-03
-1.111581520129508414e-02 -2.785004465321095669e-03 8.505485875309016369e-03
-2.553826008515417550e-02 3.097166639479628780e-02 1.294584177489138156e-02
8.780347858899247709e-03 2.567540958755488729e-03 -1.845882538077589508e-02
3.468361571685283501e-02 1.356716276970247603e-02 6.368456229915187353e-03
1.780358937977321795e-02 -1.600197231044393417e-02 -1.422613111793733995e-02
-1.295380898713547821e-02 1.441383932531917211e-02 -1.599397124396240849e-02
1.166713189576075796e-02 -5.468777793484326175e-03 -3.612347901263961159e-02
-3.551896502978410530e-02 1.080086791056137849e-02 1.368400585920391890e-02
2.670126303910210896e-03 -1.548040918442129300e-02 -2.079116183760372494e-02
5.504673944845470818e-03 -1.841364774716220537e-02 -2.580348623956325860e-02
-1.474094185359124676e-02 -1.576268524400324667e-02 -1.643432560690532424e-02
-2.384611009337853429e-02 9.041559588754837645e-03 -1.149600956557953781e-02
-1.120423813519924074e-02 -2.058770791353246171e-02 5.881019346566127709e-03
9.763038860534652141e-03 -3.039497886893561575e-03 2.192572489555723661e-02
4.759821358901010491e-02 -1.423882814138006372e-03 4.902626168466375604e-03
6.491741286063272554e-02 1.962260718280145824e-02 -2.231021396516155372e-02
-2.150190222439653188e-04 -7.862246277822046436e-03 9.632538861794086998e-03
-1.796736670172506892e-02 -1.773865707145129422e-02 2.085925739866292469e-02
-2.166006983590560223e-02 -1.195935894477519017e-02 1.278359369064251475e-02
-6.196881027671051652e-03 8.753989558459240872e-03 3.072288587294660575e-02
-6.536738660953826663e-03 -1.951133225984414896e-02 9.709701370303198964e-03
-1.544369649989755892e-02 -1.195069464325875484e-02 3.816651285526894994e-03
6.690007359131745768e-02 2.933258555386389008e-02 -4.483884285134350639e-03
-3.831642833290473810e-02 -1.068741571375982080e-02 -2.248243168329994504e-03
4.030274280778923385e-02 2.276541477407489824e-03 -5.375783498642162581e-03
1.790922727111661852e-02 2.466233199985762986e-02 -1.468051028012166102e-02
7.736928928550361288e-03 -1.163259717202410649e-02 1.435344541816670205e-02
-2.997970481099086759e-02 1.162416151455704849e-03 6.785719125819361826e-03
-6.970899775805776410e-03 -1.379674502801910875e-02 -1.137096248457685095e-02
1.592821602840206047e-02 -9.244743729297375673e-03 -1.648398217273467151e-02
1.655552599011940809e-02 1.844589205161013823e-03 -1.567191713093070080e-02
-1.107509333122970625e-02 -4.247137506671725196e-03 3.090507717309758182e-03
-1.443654740179587878e-02 -1.605720821136263216e-02 -9.963922237819014538e-03
8.966932052695938266e-03 3.389048858910605894e-02 -1.222864535204641265e-02
-3.396069219666638522e-02 -8.303731917194671517e-04 2.388324437497554853e-02
-3.183989369968896060e-02 -7.689033122668632696e-03 7.095501939172819961e-03
-2.189382896202997017e-02 1.253652882210270526e-02 2.026824989827961943e-02
-2.739174859525472447e-02 -5.931547567911119728e-03 9.902590949143355234e-03
3.818886234879230717e-03 -1.927939617583233900e-02 8.060875943225544876e-03
-8.050090093946735137e-03 -9.426061693397616570e-03 2.759538759685596296e-03
-2.016374500281842286e-02 -1.951924300749290075e-02 -3.867988150368927860e-04
4.891624337679703616e-02 7.157707963637079118e-03 -7.822111058138356623e-03
-1.151821049580628240e-02 -1.213971670906525101e-02 -5.861203340628671696e-03
-1.938783273111516561e-02 -1.228579494447366340e-02 -4.461607072787046602e-03
2.181372766729542702e-03 -1.883204217687286727e-02 -9.227583158801070957e-04
-2.263893921389554826e-03 1.147167860078541525e-02 8.658565427186175334e-03
1.354979542683681058e-02 -7.641930273809265095e-03 -2.965437349675709849e-02
-1.887410617739440286e-02 2.514738716538705496e-02 2.372030934414859522e-03
3.734924967662327927e-02 1.032105615588991589e-02 -6.197654070224445540e-03
-2.332222311578473900e-02 1.159770883866844370e-02 -1.258835494743757409e-02
2.139991309773557268e-02 -1.368317996583696787e-02 -1.722182898742317253e-02
1.694630340096977411e-02 -1.496628220193551781e-02 1.793548879422401585e-02
-3.314480049268287570e-02 3.305962144332492969e-02 -2.763243047223108706e-02
3.569454823042855773e-02 7.467913308221860863e-03 3.419664362193961665e-03
-1.730022170997852493e-02 -1.281135510014361906e-02 1.205552142656509014e-02
-1.456846267714540476e-02 3.291728985455346940e-03 1.122688159319840985e-02
-1.242254070919871466e-02 -2.545337594088931468e-02 5.135079923782110561e-03
-1.993246220876046873e-02 1.146911968106015603e-02 5.218834090067855404e-03
4.044383185839157263e-02 4.896914072467488215e-03 3.147451390923719505e-02
-3.675115560863557052e-03 -1.754278103982986545e-02 -1.846227435514371075e-03
-3.349545849913418416e-02 1.966514539910259231e-03 1.521274497323582379e-02
3.511754769382360863e-02 2.569606023248407860e-03 7.584652542651162607e-03
-4.170397931432662242e-02 2.944372395469024503e-02 5.364401687793879554e-03
-3.816417609078977258e-02 4.399151313140436254e-02 -2.082914702033329332e-02
-2.068597624684251346e-02 -6.578266087288865520e-04 1.365966148767399323e-02
2.189912405562885814e-02 -6.888322213891092012e-03 7.271059669281203230e-03
-5.388885796265589431e-03 -1.806947470657338517e-02 -1.053629281863864738e-02
-1.267803875287112220e-02 4.072032397637461582e-02 -3.690545825609536923e-02
3.644488663330833385e-03 -1.472895414494574014e-02 -7.339216119409521302e-05
-1.467330554576610872e-02 -2.442939657795392344e-05 3.430253130923249100e-02
-4.107325813758384674e-03 7.483793326300193331e-03 2.027995437562379530e-02
2.850967981502892587e-02 -3.486401175195898237e-03 -2.033431880867966543e-02
-2.502863650916811906e-03 -1.403737516298586563e-02 -5.025537974828217340e-03
-3.036474149564036273e-02 1.064189025284660063e-02 1.129015300419771058e-02
-1.206537895766818420e-02 -1.406275429401970985e-02 2.548489709735734382e-02
7.411461809273996171e-02 2.638429992267967220e-02 -7.048839016188185660e-03
-2.501238267416323706e-03 -2.163315637901915348e-02 4.931807295521896742e-03
4.856298985356044540e-02 8.597433825785807601e-03 -2.525680896804414349e-03
7.820083424218082779e-03 -2.349697040565260769e-02 -1.052758078793576170e-02
-9.126691399268419685e-03 -8.622605474060879294e-03 8.079981513613956889e-03
2.750846951526933135e-02 -3.270132726627718311e-04 -3.657659718097831369e-04
1.226362766104216982e-02 -2.076397379204272461e-02 8.117153627803826502e-03
1.118431864876703180e-02 -8.566109807828648295e-03 1.203397486210610982e-02
1.669843628871769611e-02 -2.180761421609054770e-03 1.475081027935496196e-03
-1.091143313362188429e-02 -4.030539141956138334e-03 -4.370783918895244230e-03
1.820417205988503206e-02 1.578472445707646693e-02 -1.796167963672396298e-02
-1.137184744307416680e-02 2.292145796544390116e-02 3.823419205214580174e-02
-7.204483343415067458e-03 -2.324325782431211913e-04 -1.256336318107346799e-02
1.094926417808488907e-02 3.975665447607932244e-03 -2.672099176637884183e-02
-1.983480315787167561e-02 -6.239185060571559444e-03 5.542204605585392824e-03
1.503527645251103405e-02 -2.254653473859897627e-03 4.497975272319655084e-03
6.805054862774930977e-03 -1.791843299183024443e-02 -4.918290042944826156e-03
-7.658714579981263162e-03 2.023049726680991710e-03 -1.134945562324927645e-02
-4.099317079330624253e-02 5.656689682498725405e-03 -1.287931456372710861e-03
-4.926879951941520730e-03 -1.898637426911658696e-02 -1.454860000992901602e-02
-1.250560293685061726e-02 -1.851246581863505436e-02 -7.737306668615158249e-03
5.357947794415025139e-02 1.496812441796953851e-02 -4.434929059042178913e-03
-1.690003112710369848e-02 -1.546338767971061059e-03 5.853579073882893974e-03
5.924613726391169885e-03 -9.774971021309990585e-03 7.788313033125467480e-03
1.981766914758500628e-02 -9.782114576282110313e-03 -1.315851533994196951e-02
-9.604112917906748592e-03 -5.039292911330294335e-04 2.903890101943873772e-02
7.044979687813418545e-02 3.283657084006066235e-02 -3.457971286053791228e-04
1.136246871255346645e-02 -1.248162757787491840e-02 2.503285549577963058e-03
3.824984360987665477e-02 6.608998466434521692e-03 -1.426708678182943670e-03
-1.185291766763449210e-02 -8.998149444717835899e-03 1.500345148421962718e-02
-1.996296275104446349e-02 2.755771123218466248e-02 9.175862365505578835e-03
-1.450697129870955060e-02 -2.383512272000968581e-03 5.324972482906977292e-03
7.393551538275333970e-03 -9.408286861916128826e-03 -2.093691121108110301e-02
-4.824224232917432957e-03 2.412051846197744293e-02 -2.056115806216900904e-02
-1.959008740234698814e-02 1.482741581481684294e-03 1.056041771185401920e-02
-2.041634510787176601e-02 2.747590243188258521e-02 -4.499615356315643522e-02
4.312106827743075049e-02 8.264412351557282044e-03 -5.062464381097788770e-03
-4.867761593587768831e-02 1.963484306641042482e-02 5.974158812831135978e-03
3.189743970093666253e-02 1.055036887478286341e-02 5.612572795353228290e-03
-4.914230901173596844e-02 2.223938944736908885e-03 8.969626360398278569e-03
-8.644236501296406749e-03 -1.565137674930000555e-02 -2.569712408932598759e-03
-1.602395007292348877e-02 -1.689007515033730256e-02 9.625416338321252444e-03
-2.353787630388437524e-02 -1.458515968717485727e-02 -7.740059140837252973e-03
-4.124300142784280941e-03 1.627249307803820509e-03 -1.386477591451651392e-02
-3.093142550039061633e-02 -2.063975195228735966e-03 1.892734786240121703e-02
-1.044870419808159936e-02 -4.714059071095853641e-03 2.086722502573226147e-03
1.023025434161966597e-02 2.396839286652554732e-02 -3.506297190644525746e-02
1.361552589025456783e-02 -2.174236779147911344e-02 -9.944171480951937911e-03
1.576133550317422582e-02 -1.394551013596147075e-02 -2.428564243728737956e-02
-2.981764917124345507e-02 -3.647639741666516659e-03 7.307429923335285668e-03
3.868420562973257093e-02 4.239682586599694859e-03 1.496527554410097965e-02
1.417573119990601233e-02 6.021683358904926509e-03 1.756095346625723141e-02
-2.718051378359681927e-02 -7.208007680816569569e-03 4.479713417235567895e-03
-9.414983589199651774e-04 2.387380569329414053e-03 -3.414621770882782931e-02
2.991130108297582885e-02 1.226818090019885822e-04 2.420649196837612160e-03
3.065728019668556570e-02 1.564063587827228125e-02 -3.039801319617813080e-02
-5.935194573265684462e-03 2.419803023391702956e-03 1.171369089925349515e-02
6.495240918583822937e-03 1.908804203680090558e-02 -1.871917812266966907e-02
1.939561251280332715e-02 -2.755148193311785301e-02 -1.429584192188430121e-03
2.842778804478363931e-03 -3.125797053321573149e-02 -1.626233407606096637e-02
-2.846843630037773978e-02 -1.669867489928446649e-02 -6.290384341699945675e-03
-2.519430737933579800e-02 1.603735995545720397e-02 4.060230067475294191e-03
5.951540170370405586e-02 2.442472492156022579e-02 -1.978094669187129701e-02
1.020638356893087927e-03 -7.133326887128020079e-03 -2.530272080925357117e-02
-5.322365496102126475e-02 6.445813590875800435e-03 -4.580499180638014992e-03
-3.028317949748692353e-02 5.368698741926434224e-03 2.601097870100455706e-02
9.639665318846659531e-03 -1.851424782008301295e-02 -6.788122783175394928e-03
3.069039410939527687e-02 -2.007356206163624871e-03 1.435372852407102578e-02
8.918958280959760065e-03 -7.275945105957820451e-03 1.608536558958155102e-02
4.223329430311298914e-04 2.112386910947098434e-02 1.084699072513519444e-03
-3.062484992481622967e-02 -1.762652042660484142e-02 -5.176470249615352549e-03
-5.073562991273061762e-02 2.420832054252177248e-02 -1.708349932783913977e-02
-7.893218025891079667e-03 -9.185836865314761859e-03 1.223156708073470066e-03
-1.856032735891386190e-02 -2.022465449252339956e-03 2.735074271558050885e-02
-7.873352750266742958e-04 -2.591859381379080229e-02 6.582765666969705998e-03
-1.858003959046387529e-02 -7.190333009313074758e-03 1.811527898135356640e-02
-3.322962988795130634e-02 -1.414144773585087993e-02 9.520265655818037007e-03
-1.202512209812651826e-02 2.680886714922827568e-02 -4.493083700985910089e-02
-1.416859957246029665e-02 1.411587846361341859e-02 -2.564988137075477695e-02
1.220703439550878920e-02 -1.451044840240671430e-02 -1.385386796860724710e-02
7.082892570357220141e-03 -2.072409380675772905e-02 -2.169017196640928447e-03
-7.694591845676788770e-03 -2.059798989957732640e-02 7.414818955192413116e-03
5.508761710962733170e-03 -6.307315816655473251e-03 -3.384362586234528070e-02
-7.267975024883892993e-03 -1.293259253629798315e-02 -2.036692361984485458e-03
-1.310119489034539293e-02 2.681765884813400863e-02 7.556949170978241419e-03
-2.066245255306520950e-02 2.052878067726783551e-02 -1.258751193177595588e-02
-4.081026347046301517e-02 2.062137271190887453e-02 3.318689569136164513e-03
-9.956923944034627716e-03 2.093017249678948491e-02 2.632493381343833927e-02
-2.040310329681075882e-02 -1.167805170434406750e-02 -1.800723585315350608e-04
9.816117328245157689e-03 -1.825297631671336102e-02 -2.042830355168463383e-02
1.241450298772826116e-02 -2.678842298106925979e-02 -1.882376911846241063e-02
1.683422929574559385e-02 -1.806269863707439874e-02 -2.381742468478243238e-02
1.508730284573654365e-02 1.921692456311376029e-02 3.543763649397747070e-03
-4.654800533925680661e-02 3.001877128431440153e-02 -2.446353154961570381e-02
2.870867249482869990e-02 1.054058611330529159e-02 -3.586952716439945586e-03
1.012404693814178760e-02 -1.760747176956237170e-02 -1.404280900185630489e-02
1.913000757265842251e-03 3.238054825840737568e-03 4.863860364568582152e-03
-1.036670192833538499e-02 2.007948693048397168e-02 2.308632185814522841e-02
-2.513161274952296909e-02 -5.290409008879237880e-03 1.176885313079883803e-02
9.223769261241876807e-03 -2.085676273827564205e-03 3.424587344063759892e-02
2.932618548995582358e-02 -1.662433903205852827e-03 1.032608947433860495e-02
3.798412883578253935e-02 5.667771572417309132e-03 4.875388174800212096e-03
-2.602116176979471854e-02 3.557534346302868022e-02 -7.787941570027775463e-03
1.738702229295651519e-02 -2.319252755429083296e-02 1.205031498448521157e-02
1.703167752958881925e-02 1.464776732891420914e-02 -2.163854465639537816e-02
2.899181995108585617e-03 3.403629861481283474e-03 2.439668262045513111e-02
7.457524862562106560e-02 2.109785685521740894e-02 -1.624840223882487644e-03
2.413360089826586952e-02 1.532428039427718991e-02 1.227085810600293293e-02
3.516273364801591333e-02 1.684906118007190728e-02 3.526165170412699085e-03
2.399461093690663169e-02 -4.834173118118877295e-03 2.755818130091540127e-02
7.594882804808618902e-03 3.897697416930050261e-03 2.216138364380406539e-02
2.344401783308991058e-02 -5.542655127939471148e-03 9.946091138882236227e-03
-2.026788402954899163e-02 4.118022897235566748e-02 -1.510561907068075534e-02
3.493709033286845900e-02 1.135350869976287785e-02 -1.400332844170215120e-02
-3.701865608596309476e-02 6.715181838551883935e-03 1.157033382895618009e-02
4.023391149254065130e-02 -7.092810138553341717e-04 6.451570233011698699e-03
-6.023415101158550999e-03 3.191845941755123549e-03 2.123625193736614503e-03
-1.814063086773312627e-02 -1.997320042566663040e-02 5.726295273647476376e-03
9.692944585565842555e-03 -5.784934005057348894e-03 9.977121130066204588e-03
-1.391706796803464548e-02 -1.784666052612909545e-02 1.330810982877140419e-02
-4.831185941557790929e-03 3.701549174944594733e-02 -2.555622203732667037e-03
-2.817833936789092969e-02 3.281413588477312404e-02 -2.039058473661628165e-02
2.018200574380399001e-02 -2.013501457137130760e-02 -8.463296329251156214e-03
3.163252519507055160e-02 1.127772596807580588e-02 -6.443935335797218618e-03
-1.773753785064658903e-02 -7.016892405505481892e-03 -5.690263888792073017e-03
2.001849913341080273e-03 -1.563159554542864699e-03 -4.801718170625552708e-03
-1.932534834288159725e-02 8.892063832917280249e-04 2.528776978436916498e-02
-3.907672673335656904e-02 2.501035546937722606e-02 7.803403378307314717e-03
-1.685957273933050803e-03 -1.310398269286788646e-02 -1.151816737380222284e-02
-2.217352121622604560e-02 -1.432150923473562466e-03 5.448068093340630719e-03
2.328267554375692758e-02 3.562839935573104602e-03 -4.331034503504622209e-04
4.290552495746365741e-02 9.634326266552117532e-03 1.778969144293651716e-02
-4.711253253998673451e-02 2.312548535919137227e-02 -2.061956858303433740e-02
-1.853842854193310866e-02 -2.144774069211050072e-02 -1.579359194973834271e-02
9.995528458969586347e-03 -1.188654050011128498e-02 -1.918715767240200543e-02
-1.442619690789689879e-02 2.496109015261777780e-02 -1.215078004533442363e-02
7.621997022547712976e-03 -1.879430666909040482e-02 -2.113479162803635555e-02
5.258271264200155802e-03 5.989343651249987369e-03 1.841285940196290410e-02
1.473531739185958075e-02 -1.687917606259231335e-03 -2.696129816139626947e-02
-5.202396522239292366e-03 6.060459187823816207e-03 2.507436421032599450e-02
-2.928726227801762422e-02 2.987218677394051260e-03 1.697423872028848424e-02
3.805202764032754315e-02 2.173957416358758554e-02 4.017072840771650222e-03
-1.170450222613223130e-02 -3.719723142439533559e-03 1.036813870371306075e-02
-4.641378206865631219e-03 2.995296017557098900e-02 -6.477376496218049257e-03
-3.481757503203251197e-02 -5.104669377552709629e-03 8.691729240673238752e-03
-1.666914925893346611e-02 -1.880696563514062947e-02 -4.982949295061837348e-03
-1.280368671269571483e-02 2.506844990112458774e-02 1.745798775766107050e-02
8.140909920951150403e-03 -1.745301417136593813e-02 -8.188267083897225046e-03
-1.991965803947762931e-02 4.646503389907389973e-03 -6.008092844040159412e-03
6.366821748972006922e-02 1.387268489033938700e-02 -8.303686530456972845e-03
-3.187254282904841002e-02 3.249665459182977945e-02 -3.486932039459093857e-03
-2.347804323272811508e-02 -9.770297183201654204e-03 1.914680321999256973e-02
2.831554661096732581e-02 3.157826479092434163e-02 2.548477014884190182e-03
-2.273358633995990058e-02 -1.703038105778107922e-02 -1.009306960181922085e-02
1.234180707338428801e-02 -4.192483804096536204e-03 1.536244631062384271e-02
-2.306960751705670887e-02 -2.508902845846416874e-02 -1.844228170813909514e-03
-3.175140101404370224e-02 3.004923920816452917e-02 -1.215099720164797802e-02
2.527712871244244819e-02 -3.558979628390272851e-03 7.171741612519639750e-03
2.054017626995378182e-02 -5.351831660025184283e-03 1.190479225813017260e-02
-4.338445099366212976e-03 -1.428754589805568929e-02 1.064133351482303251e-02
-7.654469345488915371e-04 -3.364747558972601242e-03 -4.914060493936452112e-03
4.232194613553949721e-03 -1.363988772634587218e-02 -2.227801796556471911e-02
1.574247748499255431e-02 2.230860310092630874e-02 -2.746284518131012972e-02
-2.691071511659608173e-02 -4.598163282213570818e-03 2.105328766820715666e-02
3.937184127475090094e-04 -2.046332296065028061e-02 -8.132574432774288681e-03
-2.026284527108161097e-03 -1.425570539239456869e-02 -2.686450912781439965e-02
1.609949441852550484e-02 -2.287652506881437606e-02 -1.320786122923023678e-02
-2.648033180389705241e-02 2.870506721748294215e-02 -1.748990902035904267e-03
1.957651685977928463e-02 -1.314444984246705694e-02 -1.683798016912814791e-02
-7.902942246381806923e-03 -7.407783758536687704e-03 -1.376516459066852612e-02
3.634912514585491097e-03 -1.977851483001158081e-02 8.308623891414852313e-04
-2.823218358559205065e-03 6.908801963714184848e-03 1.998447866076012713e-02
-1.494517478500108007e-02 -3.040989350328963774e-03 2.481176086682981494e-02
-9.385889994128961134e-03 2.141835772321287745e-02 -1.843988362386464810e-02
2.070535596057673094e-02 -1.683659912574359723e-03 2.842350883514860316e-02
-8.395537658166670261e-03 -2.099773528481474125e-02 1.079626880473152917e-03
-1.576965275060513046e-03 2.914830076457231717e-02 -1.424557894354351248e-02
1.065630773382217344e-02 -1.562809477554490123e-02 -3.103017696086695851e-02
3.578149215742679190e-02 4.501584088005988228e-03 1.423066943252361723e-02
-1.369697339287107322e-03 -1.553424497504126388e-02 1.683296077898807294e-02
7.963990305463665431e-03 -1.969342042088891367e-02 -1.915872047434473771e-02
7.913047307278160691e-03 3.182659863379840286e-03 3.093238737514430320e-02
-1.486611761430516564e-02 2.838772712388469913e-02 -1.909285971124870251e-02
-8.416675690607768436e-04 1.802853384352250121e-02 -1.924018022643959186e-02
5.755081308704616816e-02 1.973177634467231101e-02 -2.790325555793096365e-02
-1.720959891677901208e-03 -1.536220118246194206e-02 8.081561614206729874e-03
1.480862142240715364e-02 -1.238159994363041173e-02 4.631418748143265214e-03
1.395154786329574036e-02 -1.374906399595510545e-02 -9.798362707674109981e-03
4.804255794332188897e-03 4.446972616329741574e-04 1.697235547505280412e-02
-2.082727792930139793e-02 5.655724890994966170e-03 6.656883041866282734e-03
2.415571328806721124e-02 -4.261862430648807355e-03 2.296114235545626547e-02
-1.018045319575610307e-02 -1.261611861037842050e-02 -4.394434718216456807e-03
5.053433632425496924e-02 -8.207258212959605073e-03 5.474928690036224774e-03
-1.810540983615625127e-02 -1.810724900506834392e-02 7.188482936887970361e-03
4.245139288933563737e-02 4.892766479318150057e-03 -3.846250671728339027e-03
-2.969978456219637963e-02 2.922848192179280935e-02 -7.428917167940549647e-03
3.365323735573030189e-02 5.275772920242748944e-03 2.230075556646244142e-02
-4.419186324826022277e-03 2.728245536292701022e-03 2.988301031637621147e-02
-7.663024319627948291e-03 -2.377707456232736744e-02 -5.509874954735393716e-03
-1.141216753031332534e-02 -4.268321441121007177e-03 -6.850382718959476501e-03
-1.958852663268521518e-02 -1.253405938821458966e-04 1.642606294585429935e-02
-4.717547039423451369e-03 -3.334612428445787174e-02 -4.324422869216365192e-03
3.007101345020794791e-02 1.180857579484989942e-02 1.637543460583638574e-02
-6.964097903360816529e-03 1.684499298596679609e-03 6.271597954498251554e-03
1.231270185045267931e-02 1.446453954456321071e-02 2.184753909818284295e-03
-4.444614614606305571e-04 2.068212319861513146e-02 -2.487521990256104029e-03
-2.240364043496667970e-03 -4.768162224959938099e-03 -3.803245729634099903e-03
-1.837732126837615318e-02 2.486998275276629602e-02 -1.095133922543118678e-02
-4.478881588688769094e-02 8.495192388806610539e-03 5.729467769423595390e-03
-1.648215334845715835e-02 -6.109693015859237776e-03 1.116898239651309931e-02
2.734115015030429835e-02 5.633944327283298657e-03 1.267760279289786548e-03
-8.660613095904856271e-03 -2.862468867275690110e-02 -1.133681511139527157e-02
-1.858300376670661254e-03 -2.145208832450845246e-02 -2.638392050021654174e-03
5.652788983288223150e-03 -1.591297665557764654e-02 1.115587812232334171e-02
-1.960167058869011214e-02 -1.656746251583427268e-02 1.116209704095030494e-02
-7.559744490808532023e-03 -8.203684996545447874e-03 4.097479981747374593e-03
2.116973867103127613e-02 1.488303535554448553e-02 1.576954349266150709e-03
-5.237476323704860250e-03 2.290170860628825897e-02 -1.240067027416009125e-02
3.530918429820517623e-02 -1.649921152408762850e-03 -4.897407298841696503e-03
-1.708385334828192367e-02 1.143433684642824501e-02 3.370414563085417925e-02
3.252059283965993974e-02 3.141789804170682168e-03 -2.908040839645323512e-03
-1.014876446367927662e-02 2.748752596738532859e-03 2.651894676362286443e-02
-4.016181439072826626e-02 3.228421680099850810e-02 -2.349471047135338886e-02
9.699516598404754608e-03 4.573207538570999461e-04 2.807245246855306214e-02
-2.380857949944610932e-02 7.964397530363898428e-03 4.738152333483374411e-03
3.775440011202140650e-02 5.709048204788571071e-03 3.203002269603565100e-02
1.738686219057290760e-02 -1.887495750673773027e-03 8.325042865478641391e-03
5.452932048487399658e-05 2.052708554724758192e-03 -2.888056308839268352e-03
-1.201836851095390915e-02 -1.496257730619797964e-02 -7.119562923737721366e-04
1.872650833023813480e-02 2.135493389064790221e-02 3.931765564221085044e-03
-6.208406862014860181e-03 -6.255762173938530027e-03 -1.707471876876648365e-02
1.455738403747941154e-02 -8.059326771539757767e-03 -1.967339628728673531e-02
5.890309118002108602e-02 1.648596501078596066e-02 -1.771163262803964605e-02
7.462407302988646870e-04 -9.555500663133424666e-03 -1.893377308497075015e-02
-2.773737895449297775e-02 1.773647102834640527e-02 1.417290742943790906e-02
2.966051329586891216e-02 4.360235784143675838e-03 -1.318976883888791935e-03
-1.512028046056484261e-03 -2.518864049341462685e-02 -1.577203108975747808e-02
-1.471142084189732031e-02 1.211434781922218068e-02 -1.686951784424292611e-02
-5.828917274863227097e-03 -1.118846254573077105e-02 -8.557202092084839617e-03
2.726444268085678746e-02 2.178981240204831346e-02 7.089077221195931415e-03
2.355379177830342272e-02 -2.607055145353165751e-03 -2.418123489230124268e-02
-3.292016493739543387e-02 1.650550040395366153e-02 1.444893979965561868e-02
9.986347180858133610e-03 -1.126455313799534959e-02 -1.429173019661591874e-02
3.457209293221021745e-02 1.567810377763698831e-02 5.339014745087003813e-03
-1.690760484985259771e-02 -2.190953972161552646e-02 2.015502919396574069e-02
1.060375633142334427e-02 -2.370940054599977864e-02 -1.778183719145209896e-02
1.628246148362155060e-02 7.368648486312774984e-04 1.444127836999301723e-02
-2.743780201889269021e-02 2.421861233839095462e-02 -7.982270126184167142e-04
1.609731199288317455e-02 2.042372914995577507e-02 -7.362404335387776923e-03
-2.209200324389950371e-03 9.621640676749596346e-03 2.047163235712365706e-02
-3.250302001710141803e-02 1.338758365057378732e-02 -7.674053645043183054e-03
4.751772546151120449e-03 8.025320639859662500e-03 3.076926551038980731e-02
-2.910115889451558857e-02 1.546745014915987433e-02 1.671312644173975417e-02
-3.296576278668079257e-02 -7.528855022421719091e-03 1.094452160358586404e-02
5.946854416796466813e-02 2.324087464510445414e-02 -1.773612833620796109e-02
1.745438441587415703e-03 5.492286033213307841e-03 -2.974585789943282738e-02
3.796124349339614901e-02 1.223457591277073153e-02 -2.540627643637298570e-03
-4.307196061818199806e-02 3.240379812078831440e-02 -1.496811207814189269e-02
-5.280358037866682980e-02 3.471006453201084391e-02 -1.440690444151086422e-02
-1.362252174179779535e-02 -1.142861447845489910e-02 -1.784659918190173791e-02
-1.182421981875200756e-02 2.115390139685852100e-02 2.460321697703272015e-03
-2.710878358075427888e-02 3.132395521456084100e-03 4.049378605552570939e-03
4.411440726086330796e-03 -6.703037791597268868e-03 -1.495795201150254376e-02
2.994823603124759526e-03 6.660568743520232319e-04 2.913423403855571955e-02
6.616175915182316569e-02 2.112847247261543174e-02 -4.687222215976303251e-03
-2.479193659130834743e-03 1.812321681178166027e-02 -1.800822967603088812e-02
1.093565348529947599e-02 -1.193059647286958541e-02 -4.049469393485959079e-03
-1.531337754368208848e-02 3.030118641210117168e-03 2.342446887733012906e-02
1.512059288594031804e-02 -5.223159279043509441e-03 1.965189085324386270e-02
-2.840887986701930851e-02 -6.767823943713250842e-03 1.358672668959401073e-02
3.817988116810366178e-02 6.695069492464724055e-03 3.440939288676032187e-02
-1.009723265899756250e-02 2.889167612887342737e-02 -4.249008081769255901e-02
-1.628848316503195975e-02 -1.364865516549196474e-03 1.327606523164401482e-02
-2.466304884469922021e-02 1.293820838056675485e-02 -2.808246598055207707e-03
2.064445539252173639e-02 -1.319198266568679181e-02 2.007678158038240721e-02
-1.365602505546773503e-02 -8.547323048551488250e-03 -1.976023514536763559e-02
-7.773097514178063487e-03 -1.486268646804077970e-02 8.822339796530957734e-03
-2.489727594442253319e-02 -6.829896851002511746e-03 -1.693189619862442777e-02
-2.785436168838810195e-03 7.358050147266257009e-03 2.673858192690031430e-02
1.137203451123848172e-02 -9.761330006115053262e-03 7.875665331133645253e-03
-1.288488850459184286e-02 7.468411882819225162e-03 2.534364789088327727e-02
-8.515357269395618101e-03 -2.118457236487159348e-02 3.230604036233104825e-03
-3.283630630463096889e-02 1.741425837854214398e-02 -6.774467436079213917e-04
-5.920481695929416532e-03 9.679659569078918934e-04 2.891564361122183919e-03
3.046422220315236906e-02 5.948247564611798110e-04 -1.929016481265151059e-02
-1.148863915350011901e-02 1.825767139374881096e-02 -1.705006682238977347e-02
-7.021571455496561365e-03 2.490120720035078183e-03 1.665779736524606452e-02
-7.865853222333607161e-03 9.434756635789310827e-03 1.103115932219412426e-02
-7.357876946070054935e-03 1.752957138304082896e-02 4.727691438849404744e-03
2.646521449681802848e-02 -6.494319574059597517e-04 -1.661071895753429492e-02
-1.689306827135520286e-02 2.397691338828928168e-02 1.705352034791290938e-02
-4.856812596294213941e-03 1.464896832969995038e-05 2.050794645219124537e-02
1.926637220994697683e-02 2.403615853204910460e-02 -1.904774252910000631e-02
-2.613455140488982892e-02 2.624648173977042406e-02 -1.300620383518274505e-02
6.442954336922735240e-03 -1.430869905514115317e-02 1.191329850858724492e-04
-4.789058947471760974e-02 2.566016013392768275e-02 1.060860605021495505e-02
-1.232888831425217428e-02 1.166857185113888071e-02 -2.483737692904365232e-02
-1.368154058328288495e-03 -1.160259454376711720e-02 -2.145325490088451775e-02
1.031300073099476571e-02 -8.405592785747414974e-03 -1.037469094016832231e-02
-8.448616915499349012e-03 -5.970726260095143324e-03 2.470369497888141169e-02
-1.493588615129835817e-02 -2.016822819106796338e-02 3.007778839704172203e-04
-1.156906137990452305e-02 -1.854279629128566254e-02 -1.972003573364209533e-02
4.466061656668551122e-02 5.759309081753128355e-03 1.519707318487845994e-02
-3.080953723695364042e-03 1.167659950831860353e-02 -5.542320558890411267e-03
1.521746893827788730e-02 1.824750454154473777e-03 1.203070456339344098e-02
5.333364191572618346e-02 7.053377417009359766e-03 1.628175120562695352e-02
-1.053552239060948602e-02 3.369207450017500799e-02 -2.740867289477369809e-02
-2.975944072533363155e-02 3.298562434896733925e-02 -4.634111996374483573e-03
1.364290158295947304e-02 1.554694050861518250e-03 1.741399096025410612e-02
2.908790076210353293e-02 2.156392061655769757e-02 3.307554096143702251e-03
-4.704404400009814906e-03 -2.357240236281672036e-02 -1.032588831434871901e-02
-5.921411233433057511e-04 -2.095172776509681561e-02 -1.956450315855065222e-02
-1.289797018988337110e-02 2.944318552540256886e-02 3.538407023495340146e-03
2.814111081550443871e-02 1.897392346929274026e-02 6.315145158592587286e-03
-7.612842543254895802e-03 3.038966130552817058e-02 -2.481450276199683239e-02
-1.936158401425934483e-02 -2.412488420922962937e-02 7.591419859762734389e-03
-3.433643997521757668e-02 2.275021869096805274e-02 1.279117813479739400e-02
-3.660726184494796781e-02 3.028611976507887549e-02 -2.057893380405942385e-02
1.864423148535814326e-02 2.632217430407778405e-02 -1.895115086579989699e-02
1.155370954438525270e-02 -1.272067713620584663e-02 -2.266450096705431572e-02
6.565031987711263117e-02 1.512188745477071640e-02 -2.472218073125089302e-03
2.261761034497693224e-02 1.295864231480546407e-02 5.560651019280665394e-03
1.964452337649707451e-03 -1.029747867619877806e-02 -2.102079621784626665e-02
-4.452682655648569632e-03 4.241501114515605630e-02 -3.260315905707618020e-03
-1.639957505871788082e-02 -2.750136767661619588e-02 -1.868853742799506806e-02
-5.699423148538271949e-02 3.628459040660736434e-02 -1.433887639980964933e-02
-2.116889826297299951e-02 1.686239218535136308e-02 -1.086593317633468767e-02
-2.744748862498822667e-04 -6.627041402750754803e-03 9.734406361609253960e-03
-3.014186375051782288e-02 -5.370117815591940978e-04 1.865944863490831551e-02
3.107659479180028064e-02 -8.862414922919429131e-03 9.870607606503201820e-03
-1.032549121695718400e-02 2.721581422439327269e-02 3.130188212653227820e-03
-2.480533494627784954e-02 1.330263578385432362e-02 5.393460077808439473e-03
1.809756067442679431e-02 -6.265459852869366408e-03 8.947869428802582639e-03
1.268402134601064046e-02 -1.347995311412499009e-02 -1.050085152940449969e-02
-1.998626487886427314e-02 1.521657045149543350e-02 -1.492953581653781378e-02
-7.925588495464592001e-03 9.259905738971591083e-03 1.517443993193054626e-02
-7.855249339296332262e-03 -5.953794214084175834e-03 -2.697163487310070412e-02
-5.644120255811894103e-03 8.092486356822400917e-03 8.170540872207822033e-03
3.735754070200593413e-02 1.063418411002350558e-02 1.235921251458440770e-02
-9.485082451513684662e-03 1.505775010541140872e-02 2.997923821261631178e-02
5.262815065992456492e-02 1.989091123170311920e-02 -7.816005902432088259e-03
4.617597004235208386e-02 1.780228742452369742e-02 6.205564224049446749e-03
-3.568828916564876358e-02 2.793629959368420720e-02 -1.650217103281466716e-02
-2.899253207235170590e-02 2.022988166847530800e-02 -1.532676707412187860e-02
-7.451470231278387035e-03 1.134510648068167739e-02 1.626468776825104948e-02
1.735955027695723976e-02 -9.661340674858281269e-03 2.068890942353470569e-02
-1.505414135958951620e-03 -1.015969120076057677e-02 -1.992286754554857542e-02
-2.252849195577091498e-02 -2.724844444568437843e-02 2.286660688697103247e-02
4.404728681986885136e-02 6.601492593316997349e-04 -3.513358129956063551e-03
3.781433581937563952e-04 1.268978887442856994e-02 6.502831599787242157e-03
-2.849816818982638111e-02 -4.243399706553172002e-03 1.573923533595424432e-02
1.350266482836168973e-03 -2.133593273975145990e-02 -1.660557546798826362e-02
1.667954320072347757e-02 3.071649488076560151e-03 2.682695446204222400e-02
9.261153293937207306e-03 -1.176606503076767403e-02 -1.049062360001122227e-02
2.059448768534631949e-03 1.612463544038408164e-02 -2.128759931724931095e-02
-3.710146260053484926e-03 -1.834863075849693659e-02 3.771958307028662320e-04
4.025044850486833581e-02 3.832597509983938413e-03 -6.670343706521266423e-03
-3.291416296181792767e-02 -2.566189946743463457e-02 1.905001122634292568e-02
6.626388526121522633e-03 -1.464584115549997546e-02 -1.593044744640860141e-02
-2.462532355258126651e-03 -2.083842738706310690e-02 -1.996531310792849789e-02
-3.744680483671695807e-03 -1.491394561279682854e-02 -7.473835914969697083e-03
-2.493654551584964171e-02 6.549442763348550973e-03 1.785921452723820968e-02
-4.469401997469996807e-02 3.852733375066557785e-03 -1.934735493277926896e-03
1.161425300478417973e-02 -4.709131222834281490e-03 7.000664333330641927e-03
5.412263615920781014e-03 -2.604246453426995594e-02 -3.226748884339770886e-03
-2.854339963783179487e-02 3.019854338861627241e-02 -2.172928738692846487e-02
-1.982917378094675633e-03 3.434193018951830329e-04 -5.151341536718391338e-03
-2.478704034322320310e-02 4.583095640697921504e-03 4.642198750966760289e-03
-3.652304822821583752e-02 -1.053813577906034804e-02 1.206764498959602729e-02
-1.506105776546682630e-02 -3.396961367371379402e-03 2.797712833474228292e-02
4.097328990664764886e-02 7.285116415039160492e-03 2.329995873421549651e-02
1.145055426273916717e-02 -1.225077462383020307e-03 1.629155175137080372e-02
4.328647886139638801e-02 2.439391131287990851e-03 -3.326633418035519242e-03
-2.672808569947290186e-02 4.055795592797854093e-02 -1.325718714312893245e-02
6.675798097827209156e-03 -2.891982002000781371e-02 -9.116284341800061017e-03
-1.250295649472662161e-02 -2.035176326839811464e-02 -5.551813980200756560e-03
8.481269461575445881e-03 -2.706884153181497374e-02 -7.046985348183352343e-03
7.035785453866639713e-03 -2.926562794472556753e-02 -6.860163373971360674e-03
2.710638924604033551e-02 1.115440928626542684e-02 -1.253315106285377185e-02
-2.571651617847567350e-02 1.630846049148654622e-02 2.158410207715118559e-02
3.119679904466296158e-02 5.281777446674546829e-03 -1.419903384130743323e-02
-4.720623646936373576e-03 -1.866616290905961234e-02 1.350986428781819106e-02
6.900644550010790433e-03 -4.844243908563502024e-03 -2.364152316113679944e-02
2.203803308550827261e-02 -5.798980923860355859e-03 -3.286059597665441472e-03
-3.038210664477448975e-02 2.002329546687046935e-03 6.986804743198774328e-03
2.703556619272821232e-02 -1.082688865314726176e-02 8.001719603008416656e-03
4.456644611112976773e-02 6.331039829335854442e-03 1.006464294214057600e-02
1.210875819042715566e-02 -1.591827470236597359e-03 -2.371375055962400211e-02
-2.371905650964439838e-02 4.420190237722106379e-04 6.399726849103373229e-03
-8.289793160174795464e-03 -1.881706565245149648e-02 -1.460073712435329928e-02
-1.929019555838905678e-02 1.744936123094579725e-02 2.217829730033740038e-02
-3.934405661423549805e-03 2.113649861142334607e-02 3.789659190384556120e-03
-1.535180012640446033e-02 -1.494347429314064890e-02 8.209469117245045758e-03
-2.308350785535639993e-02 -7.091206009652460326e-04 -8.190278582266551435e-03
-8.700834468410256067e-03 -3.521130551977087655e-03 -2.183919906998329011e-02
3.017320383063898381e-02 1.774353974121241568e-03 2.573795126370869227e-02
-2.313097286955352605e-02 1.794682304024034294e-02 -1.357508544959741374e-02
2.941130713334660137e-03 -1.841362246020758833e-02 -1.965912922942140637e-02
-1.887087010922892244e-02 -8.736894584119268836e-03 1.129491424575907593e-02
-1.169663514185792074e-03 -2.118626790187115236e-02 1.613770884978023854e-03
-2.934001069125358879e-02 -9.827668352587791770e-03 1.202335027164243807e-02
-8.705389464970736402e-03 -2.216779785202962344e-02 -1.481971857080361700e-02
2.925324591006098901e-02 -4.728210069484853578e-04 -8.271748273740763338e-03
-3.254932524966043517e-02 -2.060339413412791074e-02 1.475049568690067585e-02
-1.892442491785080796e-02 1.893750928754532603e-02 -1.166924222411263624e-02
-2.246423945793751906e-03 -9.273928569456687393e-03 2.301256580657359482e-02
1.092121560751834093e-02 3.228078273101737082e-03 -1.516133945663559850e-02
-9.871031427966775462e-03 -9.636950164854303849e-03 -2.941818700933272485e-03
2.416031956319056317e-02 2.321626803431906753e-03 -1.042174095121374848e-03
-1.211029732544408564e-02 2.374087973237463262e-02 -2.803328435754625161e-02
-2.572255901258767297e-02 2.267352770177647261e-02 1.047027351124074634e-02
-1.753589399175147640e-02 3.484439426179240101e-02 -5.146424328811876302e-03
1.924488128755134572e-02 1.085468357906058980e-03 2.348241001194380576e-02
8.882692701400934920e-03 -1.441669164791824220e-02 -1.583906400606638299e-03
3.686118074150072921e-02 1.990110108774314351e-02 8.381784814790297494e-03
-1.078858155743067301e-02 -2.543763173581498754e-02 -2.351740508680867561e-03
2.246882345109731810e-02 -7.090380894629424655e-03 2.121156811327923331e-02
-1.281742898724596430e-02 -9.029916809089637980e-03 -7.900855774046621101e-04
4.142813363259879172e-02 1.975312775106701293e-02 -7.998473434398670548e-04
1.450867424342603372e-02 1.078358924998326467e-02 5.362244596221885616e-03
4.528851911348352743e-02 3.387582666424681591e-03 1.514741478158455022e-02
2.251266119130476695e-02 2.151989634700654172e-02 1.445617408072727948e-02
2.358993389020647494e-02 2.527642504005439463e-03 2.468394900188829524e-02
2.825894474762991743e-02 -1.586093914840774888e-02 1.835119991655782823e-02
-1.284528430502763184e-02 -1.486470880881279530e-02 1.624742305149226573e-02
9.273167590147885983e-03 1.935524120611690872e-03 3.031667993706778710e-02
3.921943658033848895e-02 -1.347173490336609544e-03 1.687798758400836305e-02
6.233626660995109266e-03 -6.528928789925496357e-03 1.760026820641941506e-02
3.152425304218885258e-03 -1.301664895951024949e-02 9.359987298851742132e-03
-2.457162233855106695e-02 1.558901398542575020e-02 1.156268096969965790e-02
4.564349163548855545e-03 -1.989183907507150600e-02 -7.247332001184514719e-03
7.783333834505253013e-03 -2.080332035778521479e-02 8.736073594971777156e-03
-1.189081081822824550e-02 6.662325672832567196e-04 -1.620284492677282959e-02
2.392050103382196286e-02 -9.014324645116818246e-03 1.541800116040931319e-02
-3.576254206858551620e-03 -1.679852887177012534e-03 -5.913027496137363351e-03
6.669946335169355976e-04 -7.447402252922802161e-03 1.705079095749530843e-02
-1.909115123343077189e-02 -2.626159766293432226e-03 7.318038276831749164e-03
5.261998006130056554e-02 2.005588191977859119e-02 -2.402087470452507825e-02
9.729061025963277320e-03 1.926477756698827520e-03 4.523227591516528466e-04
2.971760238122885672e-02 1.191359507177404409e-02 3.536193363695599307e-02
-1.637492863181380306e-02 2.434567975901640383e-02 2.436315820046070293e-02
1.754381109525033136e-02 -1.139864037986706991e-02 -2.065647387153775674e-02
-7.510301545624719494e-03 -7.965161556623214650e-03 -1.794831909087743482e-02
-3.401988441962977561e-02 3.494127750281014050e-02 -7.319754320447307075e-03
-1.588825625251003709e-02 2.716435382955261282e-02 1.375635076122616769e-02
1.510106488242175631e-02 -7.636406362620347041e-03 -1.158624707403973879e-02
2.686981380830204269e-02 3.582981131584771564e-03 -2.515554750195162208e-03
-1.525300317108194657e-02 -1.418032937713583318e-02 1.326074229081178162e-02
1.396345499621634220e-02 -1.084929542125501363e-02 -1.705789649221650314e-02
1.907671971357093738e-02 -4.438287589020119966e-03 1.248361338467285711e-02
1.653956303329899222e-02 -8.485741290292000277e-03 -1.615555128648662325e-02
1.150060649884754576e-03 -2.004857146343090243e-02 2.258602054005693326e-03
1.031077906204382923e-02 -2.073583708701445816e-02 -1.695730038490549443e-02
-1.807307837667544020e-02 -7.142940945195296563e-03 5.314371505066139111e-03
1.805671663821913422e-02 -1.117255107033126964e-02 -1.107063888713392258e-02
-1.061811231946961816e-02 -9.881823778840996553e-03 6.714772055514222487e-03
4.871278997463572395e-03 -8.229170562750017653e-03 -1.560117766152309404e-02
-3.075354421015921713e-02 3.040243384410553848e-02 2.598033501508308866e-03
-3.477962377074769046e-02 2.417788172674260883e-02 -1.742163807023712485e-02
-2.490881570897224978e-02 -1.286144937626397880e-02 1.014131027816673157e-02
1.819637566754614194e-03 -1.243171944280007171e-02 7.757258783047497018e-03
3.434446992202574295e-02 9.950662727120244966e-03 -9.213337952069737546e-03
1.292283181486794143e-02 1.008938298819497988e-02 -1.791416480561547689e-02
1.459817614870405214e-03 -1.300055818958306166e-02 1.300086349604087990e-02
1.469323708073043584e-02 -2.022281392565519059e-02 -9.896026942264411069e-03
-4.757478936514463949e-03 -2.556678034736079366e-02 -4.945640646675372384e-03
-1.448820004589513807e-02 -8.599859613384540705e-03 -4.131073697764359176e-03
-8.216886265244914209e-03 -2.718139621206865954e-03 2.616521674541109725e-03
-5.515133274913676213e-03 -2.036070747156416144e-02 -3.523272031889982444e-03
2.432749476607834124e-02 3.772576410107854068e-03 4.467160940435170244e-03
1.592402044260869676e-02 3.177454284832983977e-02 6.532319957185897356e-03
8.914778022541390567e-03 -4.858707901701566148e-03 9.004270741524621202e-03
-1.096669690466491910e-02 -2.150000317880008255e-02 -2.435622078841787400e-02
2.078707738460974092e-02 7.167520570822877822e-03 2.962147636806525264e-02
-2.515148137076204590e-02 2.931785145694982414e-02 -9.430967466101615806e-03
-1.547090345818182347e-02 -9.408262069328656232e-03 -3.373021884846636852e-03
2.551111043322140670e-02 -6.997460147074325426e-03 1.006194028650403936e-02
-3.132718763847625043e-02 3.963774107040169900e-03 -5.682213215920731142e-03
-2.838041124459402334e-02 7.974066261954432244e-03 1.399889273623513251e-02
-2.263568273974165060e-02 -9.258837784719487971e-03 3.525741680738571186e-03
4.803210089555691453e-02 1.023704595596949297e-02 1.997779685308197217e-02
1.340138225244829652e-02 -1.128768309950768482e-02 -1.948184596950536598e-02
3.236947450444118551e-02 2.720295249522117903e-02 -1.530441184835892258e-03
2.702746504198128702e-02 1.739755685901825388e-02 6.001605369041237807e-03
-1.513807809165748121e-02 -3.369005700527346638e-03 9.707676887109113750e-03
3.057494663370014312e-03 -6.894347264334772275e-04 3.125388305975931869e-02
-1.048922072447604908e-02 -1.327597933826780464e-02 -1.052791352350412879e-02
4.597552668172862761e-02 6.660810373831996256e-03 9.508234841961008682e-03
-4.066285781261971127e-03 -2.007717372165696706e-02 -5.109676992557245223e-03
5.737411452329708832e-03 -3.192769578205144343e-02 -2.252962056679269198e-03
4.585530497615696033e-03 -2.201837814455871387e-02 -1.261960235487062307e-02
1.896524221102940944e-02 3.641227862673815981e-03 2.828872523403598224e-02
-2.646186092756045230e-02 1.247660476235207955e-02 -9.273799314706314065e-03
-9.658758230572307051e-04 -2.005972600963867869e-02 -1.116585336828041820e-02
-3.228392425211094180e-02 7.169470248025209581e-03 3.830217917088729845e-04
-6.293643391454844041e-03 -9.247570305434648155e-03 -3.379396608046804362e-02
2.881960290500104258e-02 3.683290947608562887e-03 6.988162469681073567e-03
3.855049869891837011e-02 6.352448188294639551e-03 7.343022172992701158e-03
4.771125654874014410e-02 4.507870498537833170e-03 9.717844174470167268e-03
-2.297414444143451584e-02 1.251770291517256481e-02 1.202500437496228751e-02
-7.164544976150975276e-03 -1.415408222913229269e-03 -1.260432545332966330e-02
-1.140930063469650785e-02 4.642516336377348896e-03 -2.386976364990267899e-02
2.558609423492332058e-02 -9.922367854036917220e-03 -1.022268636529323482e-02
-3.108739362389245295e-02 1.630616577832545711e-02 1.293070374761623627e-02
-3.751465190875497534e-03 -9.669816220800760836e-03 -5.786266147231088411e-03
-7.942537129386298064e-03 -5.877841916197256052e-03 1.212712804855725982e-02
8.735121494118322852e-03 -1.677635779601092253e-02 -2.384076860865031941e-02
2.363780245232158586e-02 -4.442025131800965594e-03 1.047307128280108336e-02
-3.767001027185234996e-02 2.367441214017855858e-02 -1.693037102878201718e-03
-1.152852505713960161e-02 -8.737771086306677162e-03 -4.461145349265165094e-03
2.532586380674527876e-02 1.057059074771504736e-02 4.238615415473741504e-04
1.408913556762715451e-02 -3.890147475504718982e-03 -9.570273060862688821e-03
1.964245897427061363e-02 -7.694289746456509441e-03 2.550707404589157290e-02
-3.146745455218737803e-02 -1.697012510287493336e-02 -1.495232877281775855e-02
4.127022520725210503e-02 1.089899367032722867e-02 -2.091988880468426387e-03
3.739626596281872550e-02 -4.298563213551397956e-03 9.528716169204694969e-03
-2.720212929107297672e-02 -1.760070080850717825e-02 5.130425814406667194e-03
-3.660770602013268919e-03 -1.010500600248796527e-03 2.180472898458624131e-02
2.752260646408880712e-02 4.281281678531427722e-03 1.538106913026701357e-03
-1.870510299814535926e-02 -1.194900265113701260e-02 -1.710765142197816224e-02
3.010559251772746553e-02 1.083646450453169818e-02 4.223045879206578992e-03
3.831046080294697731e-02 2.494770742812365757e-03 -5.457017976389007610e-03
1.829485304806292498e-02 -1.833785090103970741e-02 1.901611704496591589e-03
-4.389947862396485767e-02 1.589286701751161518e-02 4.490849028870270640e-03
5.247402703680895640e-04 -1.650238497592630346e-02 8.167593305598743261e-03
1.390674532278918241e-02 -2.690114543016956881e-03 -1.329833363581905611e-02
3.404709978832210632e-02 4.719155561925672711e-03 1.379304353093601353e-02
-3.050571598735914158e-02 -2.643637030016366199e-02 2.049554936992588425e-03
-1.287158351449147094e-02 -1.396263932774716859e-02 -1.561604257159890678e-03
-8.920453449335318799e-04 -1.888850743057622628e-02 -1.385430742040481659e-02
-2.518941699278258364e-03 2.761871553361649415e-03 2.314947144641245694e-02
-2.608579928372550122e-02 2.439893364140806320e-03 1.293926211538269817e-02
7.258285734382613702e-04 2.338972122310335744e-02 2.833773839651419074e-02
-2.422400153624232333e-02 -3.279228804705350015e-03 7.157946263254810412e-03
2.936554483786114195e-02 3.966400722413845024e-03 5.887113509472511295e-03
-2.908152173432981477e-02 2.127032410715174598e-02 3.226334463133925605e-04
2.186994111466835505e-02 1.157104758495963249e-03 -2.177895023181181805e-02
-1.540226396016371527e-02 -7.543943595015261024e-03 -1.045553403699580296e-02
3.517220914872913606e-02 -4.353559120673808520e-03 1.280166450596521496e-02
-2.014559116472438433e-02 -2.006404753654192352e-02 9.292319785342244634e-03
7.735524043617971780e-03 -2.034131026444081433e-02 -1.294485223905252752e-02
1.135668061446210020e-02 -1.234219983678131773e-02 9.060413222581554984e-04
7.475688897804041479e-03 -7.022628862665550482e-03 1.823306364787824832e-02
2.588216478076899030e-02 -1.018421283322051650e-04 2.258785280797623567e-03
2.267447033810814430e-02 3.876289632461733803e-03 2.167668848135308277e-03
-8.946096124931112933e-03 -1.562692342494459083e-02 1.832685933281904406e-02
2.659998211074288479e-02 4.699274439704678730e-03 2.287724002592017502e-05
-8.117868050807204236e-03 -1.265933857814573703e-02 -8.289841498451841484e-03
-1.400686233512753870e-02 -9.029205167776643490e-03 -1.010464625668973902e-02
3.298788414787632434e-02 -1.104814239070139523e-03 5.720528349325760056e-03
-1.285954716014078153e-02 1.280843801487298317e-02 4.135677180287689221e-03
-5.713233873774890836e-03 -1.286424789987755148e-02 -7.317916714987189077e-04
-3.996371679911718544e-02 1.310013447644256188e-02 -1.266432352127263607e-02
2.315481818831314348e-02 -9.320001368309448544e-03 2.625132148418820449e-02
3.498595129878226406e-02 3.984534689094970834e-03 -1.605017176074242588e-02
-1.442934273670688078e-02 -1.530484481972584250e-02 -9.920703161089535274e-03
2.679647582543764200e-02 2.680688864393394183e-03 2.047848518812606447e-02
2.893255414464160867e-03 -1.519200437100725817e-02 3.601129652644484251e-03
-1.074626250995894088e-02 -2.434046621896068449e-02 -1.510081935698939087e-02
1.742039097862132374e-02 7.607386457180919694e-03 3.054856740586554473e-02
-2.568366433929479900e-02 1.491423417809696096e-02 -1.593203995464338371e-02
3.054711779699810503e-02 1.826442609836230815e-02 1.037559992517364874e-02
-4.702093048160258838e-03 -1.798336222385406649e-02 1.131506190093195313e-03
-1.000870164212906005e-02 1.849787762554239851e-02 -1.414277495209138175e-02
-1.571984147614239810e-02 -2.355742211604542127e-03 -4.724730251576668254e-03
-3.007901179767760724e-02 2.947333772018939993e-03 1.702952963449815699e-02
-5.238313711445039683e-02 2.241912216001590297e-02 -2.733018922562448216e-02
-2.487249715067639533e-02 -3.505640579480650068e-03 5.515551312696326779e-03
-8.246936510229974440e-03 -2.157752390987681748e-02 2.387685709627952822e-03
-6.598853395380954549e-03 2.977110270259468103e-02 -4.590410651082434124e-03
-6.431024471360640218e-03 -9.306777749652220960e-03 -6.512465124066970507e-03
-7.245005723419708360e-03 -2.045369145978714887e-02 -3.666933856920026082e-03
1.195808885560918633e-02 2.750867729156017058e-02 4.101315133141975218e-03
-3.590309641729901025e-02 1.101850934071509731e-03 1.802046252092847495e-02
-3.809248165290429668e-03 5.789070142223493726e-03 2.936927370072631160e-02
-2.969404840677061785e-02 2.571660334793931732e-02 1.210143615093712752e-02
-1.676856033882384578e-02 -1.024832021040249924e-02 -2.006038703118045042e-03
4.548343999523551950e-02 1.069730711766269044e-03 4.420258269079446918e-03
-1.782840118702726587e-02 6.204602657543912365e-04 2.457089472747256680e-03
3.837019802960244669e-02 3.247796107906456183e-03 5.296978864713544621e-03
-5.466448130434819683e-03 2.019893802823352971e-02 -1.941150790284676061e-02
-1.096195460189205995e-02 -2.185747795456907672e-02 -1.630051608980016299e-04
-2.892644798401809367e-02 2.298144777995972995e-03 7.109389770248083877e-03
2.342949177032946015e-02 1.592777351387005078e-03 -2.684195383724315154e-02
-9.268839977112485612e-03 -7.452036107264474636e-03 2.354825570604162071e-03
-1.459772055806429812e-03 -2.229907499611938695e-02 -6.625368266562113063e-03
-5.762942736719029596e-03 -2.182436996609439777e-03 2.225401366463423958e-02
-2.457395564504507440e-02 -2.164648797987205400e-02 1.123564553667331239e-03
-2.608015124218152070e-02 2.933145642379140702e-02 -3.925813791569060518e-03
-8.102822413876416621e-03 -1.396385795417011237e-02 -1.672921617913949305e-02
2.545518402977158673e-03 -2.335880772013140469e-02 -1.249042811512398807e-02
4.890798716992147748e-04 -3.189534109906567733e-03 7.783960632841456680e-03
-2.317672782191047018e-04 2.452130007520215635e-02 -1.226432587724386215e-02
-3.596766271502955040e-03 -2.082181380206139451e-02 -2.110346513176027117e-02
1.629098334870003606e-02 -1.133732888346387566e-02 -6.752155779737300904e-03
6.464538967859508501e-05 -1.663992909210789545e-02 1.556776048737666847e-02
7.200336869929869349e-03 2.855953204979532617e-02 -2.342240468427432554e-02
-3.292469521478428446e-02 2.828365481772000117e-02 -1.415279768806671813e-02
1.308359490472627701e-02 -1.448033690881499842e-03 2.056155157815155871e-02
-3.115037221046372540e-02 -1.798966049916544616e-02 7.949858787168393587e-03
-2.718605275828722689e-02 -3.244581416354187526e-03 7.915223920219741430e-03
5.977921915437457365e-03 -2.376557154040338099e-02 -1.145395571579289028e-02
4.173381645549760488e-02 -1.078549214267343279e-03 -4.435110225399560915e-03
-2.597365535233277581e-02 -1.717032933077152629e-02 -1.909688879930186711e-02
-2.056777258793916503e-03 -1.592152088989181105e-02 9.695409323239990648e-03
2.694825135152697712e-03 -1.705448740902240981e-02 -2.200352838780823134e-02
8.648688150739245600e-03 -6.966193582528260736e-03 5.965514151754689430e-03
-1.745999220319636655e-02 -2.369235499438792497e-02 -1.243294796534012529e-02
-2.494130806890662577e-02 5.516766900093416671e-03 1.016147354680607857e-02
-6.954280689933446495e-03 -1.790304528293233666e-02 -4.020964456927267859e-03
-1.012319540655965897e-02 -5.711007929738981699e-03 1.121525206561592436e-02
-3.724722171233254414e-02 1.627014506814011829e-02 -5.312214930755378151e-03
-9.556499890285419588e-03 -5.161862320786551536e-03 1.157156696099823426e-02
-2.988028128515814869e-02 -5.713945059134710805e-03 1.098440552058889408e-02
-7.389769841283038918e-03 -1.385294143636589016e-02 2.011468357278899371e-03
-1.291300664356818950e-02 -8.792609288546415769e-03 1.933366258038568975e-03
2.422370169857886169e-02 9.569922997571105386e-03 1.047327380651098989e-02
-1.790570383806908139e-02 -7.026105620048561477e-03 -4.641561654953364757e-03
-3.015747516213917317e-02 3.479323271274931129e-02 -1.858131872482460603e-02
