-4.802175334940728796e-04 -2.276429780597043900e-02
2.162874038246420660e-02 -5.950787475318254291e-03
2.362893645268481467e-03 1.342614800335137012e-02
-2.025783699927384551e-02 3.388186046729923812e-03
-5.003525368782225230e-03 2.071480796060072918e-02
8.722089121036599724e-03 -5.098031662573570058e-03
-7.543535147744859400e-03 5.339738789973639578e-03
-1.637527375738416502e-02 2.159296273347938167e-02
-2.136143131146348018e-02 3.317016874424829481e-02
1.889629099183966210e-02 -7.022169151653678311e-03
6.413613735271428244e-03 -3.558399421946450980e-02
-1.563964485093610746e-02 -9.388813295251458024e-04
1.928501459270500276e-02 -1.645018598658637768e-02
-2.039347452253527024e-02 3.742440273186863411e-03
-7.471735759634468141e-04 1.551885464565958342e-02
-4.772973079506128910e-03 5.416279186975953355e-03
-2.351734770460929894e-02 -8.796476035260313020e-03
3.118699644299920137e-02 -9.834528515345886124e-03
5.051646532331825236e-03 -1.009492258178801456e-02
2.612715133239563656e-02 -7.564670206917077991e-03
-7.171782834688155209e-03 4.374806262259528511e-03
2.511123755040890054e-02 -3.518954217400577060e-03
-1.466260042742645623e-03 1.674273637739167805e-02
-4.984847121083443161e-02 -2.035241538718960547e-02
3.187562940953061336e-02 2.194244714309272551e-02
-1.547323621883113336e-02 -6.690153841255035150e-03
2.344797154409882650e-02 -1.397256241407162161e-02
3.289576314863126155e-02 -2.382053456874018947e-04
1.570118378357403255e-02 -2.307176572880913906e-02
2.353007343325254699e-02 -7.456061050714292079e-04
-5.629380844015662022e-02 -2.116405983322187240e-02
3.580845492971945071e-02 4.459515398499130229e-03
-2.606859472044040227e-02 -6.236962075304187773e-03
-6.517799761456255156e-03 9.048735838794565514e-03
3.300991244761208865e-02 2.493179890970063234e-03
1.052621716302138202e-02 2.592434051995204727e-02
-8.022767825134943104e-03 2.519272839240801337e-02
1.151466279104805361e-02 -1.001809885341036627e-02
-2.560182301021364168e-02 -3.346519892504425889e-03
1.457221719444137809e-02 3.313211772205727768e-02
6.299425830566100261e-03 -4.136173644802176169e-02
2.578411664548006799e-02 -9.286533399028443561e-03
-1.571157191932723643e-02 -5.706664256225658927e-03
3.007673169612579134e-02 1.166664813450592024e-03
3.765487431816660208e-02 1.939410615929430641e-03
2.762523183908749402e-02 -2.083653806490732684e-03
-1.988437478348876585e-03 3.404938135036968128e-02
6.299575601139150577e-03 -5.720187737355267830e-03
-2.362575295144105775e-02 1.961731398712618889e-03
-9.999698454380104729e-04 2.668095531727215919e-02
-2.353741787804362537e-02 -2.996493371787700352e-02
2.706665384459344334e-02 -4.889907461608081381e-03
2.548064604460852089e-02 9.863902134786680861e-03
-1.982632468138257990e-03 1.221924663603306260e-02
-5.293817034172777075e-02 -9.736728231427800584e-03
-3.212586333714194387e-02 -3.363803966427601766e-02
2.482038577257775908e-02 7.604559216280056683e-03
1.466065625681691083e-02 -3.037082608475411352e-02
2.497979813360494752e-02 -5.121837886369283270e-03
2.792682225209939736e-02 2.496606209185849717e-02
-1.463441684240570501e-02 3.776798059143560756e-03
-5.438669210389257547e-02 -3.212774663745170123e-02
1.519806898680447702e-02 -2.881590607071070342e-03
1.236433318114441363e-02 2.685942419756711459e-04
2.467373003757594371e-02 -1.249715826089153881e-02
1.555581626453875210e-02 -1.704284497464374562e-02
-3.082730260190838859e-02 -1.127909551092569004e-02
-2.197317671915247767e-02 -2.554072640439092930e-03
2.058846860433287407e-02 -1.211095144705202388e-02
-1.051555642740118618e-02 -6.222614323919695330e-03
-6.459660309005128657e-03 5.616795821963726197e-03
-2.633794403825604272e-02 -1.273977239219359694e-02
-1.961487842626458145e-02 -8.467578602880394389e-04
2.411791080433576834e-03 1.354367521101521900e-02
-5.331713331270610673e-02 -3.037180517906740498e-02
3.023522328716283722e-02 -2.166038062988958832e-02
2.208079724054696699e-02 -1.467839801547014301e-02
-2.410554435204639769e-03 2.656716854481441098e-02
-1.280730447883616542e-02 -6.711715546255144459e-03
-2.073644348540815835e-02 1.817929323260219360e-02
-2.295540772165518065e-02 3.319474733019708509e-03
-1.534243381272512065e-02 1.099895545252091086e-02
4.090749888926539790e-02 -7.264320514988217544e-04
2.662916514413628602e-02 6.294593268313497525e-03
-1.093100959630416251e-02 5.918484927387874508e-04
-7.686962086077012146e-03 3.263088307666671406e-02
5.882564748293290895e-03 -1.004657088949372466e-02
-2.353472134260645686e-03 1.536294353122835861e-02
-5.317204763519012278e-02 -2.585942906684526518e-02
3.063132644408922758e-02 1.500103746027138876e-02
-2.767130582252397275e-02 4.696032806792383059e-03
-7.824809022824103996e-03 2.272043615442939993e-02
-4.686473161702049001e-02 -2.968625467248067404e-02
-1.458644434128906694e-02 -1.224397958332464412e-02
2.114990253452615852e-03 1.043306707456092977e-03
-1.635517429354998650e-02 8.005233512270159071e-03
-1.648692381076729760e-02 1.281174393611817994e-03
2.813090046167555924e-02 3.298114806826926877e-03
-3.565964835975793390e-02 -3.046081519757030606e-02
-2.490656454606709341e-02 -8.559180581134320353e-04
6.252953972653690559e-03 -7.678719226629038969e-03
2.934448461456812610e-02 -1.107080315331600805e-02
-2.421106994527777098e-02 -3.161783819102970822e-02
2.572169158295953273e-02 -1.199494343056396392e-02
4.462945061294870674e-02 1.022740665657835731e-02
6.312392065911626854e-03 2.863729175538302571e-02
2.465463926382412824e-03 -1.536438592366282758e-03
-3.135649071209083844e-02 -1.485159841417597881e-02
-3.227816779048245290e-03 8.325548593533812700e-03
-1.256463904648648378e-02 -3.504680642126773663e-03
3.183544544654774711e-02 -1.332568186911248231e-02
-3.262924494341904597e-02 -8.115138507167975190e-03
-6.023348143975110897e-03 2.324088401684807487e-02
-5.158420905703443166e-02 -2.905823582482476922e-02
-3.821918918532991091e-03 2.682831273197813435e-02
4.034966999569898280e-03 -7.966651652491753277e-03
-2.447866672215223693e-02 -1.671403121705048248e-02
3.722767288212808917e-02 1.683784534746307583e-03
-1.243556449330115478e-02 3.222295294683637928e-02
-1.035409246773089792e-02 -3.045182735031959007e-02
2.596268460155244304e-02 -6.495554353092223600e-03
-2.711344524533618877e-02 -3.967553687628713049e-03
-3.226765569489045693e-02 -2.566803151345311076e-02
-1.376240848155396712e-02 2.625967459457629466e-02
2.885980726112831116e-02 -7.550069416213443449e-03
2.007281266573560791e-02 -5.589359033253938139e-03
3.362702847816898682e-02 6.599817461151571800e-03
3.391720886696646814e-02 -1.337643020974607112e-02
-1.730980642386371546e-02 -6.505791394980699541e-03
-1.836764227264339397e-02 1.551031407932943959e-02
2.861324891795033595e-04 2.320892402001693833e-02
3.078857394579165296e-02 1.351007279671281348e-02
-3.010115733056708404e-02 9.907391021141439061e-03
-2.248113454895296973e-02 1.915289035943258666e-02
-2.187772671993102463e-02 -7.368770458097594761e-03
-2.216697872293365776e-02 9.028489895108116753e-03
1.924205384673628727e-02 -9.905686958493473745e-04
-2.779134906191849802e-02 3.846783447587589708e-03
1.791661404327666088e-02 -5.721068211779939232e-03
-2.712402139467742952e-03 8.187291157177620064e-04
-3.037304902803232218e-02 -2.456127185461999887e-02
-2.115574202555467118e-02 3.304643217820438673e-03
9.407844440458961247e-03 -3.257654630800525808e-02
-6.428190086844184047e-03 4.710097614452014338e-03
-3.080098026807481446e-03 1.356171559672114321e-02
-3.015018078061290283e-02 4.807456208371462111e-04
2.188483275975491513e-02 -2.736916741357959225e-03
4.399339997039851402e-02 7.646118834370480184e-03
-3.132971755829465441e-03 2.769661456959589957e-02
-2.014298440948460514e-02 -9.998413510426038507e-04
3.823621861139364642e-02 2.249645276217852180e-03
3.324927378713569276e-02 -2.836632797726362353e-03
3.648613957003633834e-02 1.985530875556450799e-03
3.579409861697092909e-02 -1.443951073694133870e-02
1.230478844988495100e-03 2.424634845889991203e-02
4.864931066726293184e-03 1.475782998216129335e-02
-3.604678058234681015e-02 -2.264925581286748174e-02
1.100606995648795161e-02 -3.239144069742416060e-02
7.673109536863015855e-03 1.457295094939082929e-02
1.444136177192846364e-02 -1.010674884042295218e-02
-5.143214481623540647e-03 1.212269661663397530e-02
-4.494073996022794636e-04 -1.020090670848893509e-02
-2.380805993418025693e-02 -6.832434769161805505e-03
-1.235952973390498817e-02 -4.242113168082651577e-03
2.238788139705674349e-02 -5.309461442253821800e-03
-1.537446974308360852e-02 1.533263130944629779e-02
-1.853662394453658990e-02 2.943337641333125532e-02
2.663386551966237872e-02 -1.546784913765995341e-02
-3.548144063059771591e-02 -2.544287886462601178e-02
2.022804395671479877e-02 -3.169485495458946450e-02
-1.553367689464111787e-02 2.974843950188388059e-03
2.934050663051564548e-02 -8.841697903034906325e-03
3.340186840210200570e-02 -2.749656394663296897e-03
-2.354066727489782795e-02 -9.217816707711625618e-03
1.575018053446674421e-02 -7.814114543523990181e-03
-2.057244563822125880e-02 1.452584199478946722e-02
2.864566074185040390e-02 -1.421561364346716648e-03
-1.702594511098341409e-02 -3.311689832785123886e-03
1.265537655105126134e-02 -2.957011704015116010e-03
2.518761239516251194e-02 1.349889126108480813e-03
2.061144556232571284e-02 -5.073004911529462035e-03
1.087537777753566116e-02 -1.017162655808297525e-02
-1.750626353140974020e-02 1.067535243322463405e-02
-6.506275097853176953e-06 2.269974977337660405e-02
-1.457213257106901826e-02 -1.045223921054302951e-02
-5.368274520812426481e-02 -2.686977496360402201e-02
2.862066814523764671e-02 -1.268235892933682399e-02
2.892960630366435415e-02 -1.715968604075899986e-03
-1.239382397906097465e-02 2.555145732239627945e-02
3.019939319197650907e-02 -9.360071429153606071e-03
-4.381982839365158172e-02 -2.399274196616428892e-02
8.158430375458122427e-03 -1.707140593477849549e-02
1.088691038166509674e-02 -1.128102975034209546e-02
2.701787044704800564e-02 -1.064546895131019549e-02
-1.917920821059610273e-02 8.737123597769458350e-03
2.619289072789295764e-02 1.005765908084847726e-02
-9.491545548573822322e-03 4.672795973162064374e-03
2.111488021508743304e-02 9.047756880415054126e-04
1.066059310753280157e-02 -2.407383279907142695e-02
1.944995038197735917e-03 -5.891894876392272072e-03
-9.942281943195636906e-03 -1.050372428329550238e-02
2.721646392390452557e-02 4.649209793126071397e-03
2.634315449463911149e-02 1.612624410514321496e-02
-4.954508650382748354e-03 3.096201532742488480e-02
-1.135967198664462538e-02 -1.074469738455693588e-02
8.508977955982955158e-03 1.536912451096639556e-02
-1.831207419124391764e-02 -1.784489270543706575e-03
-9.976011775914429835e-03 1.527183143288472419e-02
-7.894312672146526488e-03 7.473051658181511549e-03
3.393740776618234950e-02 -5.454529488439212748e-04
-1.045545881026285415e-02 -2.191189419136434918e-02
-1.352436708541158300e-03 -2.078546552599601187e-03
-2.421464181202189273e-02 7.517304255925713607e-03
7.008138261659588872e-04 2.426587991237028064e-02
2.370585313466805344e-02 -6.774315927020684545e-03
-1.098458014933433556e-02 -3.278264315289492782e-03
2.416087377575102876e-02 9.351192464378134395e-03
1.645536307923226591e-03 9.341513327948063744e-03
2.117762133159224562e-03 -2.706839823579109544e-02
1.865801121071410107e-02 -1.660057760774440172e-02
2.661461740386768596e-02 -1.376944918596650566e-02
1.243423411082459316e-02 -1.124714606390620972e-02
-2.279168408798395301e-02 -6.079217634004320872e-03
-2.115605401906153760e-02 2.965332952560937804e-02
-2.341452527046006607e-02 2.730236718417776084e-02
-6.165617625470931965e-03 -1.457000616321248773e-03
1.680834724661170454e-02 1.555908866059933088e-02
-5.236105368900099283e-03 2.863418025475956627e-02
-1.453351773408587469e-02 2.643080528885377242e-02
-1.427115576047246172e-05 3.307446940922997153e-02
2.920522564822337908e-02 2.177815926196855281e-02
-6.049864998823052111e-04 2.862639393383905120e-02
-1.145127179514399476e-02 1.357841901994740093e-02
-3.075455620456132161e-02 -3.174493274500565093e-02
1.377736164126820706e-02 2.032141966106300324e-02
3.034402864387053880e-02 -7.852665943706925097e-03
-1.882791095135829054e-02 1.947333750375029524e-02
-7.150476806631016549e-03 -1.425083042606927440e-02
-1.321370173026495572e-02 7.094750771266017560e-03
-8.784562268587337366e-03 -1.657724497849834278e-02
2.041928385339945168e-02 -3.942139146714543178e-03
-4.950887985194274421e-03 8.950136427964057451e-03
-2.534859194219103717e-02 -7.191999433029839552e-03
3.496699087037622149e-03 2.270187889007568502e-02
-4.201743471288101744e-02 -2.528783771729344737e-02
4.991831995929445426e-04 3.026622988713372278e-02
-2.984033141419952309e-02 -6.145881657945799145e-03
-1.829141555914435419e-02 1.090551947855106577e-02
1.640749913770859006e-02 -1.088474936472430890e-02
-8.946794467744084017e-03 4.545569809428778515e-03
1.043999827198512781e-02 2.157041838580518039e-02
4.299063878440170100e-02 -1.228720091646534531e-03
2.324327454891587930e-02 -8.271034888596826354e-03
-1.306423651808171632e-02 6.377168242394833271e-03
2.436759777455028281e-02 2.121545811977766562e-03
-2.686349430522574563e-02 1.102369539880668214e-02
2.996646204518362347e-02 -1.316842705492878235e-03
-1.964966959324619331e-02 3.211974531221169302e-03
-1.216008473356954174e-02 -7.991509378458803298e-03
-7.943802738281283138e-03 2.766011518945906203e-02
-1.310198302691657594e-02 4.647006307995305875e-03
-3.262513424521935879e-02 2.292246626521262515e-02
3.453657030655437471e-02 -3.665067822645708216e-03
2.931953873962541909e-02 -5.140532765944004793e-04
1.641847916209254396e-02 -1.150937792232946226e-02
-6.035856071251493915e-05 2.424994040696362360e-02
3.950341688601655826e-02 3.216161954071307567e-03
-2.830289611435141128e-02 -1.563054558405219466e-02
-9.774747375320488527e-03 2.641522979361675405e-02
4.031549801573102582e-02 -1.602078545305540792e-03
-6.948685055118892541e-03 1.292601863516046508e-02
-3.222535742656782581e-02 -5.596982894751184948e-03
1.884982407709171262e-02 -1.838144239453116252e-02
3.493975159579008893e-02 3.411023056081707860e-03
-8.785084103471106978e-03 6.174843268893427661e-03
-2.447101157934600257e-02 6.372939783188276593e-03
5.428110529372616802e-03 -3.782015142661956236e-02
2.469440056771761080e-02 -7.391955180899503243e-03
1.995692976191794019e-02 -1.131556743191723668e-02
-3.432389611673253814e-03 2.263197632977095516e-02
-2.449995411681880550e-02 -1.513834283078012433e-02
4.579236972428627622e-03 3.361863771182083127e-02
-8.470015369328117577e-03 3.571778397505182001e-02
-1.971237178182716140e-02 1.139015397529176583e-02
-1.433242514487738546e-02 2.027118535958540631e-03
-2.421805611913162987e-02 2.815471771097918796e-02
-5.585109334660320717e-03 7.566814353339271736e-03
-4.841557575804535801e-03 6.869956008352178303e-03
-9.017728749936311863e-03 1.006593101096133445e-02
-1.570861077070189252e-02 -6.361179029710718053e-03
-1.964065870665618330e-02 1.711557755718885049e-02
2.264076269072314365e-02 -6.149046485572118130e-03
-1.935700052423046033e-02 8.233999059010238195e-03
3.827026106203260114e-02 6.698362211022242454e-03
3.535753927408767650e-02 1.410257297800646603e-03
-1.677161318951120653e-02 4.894490216708594250e-03
1.613558059148186355e-02 -1.864564744401340374e-02
4.541530413872989225e-02 -3.069564870116017752e-03
1.723993124590523932e-03 -2.704191174197983355e-02
8.822214897966328129e-04 2.194826477292659977e-02
-1.675262619039113304e-02 -1.452296317858021817e-02
-2.320418280729984531e-02 -1.066144995650715509e-03
-5.723570533805523441e-02 -2.382987389186753957e-02
1.734769319345072502e-02 -8.994497964928283712e-03
-1.423500555380403931e-02 1.700375732847936652e-02
9.985055011069835645e-03 3.854383515586115323e-03
2.827434314014453179e-02 -4.134891258644544064e-03
-1.098908179545582051e-02 -7.540445892611463696e-03
-4.454060728229153332e-02 -2.116038458630075877e-02
-2.281188417947460634e-02 1.039805692639769914e-02
-2.087642777245681674e-03 3.157669501163271747e-02
-2.919604642116234092e-02 -3.083705771751881538e-03
-3.593021873876874051e-02 7.352688549177896320e-03
-1.551151208082412157e-02 -3.623283836379481010e-03
8.141790605943909943e-04 3.535289981311148799e-02
-2.056340972123991973e-02 -3.425497289457425914e-03
1.950048326515489705e-02 -1.139235738700643957e-02
-2.726959661007908112e-02 -2.318068429224640764e-02
-6.097476831106763383e-03 2.244647902460883415e-02
2.832377730484547662e-02 -5.135359928471885244e-03
1.696401621268177340e-02 -4.138623162407653426e-03
-1.984367281857783369e-02 2.707021129519580210e-02
-2.169617274378158201e-03 -6.178097365364626156e-03
-3.235142894397662061e-02 -2.374021325814420005e-02
1.897695918202079238e-02 -3.188891607419927846e-03
1.096623223120727145e-02 -9.060429631180581811e-03
2.982086770400132342e-02 -4.121316228245359113e-03
-3.650538731482481231e-02 -2.301070064998140055e-02
2.674583644396149804e-02 -7.862159677936016861e-03
2.969150864170401818e-02 -1.297414666511489869e-03
-6.799200550018913262e-03 2.628394004762160674e-02
-8.762236877953400588e-03 1.906021378877655742e-02
-1.413957300024447881e-02 -1.800232565081423888e-02
1.426468309592941915e-02 -1.606243537597759966e-02
2.162192514633557230e-02 1.094324596152122450e-02
-4.973129448591197960e-02 -1.516513404224335317e-02
-4.669144196920101131e-02 -3.605973761082466311e-02
-4.308546360674205683e-03 3.153595171196750535e-02
1.685249486156377777e-02 -7.588054014991379125e-03
-5.168746011994580780e-02 -1.859388261652271043e-02
2.646002658957798820e-02 -3.594452315529660276e-03
-8.196010305725842313e-03 3.601726285955925144e-02
-1.871552299242942516e-02 5.093919620888326567e-03
-1.213995603044951653e-02 -6.021377491327422823e-03
-1.235038725124137232e-02 2.832346147796287877e-02
-1.709947318391537643e-02 4.508852454070857128e-03
2.540920692651620072e-02 -1.494436468946502838e-02
5.046149712832042299e-03 2.855192770575894212e-02
3.061459127200397146e-02 -6.299678333167686543e-03
1.420777885197424930e-03 3.811865935520782154e-03
-4.750260440453040432e-03 1.801112330882476131e-02
-5.875200825211574981e-03 3.713805048511687606e-02
1.883331585743217712e-02 2.694738948221910187e-03
-2.160332732747055964e-02 -7.306376189636123487e-03
1.099707272116462464e-02 -1.936304956420108192e-02
3.501224218519885523e-02 -5.277683483885809053e-03
-7.851291128767023603e-06 3.007862374531592581e-02
8.200606606097829085e-03 -3.895243145932362604e-03
3.126117192551967905e-02 1.390904828461634289e-02
1.481023464905423769e-03 -2.473385186827423837e-02
2.854319873948503797e-02 3.197268344975963666e-03
3.703786337362033332e-02 7.014631112088883652e-03
1.806786282679890242e-03 5.037498640159280248e-03
-2.980209459729981150e-02 1.320218194017379505e-02
2.919386960938293030e-02 -6.075440732511517249e-03
-2.386607728614747667e-02 -1.021117661754325501e-02
2.863151588879465220e-02 -1.184833619475642898e-02
8.599144210252101725e-03 -2.487433509078868996e-02
2.825059073280057273e-02 -1.942823245662700718e-02
2.917613512651822880e-02 -5.182248273312847590e-03
-9.748567137492268955e-03 3.402815895314292849e-02
-2.496340860066484715e-02 1.277613594631480005e-02
-2.818406967938628851e-03 1.602490838482424976e-02
-1.903451917649192499e-02 -1.578216550169843184e-03
-3.681274947387788883e-03 3.217684649776787753e-02
3.359721084379690970e-02 1.124637760419022574e-02
5.466360945190447580e-03 1.920189910136991390e-02
2.908339051192797287e-02 1.971465259436724904e-02
-6.401602899029049110e-02 -1.385455900108778504e-02
-5.415871028166796206e-03 2.754007003121252545e-02
1.990900411288557340e-02 -1.432175577087868232e-02
4.075610321214746812e-02 -5.413509434531950729e-03
-4.702975184065803782e-02 -2.695293605175902441e-02
1.672427678735114928e-02 -8.496021501654803937e-03
-1.140637818763048754e-02 1.059597544956577923e-02
8.671924541077392218e-03 -8.418675422018810986e-03
3.070183555484286286e-02 1.278120484543690972e-03
8.991992087349257685e-04 2.883867725351064396e-03
3.541817944982935274e-03 -8.025175002532879132e-03
-2.196372120818260165e-02 -2.411441215415784101e-02
-1.222454377483978526e-02 5.263867942183406146e-03
3.146032220477928271e-02 8.391161605690042671e-03
1.075648027530634468e-03 -2.414166678232246635e-02
3.153674742337368719e-02 -1.480270377722502258e-02
-8.375666902969463451e-03 1.801555552997274314e-03
-2.583544666998747324e-02 -1.142079424489866012e-02
-4.897241630603063351e-04 -1.200616025759779389e-02
2.594703728991285679e-02 -6.328419985026472773e-03
-2.164239638079418215e-02 4.273923670213197225e-03
-6.386474438942741153e-03 4.457054049679873422e-05
1.932896302076331316e-03 -1.091881677636805797e-02
1.461324978988518160e-02 -1.096355377215259275e-02
-7.155342086435838821e-03 -1.350921403881428888e-03
-2.781571170507388113e-02 -2.218094592377829744e-02
-4.512461270296533322e-02 -1.692300433546713168e-02
-4.146847832900640157e-02 -2.218197880942472319e-02
-2.172539115078959970e-02 2.981844902268490378e-03
2.556776353571363694e-02 -8.352152119421047544e-03
3.168699401186100828e-02 -1.328747919334746092e-02
-8.790686926808038981e-03 1.963826066274723670e-02
-1.688558211940753909e-02 -1.289432072570779688e-06
-1.542185505183696521e-02 8.814781354577591946e-03
3.040339711377231316e-02 -8.915240952162890474e-04
-1.485490488708190570e-03 1.312824978137650325e-02
-4.479144566335293773e-03 1.237120831936725299e-02
-4.116786962328816343e-03 2.139617283750765847e-02
1.120175194572959644e-02 -1.773015141848502743e-03
5.101637156694464707e-03 2.631195404424364892e-02
-6.473912684844804200e-03 1.939561836858796906e-02
-2.580998910037725705e-02 -1.068273401531216922e-02
-1.516609819810695384e-02 -1.385672891259422720e-03
-2.856164169051688892e-03 -7.605083975841857302e-03
-1.776122602805425832e-02 -7.554324698541498365e-03
-2.377215090910433579e-02 1.234170965816229829e-02
8.100080202947943994e-03 -2.840075549867673854e-02
3.898703461799764985e-02 -9.040512845035565724e-05
-2.808262753577681764e-02 -3.365806377393854715e-02
-1.849369887208024725e-03 2.433904406542316060e-02
3.034678941940098171e-02 1.402861815910541154e-04
-5.287130413229183812e-02 -3.481986124052489917e-02
2.666134456713958184e-02 3.499194875382730021e-03
3.067567671666689144e-02 1.754728408108942664e-02
-7.106375915131994334e-03 -4.637897282102270563e-03
-1.097922811787655287e-02 5.926422254094081479e-04
1.936045935114560565e-02 -1.327584190288822082e-02
-8.231579028561829270e-03 -1.910724266695016695e-03
-1.025756445746930402e-02 3.975519559900220906e-02
3.756620604916936779e-02 -5.258113382544612330e-03
2.894082392349731081e-02 -5.815871513642595705e-03
2.157431305554906656e-02 -2.394884100795322684e-02
6.453415878741317665e-04 -1.085783408165835739e-02
3.267575452246240797e-02 -6.095302694450093275e-03
-2.018854114273660807e-02 1.043449535943786165e-02
2.732699643748490517e-02 -1.504309991894235699e-03
2.238785520928358516e-02 -5.836773840022859393e-03
-8.859835521820704635e-03 2.145843823519191784e-02
1.111138182417006556e-02 -2.805408033919359195e-02
-2.520160312783726458e-02 3.287223994177666114e-02
2.850465453845255417e-02 -2.526356719546697400e-03
2.801377651463948446e-02 2.586968426541944380e-03
1.286578222520671881e-02 -1.648863082329159874e-02
3.341298885937923902e-02 2.723873807525472408e-04
-4.935019491809454484e-02 -1.483159422967064538e-02
-3.948736495080919923e-02 -1.420824422704124526e-02
-3.263402546666257370e-02 -6.434049780074513510e-03
2.791486227804282350e-02 6.976541717805170503e-03
-1.526220554726260377e-03 2.592679854053604044e-02
-1.999914843930353583e-02 5.389002873221842432e-03
1.797238240731548198e-02 -1.261252084727317903e-02
-2.742116315379770648e-03 2.691460883389584779e-02
1.048612535169077264e-02 -2.846393438957920893e-02
2.148932937783161468e-02 -1.453486747060788939e-02
-1.226257369621655026e-02 2.692995050747890029e-02
-2.091847616025872131e-02 -1.209965532750748593e-03
-2.823324984912807534e-02 5.027841952043254035e-03
-2.698731568215662242e-03 1.711862518993235299e-02
1.128974613748031340e-02 -2.102097273426575472e-02
-1.818320032638879452e-02 1.049434798947930687e-02
9.311104396557853130e-03 4.584641637489519049e-03
-2.770455190264327350e-02 9.960374544992637094e-04
-6.617811856739831342e-03 2.068151007508087572e-02
1.519359023533422420e-02 -1.661546937034806201e-02
-1.735252660271728933e-02 5.430342614454307208e-03
1.787802068964257710e-02 1.097597251156912958e-02
2.554965787910556604e-02 5.510047435340472560e-03
-1.318214398680195992e-02 1.918237982396045135e-02
-2.267039899558637162e-02 -2.424759277016094380e-02
2.234559148828944852e-02 -9.504382634627989504e-03
2.625204072512567904e-02 2.287942297884493822e-03
1.218428702503302104e-02 -6.207982204791745971e-03
7.437200359233566435e-04 2.583186047676922208e-03
3.326997951494505695e-02 -1.825455299469041365e-02
-9.439439952680173454e-03 6.077739299243676251e-03
-2.190634885406166077e-02 3.472749143290410068e-02
-3.484486557776708682e-02 1.872897444483100820e-03
-2.048230326819048749e-02 -7.316210377232146636e-03
-1.491170221859398556e-02 -4.177274928417177256e-03
-2.950499740795569509e-02 1.779819108356173836e-03
2.383927451105586140e-02 -4.482598423878889418e-03
-8.851064567023605653e-03 5.345832511084801231e-03
3.198926032021610216e-02 -2.661550387980971683e-02
-1.266674893618053438e-02 1.029372313374382793e-02
2.697815008531631933e-02 -5.723809141299507526e-03
1.621033806259111060e-02 -7.606326026273352477e-03
-2.726827564298427847e-02 -7.222050583134887423e-03
-3.028423007287388627e-02 -6.293100448388309377e-03
-2.842423549115906736e-02 2.758935748883558151e-02
2.402760156563399363e-02 7.217695705934425165e-03
-6.508502457874684559e-03 3.417264614205278717e-02
-1.290981884263395739e-02 -1.299714367758530997e-02
5.879562548932146769e-03 5.723448223865652482e-03
-5.895257867966608410e-03 2.106615387557158811e-02
-2.824063355525911756e-02 -7.548966108388601749e-03
-1.544189747898603790e-02 8.680534280276921630e-03
-1.743013283354620524e-02 8.487565841696655816e-03
-1.966354089652465678e-02 9.459644664322662544e-03
-1.119263951253328046e-02 -7.698297799911309712e-03
-9.717333780604790749e-03 1.094382993068704173e-02
-1.292613976202408241e-02 5.657270283994389470e-03
8.374014774085891677e-03 1.836889239963833756e-02
-1.644736440930748278e-02 1.455622036588423603e-02
3.874377826822816145e-02 2.219389251017995449e-03
-2.152791722239244879e-02 9.485831971096857565e-03
1.606555570841804864e-02 -7.729887553734850897e-03
-5.272959570399928658e-02 -2.066155963422510941e-02
-2.522452024120554193e-02 1.084374362505483198e-02
-1.207643816834878293e-02 4.835565066485055311e-03
-1.728660489561778188e-02 -1.163939200884701181e-02
3.731380745747097522e-02 2.816861011785968833e-03
-2.249228638262736057e-02 -2.896835640892173741e-02
-5.840691324371477880e-03 -1.496638852382317728e-03
-1.960893358654943255e-02 -4.501186024819705221e-03
1.654050691338434425e-03 2.937039010580169349e-02
2.460229369935269805e-02 -1.013075489300557320e-03
-1.529705226868366451e-03 3.378587263695457393e-02
-1.352816456193420801e-02 9.752690622142101348e-03
-1.156309459722812405e-02 3.049363642095761356e-02
-2.825608160879984621e-02 -1.341934930201362126e-02
-2.173128649998589106e-03 -9.916944834411177759e-03
5.393888828760548364e-03 -1.058014123863526383e-02
-1.675606635324904808e-02 -4.422882119821724967e-03
-2.117717588004092849e-02 1.214738241352988392e-02
6.079031636763421002e-03 -2.575230577105024760e-02
2.274155185015708583e-02 -4.499525039000627259e-03
5.925442119500809370e-04 -2.552447194575127240e-02
-4.088544091171200309e-03 6.246882034109872521e-03
2.573373597537426463e-02 -6.894452390197033237e-03
2.748550405895623314e-02 -1.227657536753633261e-02
-1.634667295318111349e-02 3.090883427611683040e-02
-4.324533840797802758e-02 -1.159656769735568221e-02
-1.828543413094281186e-02 8.123356903050925684e-03
3.285619360561119195e-02 -9.627369985156725499e-03
2.533500071776230086e-02 7.859236408472469087e-04
8.180291908056148628e-03 -4.040843668062774063e-02
3.324615015367383963e-02 -1.096245774062889165e-02
-9.761998139274511224e-03 5.572473354492872219e-03
-1.427469567382675178e-02 -5.206673690029748822e-03
8.967957819679314366e-03 -4.000556106960827078e-03
2.925229938520381573e-02 -1.394592732738295440e-02
-5.337193877162210547e-03 -2.630272476563869002e-03
7.977607452410926921e-04 1.182852717459319941e-02
6.775472627211331748e-04 3.259325725438341065e-02
1.101906218618712609e-02 2.801843190955053547e-02
-1.911267090669096363e-02 -3.903212991816559091e-03
4.119143176354924524e-02 7.536260155465292904e-03
-3.199827498595425937e-03 3.565833065506552896e-03
-1.967268325902158180e-02 2.057152773577817714e-02
8.182490914828885985e-04 8.944690566091198156e-03
-5.907557456143283647e-03 2.864177344280488188e-02
3.386127633449031310e-02 3.845491666634849679e-04
-2.714067814700773726e-02 -4.983181206858673142e-03
-1.223788952281097166e-02 1.159715599968310501e-02
-5.743283576960042311e-03 2.575862169190899775e-02
2.838018544364804413e-02 -8.588406309248085291e-03
-3.746595597374339365e-02 -3.130310946100255814e-02
1.560592526333279273e-02 -1.101528017484554312e-02
2.538569050641738961e-02 -4.016127766971131765e-04
-3.309318836484761300e-02 -2.475153444781858642e-02
9.840671207543932181e-03 -1.772358747201892293e-02
6.689976998805356387e-03 -1.135530997159894459e-02
8.654599967742268932e-03 -1.928416442507201872e-02
-3.095407810735258114e-02 2.230053711037330647e-02
1.885216954665126787e-02 -1.675359165474154741e-02
-4.718140476353846133e-03 -1.437433855179675625e-02
-4.728425801714571108e-02 -2.323892315092302915e-02
2.114890988609215150e-02 -1.790484396896583827e-02
2.817009928371940961e-02 -9.599599679966056009e-03
5.262448876113355774e-03 1.369576474203357437e-02
1.961142120137804312e-02 2.197925145409001125e-03
-3.271474823628069822e-02 -3.034775933667105061e-02
-8.939115878014084263e-03 3.046331334709434513e-02
4.307220815274187195e-03 -1.166655070301051214e-02
1.639564938869267092e-03 1.070343339749062347e-04
-2.350162683987310278e-02 1.379585625156218645e-02
-1.375824130508225204e-02 3.036424110141780833e-02
-1.429020070480760927e-02 -7.106140162548642454e-03
2.344998164176071570e-02 -1.737660329088813044e-02
-7.535867627098535339e-03 1.899012372328685513e-02
-1.226970070562509105e-02 -4.162652822154977970e-03
-1.151676260542496867e-02 1.324464875594874580e-02
1.070458111454851468e-03 3.231192796252799898e-02
2.080216437507512867e-02 -1.574895399246290656e-02
2.726000028792408686e-02 -5.210304646545714340e-03
1.791462550372513451e-02 1.291137025091399111e-02
-1.864410237114368443e-02 4.168853514167238442e-03
1.275359271171298955e-03 2.871617331034222523e-02
2.903119542836983188e-02 -1.649576636737559851e-03
-8.819151063261757711e-03 2.604405670802215425e-02
3.053462875738211652e-02 -8.619706733294756063e-03
2.828829501282362213e-02 -1.982354169385388415e-02
2.997191100041445705e-02 -2.584543303501821501e-02
-3.087100696694210916e-02 -1.280418584457497511e-02
1.821730114854098331e-02 -7.443068626513243795e-03
-2.137154407445699539e-02 1.133929275956077447e-02
1.898825659789363240e-02 -1.014879832049772439e-02
-5.428397511663214658e-02 -2.221089858619512691e-02
1.350119120993872358e-02 3.169663764603369849e-02
3.025875378925088274e-02 3.277984162605290189e-03
2.866236431617549818e-02 -8.504235923406567102e-03
-9.843649940921184172e-03 1.023391158988134304e-03
2.096272882778435834e-02 -1.703698563717815501e-02
3.958195414416644520e-02 -9.504438568303762158e-04
-2.102741659388905615e-02 -3.029712830966588017e-03
-2.584409405488411957e-02 -2.988221728657215401e-02
-9.746435961023118197e-03 2.970102854966540345e-03
-6.713798596512782733e-03 -3.805890520942574809e-03
2.588798236718255902e-02 -1.122496459839117215e-02
-3.159964536368015803e-02 -3.026512551616547878e-02
-1.863682345765788062e-02 -6.043821315093345081e-03
3.682341559628641431e-02 -5.483596067891705582e-03
6.763574778142453746e-03 -2.991234896526923787e-02
2.335561516625704603e-02 -5.561657302848744579e-03
-1.550445091616393413e-02 1.192846381616925917e-02
1.046905028149102031e-02 3.174499125782886261e-02
-1.718642058654249599e-02 1.193480772570242564e-02
-3.690138720572384238e-03 1.536343963677154825e-02
-2.187631784352343095e-02 5.259852918128357820e-03
-1.243381104756395182e-03 5.443536932246759510e-03
-5.351776783392975939e-02 -1.823585970871873657e-02
-1.886008780552342681e-02 3.552885223707981811e-03
-8.793864653921047714e-03 1.487370440551587583e-02
-3.405664563805586159e-02 -2.953514472642196007e-02
3.576813498385762735e-02 2.188254862144034703e-03
-1.087060537488699664e-02 3.855165880937530196e-03
-2.626193940564576067e-03 5.230076048932978498e-03
8.335790548688879961e-03 2.760958701881557203e-02
-9.091058146242855451e-03 9.271943231997519658e-03
2.788048186133226455e-02 -1.573888971170421189e-02
-8.010717182527576918e-03 3.136018303397871028e-03
2.572475198671775667e-02 -4.332193709546790922e-03
8.061554690069742957e-03 -1.541073175191432464e-02
2.448600688540655129e-02 -8.128073379534148449e-03
-3.234709339539046380e-02 5.306470875904056514e-03
-7.209610837367663901e-03 9.493326951923388921e-03
2.144408840534345675e-02 -5.868896731224945360e-04
3.160729819450591033e-02 -7.248494168609675124e-03
1.747701175192057504e-02 -6.360213306785314144e-03
-1.118896689846218817e-02 1.107719195439743794e-02
-9.168430076297921089e-03 1.741737445608139770e-02
-1.601229121698032401e-02 -2.689781591969873323e-03
-1.993708345336011808e-02 9.280484482293873544e-03
4.604430277198609187e-03 1.494868968146098598e-02
-1.195653981219483609e-02 7.499996747734546682e-04
-2.446175261746657420e-02 9.827471489143467867e-03
2.879621086932728988e-02 -3.133980064893664153e-02
-1.227592012738765170e-02 6.918357217332971043e-03
-5.108797624451692776e-02 -2.321004022215611765e-02
-2.120341223037060588e-02 -1.086964940362588304e-02
-7.936716383749885945e-03 1.009110234554014968e-02
-3.181733659422535110e-02 -3.386193020830213785e-02
1.489101047981955701e-02 -5.075486501525345272e-03
-1.141081020036159750e-03 2.265417397303567254e-02
-2.139486806842353164e-02 2.716917310243890243e-02
1.009367906998527055e-02 -1.163804017987692639e-02
-1.673864723267293880e-02 1.318248518016369372e-02
-1.599058796139357294e-02 4.480490076600645265e-03
-2.185990977857300149e-02 -9.876250573505156172e-03
1.609209185792718350e-02 -1.286416555322346042e-02
3.191188048364398955e-02 -4.145985410688798542e-03
2.608336130374578482e-02 -2.191513997930328445e-02
-1.710543522670470232e-02 -7.437339750513164045e-03
3.116921981481974441e-02 -1.179259464333432678e-02
-3.284809733557472050e-02 -1.222490408976517097e-02
-5.604755443459783978e-03 2.354341577218092840e-02
5.888089041404993146e-03 2.794704304588102595e-02
3.906940083717425072e-02 2.399086502629954349e-04
2.324890810988110290e-02 -1.216724768244092404e-02
4.632611092191134955e-03 2.001310383189416897e-02
-1.999548296848840945e-02 -2.384924366941600007e-03
5.894516650034643416e-05 -5.492867618602825450e-03
-9.740373471235458727e-03 2.817792596985572301e-02
-1.669013028518460950e-02 -2.884366875303514318e-03
3.195597869498838228e-02 -1.603398266422419519e-02
-3.031942239932772926e-02 -1.107815465229548477e-02
6.075331546952484826e-03 -4.158429101898262342e-03
3.400076754249588273e-02 -7.345302185307035943e-03
-7.669197251955608280e-03 1.097178447549524219e-02
-2.641436092751963879e-02 -9.049158867102361989e-03
-2.409192113192933776e-02 1.030931263357544835e-02
2.293160201377906354e-02 -2.428114297339645407e-03
1.013443191783740434e-02 2.212417839310081014e-02
-2.039562456775825816e-02 -7.950880341305440954e-03
2.432972118448044688e-02 -1.309044937995993904e-02
1.911452817410957961e-02 -9.608815807630760597e-03
-2.599352422497536175e-02 5.504647513925924268e-04
-3.108311761363758904e-02 3.085736113691102747e-02
-2.307841749066632392e-02 -2.725900381506389872e-02
-6.524857226618438434e-04 8.872405759099272898e-03
6.866017299293062856e-03 -2.978246106283862979e-02
-3.151531293633050550e-03 9.268110763894284176e-03
3.176252275087797922e-02 -8.048651270830538967e-03
-1.695692775197650104e-04 2.807882401666392594e-02
-2.783071672947064548e-02 -3.332717900108712189e-02
1.707284208952946844e-02 -1.689145120794606145e-02
1.511683769656261417e-02 -2.782564366329012134e-02
-1.031621322200861404e-02 -3.158424952095391369e-02
-2.751515899616688299e-02 1.781679471570183845e-02
-1.877656452798878370e-02 1.298364797491659631e-02
-6.478143166679693754e-02 -1.858178340322104785e-02
-3.127287888973435959e-02 1.120394100918772375e-02
-2.028578367326023743e-02 6.490596645647214030e-04
-3.985522166844251979e-03 5.708549960613399851e-03
1.285045058912486285e-02 -1.899103102838008497e-02
3.889672270238946766e-02 -1.128116439304695934e-02
9.548292858411414757e-03 -2.586024847557253856e-02
2.230252523162067416e-02 -8.505012804504117133e-03
-2.060175099966361084e-02 -7.381474910591550795e-03
3.543737356620483420e-02 3.624440491563046818e-03
2.486196780744812443e-02 -1.435363360824899043e-02
-2.545128058009213032e-02 2.213014041275675192e-02
1.577687641729900656e-02 1.575324360494497616e-02
4.189507365769563896e-02 -1.230677825551897663e-02
2.017551717613094014e-02 9.237760956158962145e-03
4.060653549839975118e-02 -1.002847191384540967e-02
-2.167207320054103867e-02 -2.126475777681768181e-02
3.266978628514773109e-02 8.004614440062812752e-03
9.354171233485798070e-03 -3.248764158916566530e-02
-4.371147706959559176e-03 -2.728827485875441952e-02
3.838872422798892368e-03 1.735495457224465327e-02
-2.170016816778654392e-02 -6.003721092854262531e-03
2.891918116582263207e-02 -1.894024300351925634e-03
-2.410016133591417684e-02 -1.316917154816907645e-02
-3.362750471860868201e-02 -1.667640966227545291e-02
1.795506602684294279e-03 1.679398309886016502e-02
9.736613653535085289e-03 -4.995099000923737022e-03
4.430795660969994950e-05 3.455761834090839701e-02
-2.234319943329893254e-02 -2.954851757874844571e-03
2.671109260934847324e-02 -2.417305376174419887e-02
-1.278698909531058268e-02 -2.300619597627590746e-02
3.395490956052500675e-02 2.647069728579392722e-03
3.398400808574182641e-02 -9.849106800214864690e-03
2.677184162852925403e-02 -1.187269092204765522e-02
3.148920064496377874e-02 -1.311402627916917647e-02
-4.298943293787103881e-02 -1.898706822332650243e-02
-2.167566063811404015e-02 -8.939568776943331019e-03
2.789374912030112216e-02 1.535455859030574258e-02
-8.405785037090851911e-03 2.952167364499286642e-02
-4.807992745120340077e-03 -1.474241240497362916e-02
2.220697624448270124e-02 2.936878403937814361e-05
3.112170266960399487e-02 -5.683356692818344880e-03
-1.397427355340848977e-02 5.753038462821555635e-03
2.821896123024262085e-02 1.522615855448914909e-02
-2.403826811212255582e-02 7.034288570146427985e-03
-2.152957602714578034e-02 6.683701358905482816e-03
3.336873111969695938e-02 4.272447711497167461e-04
-1.223721743102594746e-02 2.864505252032791384e-04
-1.370027202859584736e-02 3.492551824843424888e-03
-1.978443203386462401e-02 7.217886368929609699e-03
2.710082446631125949e-02 1.362831906508221898e-02
-2.219073541718746476e-02 -9.849334604437971416e-03
3.053979274659367887e-02 -5.486301308932662289e-03
2.721309303444788621e-02 -1.651403304476798881e-02
2.101785567384692466e-02 5.404234546449900901e-03
-1.852649083576098131e-03 3.587843665509014845e-02
-3.023774404354595199e-02 6.726474205696127313e-03
2.643870998358005889e-02 3.433538711507453625e-04
-4.288845772446751858e-02 -2.737433312200857408e-02
-2.063133285802776912e-02 8.008768075095705138e-03
1.870380442176721933e-02 -3.671791124805051047e-03
-8.159218672553871302e-03 -1.079487826085963852e-02
8.060575653687644324e-03 3.527570656952546541e-02
1.010346284221282000e-03 -6.102535704694459114e-03
1.089348539423051331e-03 -3.155380304602995595e-02
-2.067016554948859428e-02 -1.895001527992946563e-03
7.558842599807174926e-03 1.168078543645711259e-02
-4.266204802015782088e-02 -2.137346458198251947e-02
-2.081389087322829679e-02 1.203268120304337892e-02
3.151183389466756524e-02 -4.546153630648291227e-03
-2.194178630314124953e-02 9.559983567489111237e-04
-3.383589469006684398e-03 -5.412725144794839488e-04
2.782489838532507809e-02 6.868014930498547548e-04
-1.980140787497050234e-03 2.822713597081560975e-03
-6.785933811560391875e-03 2.561766228047402880e-02
-2.321862205718857458e-02 -2.657661289199783963e-02
-2.024600063019013629e-02 7.039615540175234339e-03
1.011885748914500074e-02 -7.235244875132999104e-03
-1.502819337099527836e-02 7.703379910368390534e-05
2.335364614159252464e-02 8.304145270352470201e-03
2.457334449144199170e-02 -1.061950714337768845e-02
2.855644209170468684e-02 2.085514189561922874e-02
2.259189883922079964e-02 3.393483206674115411e-03
3.361766960907669466e-02 2.281073458975637659e-03
-2.191662723748764863e-02 -2.115009248711774371e-04
7.661457429292265787e-03 -3.448371159835680183e-02
-2.518684290037348159e-02 1.949371689527370013e-02
2.171974209140463061e-02 -1.064369315393666601e-03
2.568432220776810382e-02 -2.937369701025173245e-03
3.018859827084966613e-02 -1.996774494658740129e-02
-1.679619091770462661e-02 -4.867890425323799660e-04
-3.220025819723430771e-02 -4.154858508539834017e-02
-5.005487462881048032e-03 -2.199483623905651442e-02
-1.477057811423172079e-02 -1.242572029102883939e-02
2.705451736051321318e-02 2.439216755112614491e-03
3.157841528636935041e-02 4.584836860790762574e-03
3.359202925938181705e-02 1.373076976430691494e-02
3.303794746188012249e-02 -4.740806032678354133e-03
1.631858354079230439e-02 -2.898243464859463422e-02
2.558517274663332092e-02 -1.177105621468558030e-02
5.673940019472702677e-03 -7.259924331672822084e-03
3.270093208329565709e-02 -1.166855779428100162e-02
3.226443255134066324e-02 2.161871759112582100e-02
3.373181018395641356e-02 -1.246181474562331991e-03
1.996668847555558429e-02 -1.302880250753511195e-02
1.373274940617401005e-02 -3.396667838829789399e-02
-3.228052757755651547e-04 -8.878126118155608634e-03
2.813114587253308027e-02 -1.302967179061404433e-02
1.809968685714592740e-02 -1.567239433733976298e-02
-5.997576176178128632e-03 -2.698439537007561034e-02
-1.863988689698910239e-02 5.334734427989875141e-03
9.031431122223846850e-03 1.576173477713847804e-03
-6.198085219001206805e-03 -3.134834354899970928e-03
3.199332433599794134e-02 -6.602456425409060012e-03
-1.189498519936183114e-02 2.317410976273958506e-02
-4.762988529325333682e-03 -5.759549534610571182e-03
-4.479181821703828031e-02 -2.239756244090490220e-02
-4.711082935197848792e-02 -2.463269998963329988e-02
-2.272786763586888761e-02 1.338165422336326169e-02
5.918933510040617733e-03 -6.868359817341566920e-03
1.758432129025723359e-03 -9.863673029949259971e-03
-3.001958579301947224e-04 1.816756197426927164e-02
2.456025475282996515e-02 5.443691725306180201e-03
-2.441420103426918814e-02 1.301418566241153638e-02
-1.968818616553072443e-02 4.046645712033797131e-03
-5.443276849150269778e-04 1.956280701481246526e-02
4.534754356510433369e-03 -2.673233893534102124e-02
-2.084895975539545823e-02 3.096651184507140647e-03
-1.903957885525531593e-02 6.904828440316549722e-03
-1.574531746253500161e-02 -5.508637956107922257e-03
2.106374955823411485e-02 -6.041263356367729005e-04
3.130550789839048331e-02 -1.381964115882882349e-03
2.502665343637772502e-02 -4.425186743064338582e-03
-3.465083798226888979e-03 2.440517868516289129e-02
-2.585910690258209563e-02 2.045285578433738826e-03
-6.558129062008348324e-03 7.514763401193919924e-03
-1.229455529914185406e-02 1.316831952951522458e-02
-2.106879623517979305e-02 2.191108650795925775e-02
-1.315060529973413606e-02 7.196141143454118025e-03
-4.633560057626258388e-02 -2.157984663255740898e-02
-1.992596295330786047e-04 2.589789810945874668e-02
2.799710320976564817e-02 5.348604468624345784e-03
-4.994045459843792639e-02 -2.981238080309198124e-02
2.766317205165229332e-02 -2.927790430265059252e-02
-1.687452905343058210e-02 8.593306606403498804e-03
-2.104940403864685380e-02 1.640197923013530026e-02
-1.672615010915104797e-02 -1.064247139837267569e-02
2.609500718992171370e-02 -5.376773261227214828e-03
-1.724691012070683066e-02 1.173700796810477759e-02
-1.124493700239435554e-02 2.324420534710907281e-03
3.143760675407085425e-02 -8.710883750688444560e-03
-2.711488472146642709e-02 -2.047171115561908714e-02
-7.945115902297746058e-03 8.999509001501490276e-04
-1.336926992407014639e-02 9.660404064668925202e-04
3.608429675411052584e-02 -1.223409495593490680e-02
6.863128693991799381e-04 3.067611761569904311e-02
-1.766582287282294703e-02 -9.805648477352407744e-03
3.026607521790149538e-02 -6.316974304933505903e-03
-8.514086568343265382e-03 1.083949467593404818e-02
3.407264690758012027e-02 -1.246129319999601456e-02
-1.528602190014760869e-03 1.230821389892976930e-02
-1.533832404877173705e-02 3.101687981587060439e-02
-8.485916537412338187e-03 3.614312250442122676e-02
2.972399489204714806e-02 2.174837086934898120e-02
-1.373641231848333512e-02 3.757855256074865008e-02
-1.176106057270336416e-02 6.156706791856527035e-03
-1.115811142220974120e-03 2.783278725081663255e-02
3.143642219381649616e-02 6.706072124753026040e-03
-2.264460567504550034e-02 2.975243943453445214e-02
-2.138991333685697285e-02 -5.518985239831621266e-03
-1.721193735187765209e-02 -2.820492321929889828e-03
-4.757872684167024913e-02 -2.912778631196477272e-02
-4.148990135944830016e-03 -1.443634876207582898e-03
3.025697823846415502e-02 9.022666247229036221e-03
2.017091370859038293e-02 -1.234732253277378124e-03
-8.009911844802411821e-03 -4.184188430709954824e-03
-5.454295246003076046e-03 7.546348356186557277e-03
3.428014110607491109e-03 1.967573102609617569e-02
-4.519529143018223560e-02 -2.628812787032287421e-02
-1.346083164086643580e-02 3.204257655276275540e-02
-3.124172510634437225e-03 1.076272008466023708e-02
1.091122935981277652e-02 3.267265879370749582e-02
-1.224405840079920323e-02 -4.475392573001597471e-03
2.862813345113856059e-02 -3.064977297246127691e-02
-5.086682389399961417e-03 4.567053238269860177e-03
-7.558301638976468000e-03 8.922138140018995994e-03
-8.535858431548628764e-03 3.911097676613796773e-03
-2.810256674689456773e-03 1.955065273166274598e-02
3.287303570686168214e-02 -1.868387707377206636e-02
3.050945246248161144e-02 -2.015004287389602494e-03
-1.107977171658545919e-04 3.461663765226467848e-02
3.184206573904176801e-02 -6.463403721507288320e-03
2.479873924744885674e-02 4.526936916371781042e-03
-1.612137145559018603e-02 2.776792147951751000e-02
2.992229386983759690e-02 -7.223509804656349717e-03
4.002392430818137170e-02 -4.737481200955517835e-03
-3.070459783550736829e-02 -3.394011819546107617e-02
-1.347020059452675843e-03 5.855109724822964504e-03
-4.957877580056183715e-04 3.785671731370015419e-02
1.697835421622333196e-02 -1.021604869215489604e-02
3.816446637782122675e-02 -4.030257009507041618e-03
-6.512483186973192471e-03 3.044221779766597205e-02
-1.372694383651563250e-03 -1.646215900174030980e-02
-2.127345587948337689e-03 1.764280742804552604e-02
2.987759610712237713e-03 1.466774735861167862e-02
-2.512558489302670062e-02 7.085274593607536302e-03
6.408631927038329484e-03 -1.048019788616392362e-02
-2.108548085304728231e-02 1.644435096680319994e-02
-1.222336221858844919e-02 8.703459656767760164e-03
2.582718079368872752e-02 -1.807123605098332961e-02
2.547451653953675815e-02 -2.578746501941828412e-04
2.779981543930874072e-02 5.460302799491414255e-03
1.761439200332497526e-02 -1.347383064493608458e-02
2.578733325234578572e-03 2.939644500118389348e-02
-1.827394454016772682e-02 -1.233090668574390522e-02
-1.616314473480256683e-02 1.791752218736130872e-02
-2.581835930858207909e-02 9.028118034321066729e-03
-2.385173440281445484e-02 2.672322492127896139e-03
-6.659317685209375018e-03 8.474224700119008594e-03
3.348051592849009273e-02 -2.421714893072697203e-02
1.913576747910787981e-02 1.045089184343533061e-02
2.562750061352306319e-02 -2.249804983815479470e-02
3.467314861675135917e-02 2.449125696896783250e-03
1.574685964860611520e-02 -1.250096863476679067e-02
1.899716424734881892e-02 -1.421187678461766253e-02
3.171592360032967489e-02 -2.057472043409330070e-02
1.330418067834564060e-02 -1.630904207810509460e-02
3.716343813530964546e-02 -6.819251372943206614e-04
3.238557524285254341e-02 -3.923780831215218159e-03
4.100294293193480072e-02 1.327952468067159636e-02
-4.648159311378791819e-02 -1.888313810565107886e-02
2.392270343600260210e-02 -1.456076105209431820e-03
-9.299956372498811158e-03 7.744100398238219600e-03
2.076767205317421941e-02 -1.036076576794047605e-02
-1.284405434632743259e-02 2.184925474008126908e-02
-2.173881383359902927e-02 1.320501632195605034e-02
-6.806488423398181394e-03 3.159996439786967679e-03
-2.869565662995927219e-02 4.441325060387722908e-03
-4.728405899091501358e-02 -1.374375341307056304e-02
-3.472335551460595249e-02 -2.994599957227690040e-02
-1.630615269629482125e-02 1.303036693432693509e-02
-4.500651243567790546e-03 3.603525256416866690e-02
3.144877270928077284e-02 -5.485743897060730992e-04
-1.345956438932163594e-02 -9.429766823221451960e-03
-2.053005179604278085e-02 -4.862771931758043224e-03
-6.472008485749481017e-03 1.144118410858691731e-02
-4.565455793987485515e-03 3.013632924663436994e-03
-3.119450435121752171e-02 1.431373980518356459e-02
-1.618624376567397204e-03 1.036501454424575315e-02
8.640200757647741861e-04 -1.757077167972668358e-02
-4.031414457860903189e-02 -1.686823144651605419e-02
7.438604135267047265e-03 -3.774168169342288076e-03
6.982304986308272626e-04 2.282770242323834547e-02
1.464245828157945996e-02 -4.652214848888449120e-03
-1.248113956445741878e-02 -1.170817674287826524e-03
-1.011392750109108138e-03 1.037284082918294228e-02
-9.881279241084112500e-03 2.242770609615378843e-02
-3.575592083306166919e-03 -1.797288891316414089e-02
-1.789212092557208519e-02 1.076895278692976445e-02
-2.161641309411707276e-02 -1.178077710280568680e-02
-2.057155957817787071e-03 1.641100482145178840e-02
2.048131841074771198e-02 -1.431678147904550530e-02
-2.052925551439844024e-02 1.835390492479959529e-02
2.159072945060589929e-02 -2.732285780609579676e-02
-1.726938565594561201e-02 -7.580172605182480122e-03
-1.132333142844074540e-02 1.780796010258649253e-02
-9.507856323710884780e-03 3.876603681195615273e-03
2.679431127272053487e-02 -4.758658087982701665e-03
-1.628526902357451886e-02 -6.575563964074139511e-03
-8.925652629493321250e-03 8.246542524762973461e-03
-2.064869506115700470e-02 6.591440974549720062e-03
2.390344133908348448e-02 -1.594889443690799538e-04
3.313513499152128533e-02 1.007975057775531078e-02
2.857222514209210862e-02 -1.431110258788631344e-02
2.685123717777066973e-02 -3.410535080451902214e-03
-6.169914973010588201e-03 1.177264463006243850e-02
2.733377504804441679e-02 -5.972084362791438934e-04
-8.854941616801214124e-03 2.617782999039368688e-02
-5.148041958578510741e-02 -1.691309679490372517e-02
2.543318837863925083e-02 -1.380238402923483418e-02
3.715653920083479556e-02 -2.563389512935370079e-03
3.515704843000733854e-02 5.489027802267282610e-04
-1.163375604964857202e-02 1.993524623740286408e-03
-1.953216964252032367e-02 1.701873776562887186e-02
-1.873647647616725684e-02 1.076599755648175588e-02
-8.759968076829096825e-03 2.016585710308848103e-02
2.237160259645827598e-02 -1.431511588359222001e-02
-2.430036808674787899e-02 -3.065838342826344987e-02
3.393911777978909916e-02 -4.691277722955692481e-03
-5.944736380770856629e-03 2.313933151941884384e-02
-3.208841665480285932e-02 6.251026113292234773e-03
-8.926024963123441527e-03 5.443439536058318614e-04
