-2.256833894890884068e-02 1.943783729737746935e-02
-1.119693471583438175e-02 6.390204857868232204e-03
-2.169256994744660390e-03 -9.108623006918980733e-03
-1.014148191476014690e-02 -3.005510631439563957e-02
3.283991113566968323e-02 2.281481058033459075e-02
1.380374471522067019e-03 4.395346700024024833e-02
1.341706924319670518e-03 -1.398699438273611948e-04
4.070535573853184541e-02 -1.653853763881447947e-02
-2.973331757223147617e-02 -2.078365409310969913e-02
2.114524819180664192e-02 -3.769630375394571187e-02
1.940517904712418644e-04 -1.526391545654116368e-02
1.166274866968951274e-02 4.794633859884723723e-03
2.302073037416513257e-02 -5.157144542345096574e-03
-3.337250657091597045e-02 4.366127533746409078e-03
9.268182609059158819e-03 -1.247970810150950127e-02
5.269516106337471251e-02 1.662149473682125039e-02
-1.171544720808948004e-02 -2.070825496390133955e-02
6.059329854309901051e-03 2.394717971325710515e-02
-6.586726272459530844e-03 1.398493298596506854e-02
-6.621925664967114218e-03 -2.087549003284015076e-02
-2.126641108642975120e-02 1.823046774503762554e-02
2.908409356391629397e-02 -5.257381895998598439e-03
-1.549822901859312062e-02 -2.034650520436299265e-02
7.997204611118267914e-03 9.434959399915411257e-03
-2.915883941275915908e-03 1.277124528021213526e-02
-2.505080031959265596e-02 6.799502750632806583e-03
4.557199560472383060e-02 -1.449932511329837283e-02
-8.902135466262657212e-03 2.584707418401216775e-02
4.374543081842558606e-03 1.899716029233566514e-02
-3.366034028079491203e-02 -4.472947417109230522e-03
2.078202697563809667e-02 1.391303568004811399e-02
6.178630159297932543e-03 2.506800874915954963e-02
1.201407807373951718e-02 -2.001102149739325542e-02
-2.242806723363878485e-02 -9.437922835180849457e-03
1.852689427867799943e-02 4.079260643526250001e-03
-2.591208548622208480e-02 -3.164904128633624913e-02
1.271029372515948379e-02 -2.903193917208913948e-03
-2.752289013392892128e-02 8.676741803604565238e-04
2.209308641397478637e-02 -2.427420945720710696e-02
1.994564881304770540e-02 2.430718476427530181e-02
-7.784743007861560926e-02 2.108176068997224747e-02
2.064273001599571319e-02 -2.881195239589997084e-02
-6.159287988535185054e-02 1.133233907726310941e-02
-6.623872188901903935e-02 8.835300297031875583e-03
1.257319939920977479e-02 4.121834200598614717e-02
2.760416734846840234e-02 1.544732004155601954e-02
5.296501459216467270e-03 3.053548650586569973e-03
-3.056959214110062384e-02 9.040761903606604061e-03
-2.986378182576270024e-02 -1.459806302539683187e-02
1.782704502916882374e-03 1.635664912078231906e-02
-1.255369733081683654e-02 -1.386392689992968497e-02
9.286245803486057465e-03 -2.345996992119920091e-02
-1.432187133503331697e-02 6.070310336374144453e-03
1.786121493404425062e-03 2.514260422191575035e-03
1.324958110458659575e-03 2.089220656416063485e-02
2.442730570323738831e-02 5.027882974564123336e-02
3.921757452093221907e-02 2.078535498088164221e-02
4.896556637836682602e-02 -1.484140028535979594e-02
-5.251409052911874820e-03 2.146228399731013592e-02
3.187323381625961627e-02 1.640325559918943965e-02
2.002088785476559968e-02 -2.378490080260630204e-02
-2.650990125265894129e-02 -8.615548852605500740e-03
-3.698000596096709391e-02 -5.977926197914365178e-03
3.466444772678844294e-02 -6.555191649151638836e-03
3.815102979591088878e-02 -7.958500822903861668e-03
-6.038979774454590610e-03 3.002701938107053825e-02
-1.336062966819198672e-02 -7.150673111350792054e-03
-3.634841229654826172e-03 7.230119404196700544e-03
-4.147644992023750282e-02 -1.607003343933951708e-02
-7.878085461885786511e-03 4.562155271346821084e-02
9.430257336476125657e-03 -3.182942183868086444e-02
2.985623354717705652e-02 9.169879085267151550e-03
2.879705614887144438e-02 -1.906694154561799567e-02
-1.902791565185728978e-02 -1.656300016868117106e-02
-3.135258621872920055e-03 8.042107573049106159e-03
-5.763219320024168387e-04 -2.911343393269655647e-02
-7.013182301801004943e-03 -2.195898217410583581e-02
-1.248957130782031404e-02 5.213591992213099935e-03
-1.256210184680622149e-02 -2.552788825050471277e-02
3.502985513114461463e-02 7.735527990504516803e-03
1.240206786731255957e-02 -3.439537097571827851e-02
2.979545908391418793e-02 2.163703990609047723e-02
5.154662948573735144e-03 1.673451642075629228e-02
2.053333005273932921e-02 -3.207405716569304566e-02
-2.137277984794066013e-02 2.733633977741336402e-02
3.307373381175045257e-02 -1.313997519946326180e-02
-5.623718134375692984e-02 4.695126887131658919e-03
2.562649050900857664e-02 -2.568504153400027676e-02
-3.044638239598520049e-02 -2.942592324219310898e-02
-2.853470778458797041e-02 -1.520536859672811693e-02
-4.347577822763352973e-02 -1.913184983701014807e-02
-7.570739772872809963e-03 -1.214589612493182508e-02
-5.109557041737630852e-05 4.867106723206258284e-02
1.746958216986228135e-02 -2.436801471017221998e-02
5.780187395426233693e-05 -2.949129940732869021e-02
-2.501522029358449820e-02 2.629280436963993967e-02
3.020335727778362608e-02 1.688348884146344264e-02
-8.712133806204811620e-03 1.041565900227876817e-02
1.456182207443727089e-02 -3.012558840721717320e-03
-1.441995237498194284e-02 -5.710814575611247723e-03
3.123114972248089731e-04 -8.519572953085578770e-03
3.224736932497991593e-02 1.275356170410855451e-02
9.787292096209021172e-03 4.299993059097739941e-03
-1.675038754723067597e-02 -2.263365522727157908e-02
1.187145824186091290e-02 2.393844517977913866e-02
-3.766705234441839606e-03 -1.000983849903270585e-02
3.484112616085699443e-02 -2.339454163369701287e-02
-3.159111913419986734e-02 -7.798525991489727721e-03
-6.421458739206280242e-02 5.855371069150806448e-03
-3.769730276577488233e-04 2.080786016245191050e-02
1.715637142517698055e-02 -2.979427088223573702e-02
6.513498801516623415e-03 -3.717516413877145626e-02
1.557325860950234528e-03 3.338200972811069395e-02
9.686374148721454838e-04 -2.297731588488552759e-02
-1.283653029533003698e-02 -1.984266078445149142e-02
1.460276103576031801e-03 1.522320460768450054e-02
1.264463742536995478e-02 -1.249105603893395887e-02
5.401369429236075465e-02 3.179020266696460512e-02
-4.595549147115216265e-04 -7.033788535301104677e-03
-8.634146119134836206e-03 5.548368932237755097e-02
-3.252506814257656587e-03 -3.169494332376254081e-02
1.563372583667248239e-02 1.966141752086327660e-02
3.081919750346020365e-02 -9.809255930563391332e-03
3.017166664636525969e-02 2.178067442493088895e-02
1.650619658907138574e-03 -2.636177746620359252e-02
-3.169399058924948082e-02 -5.409380692580311768e-03
1.923652795452987854e-02 7.517121572439509729e-03
2.576113353117666371e-02 -2.808488481866624684e-02
1.780746332877136337e-02 -6.623470546068575132e-03
-2.007122250431797941e-02 1.694984154610352373e-02
-1.959320050052848483e-02 4.881169240847862273e-02
-3.843376562429700466e-02 -3.534784228336214102e-03
3.593740819293836375e-02 3.336792821268984299e-02
-2.854835393126358561e-02 2.287766954331402636e-03
-1.900801941759611147e-02 2.066513673145501870e-02
2.162236713309206859e-02 2.965659319654697507e-02
-2.952469765643689348e-02 -2.283021579041471377e-02
3.755825569760444516e-03 5.291877424969846158e-03
-3.716439577998108951e-02 6.148129121818919109e-03
-4.054180811311211552e-02 -2.819148515937694444e-02
1.234492459288195031e-02 1.409299116354937459e-02
-1.675184241075909977e-02 4.989093411273645695e-02
4.946120358154689617e-02 4.387120699596790650e-03
3.020589620879164661e-02 1.515416959568772169e-02
1.554070228569581075e-02 -2.462450288883633737e-02
1.618631966109155065e-02 -2.295742861700504709e-03
3.608041431697598528e-02 -2.161176788984199917e-02
-3.049285299967528437e-02 -7.310541763982056698e-03
1.585475474314833213e-04 1.349684929951137230e-02
1.939861289882069406e-02 4.183919840151104075e-02
-2.797721615833011558e-02 -2.540982808683702257e-02
3.765912273815198111e-03 3.991502959135707906e-02
2.345771180085693547e-02 -2.578109635736734392e-02
-1.875076994626492105e-02 1.886754036604930754e-02
2.627051863279034408e-02 8.447687644321223710e-03
-2.808319677084579469e-02 1.289977358576845611e-03
3.958175349495069578e-02 1.980241061562834984e-02
2.726135155763004941e-02 -9.073110363966598729e-03
-1.242367987802108116e-02 2.684698670780221244e-02
6.930922818188913273e-04 -2.509966962582101460e-02
2.171469273611215459e-02 5.396550701216703584e-03
1.912332613748006505e-02 -1.448688803756936934e-02
-1.295326127769360833e-02 -2.535246258947576950e-02
1.244704827377047206e-02 1.936461800532962921e-02
-5.508401365992716958e-02 1.894748363091388124e-02
-1.847053061979115479e-02 -2.731916545125980672e-02
4.706832313605298357e-02 -1.075580379595170513e-02
-3.881833103792450140e-02 -8.211156214922377475e-03
-1.513970744437832285e-02 -1.757347192245587927e-02
3.114611821352397669e-02 3.299787959490516065e-02
1.707269430001507682e-03 -1.277717733406100002e-02
-3.150370774091347525e-02 -5.745636714880970539e-03
1.835146746439214605e-02 -2.555311382620552643e-02
3.770073094595478846e-02 8.031381230540562965e-03
-3.381376931981336376e-02 -3.876347139653328437e-03
4.021742638071883202e-02 3.024661156459318087e-02
-4.839443710923134467e-02 1.811713725826805121e-02
3.974874532928053539e-02 -2.957076333016622847e-03
9.882124150467021598e-03 -1.593556322624961608e-02
3.960304332874894744e-03 8.125490496177216471e-03
4.494131023060440877e-03 2.603059646559987422e-03
-1.631329172202626923e-02 -5.407938024984524153e-03
1.250012165261765208e-02 -2.374955498385499311e-02
1.549538408858047028e-02 -2.702466254839897691e-02
-1.022778064311988602e-02 -2.880850353778314707e-02
-5.872077374164642871e-02 1.182424267313796811e-03
-2.638290678600836714e-02 5.388223592175066939e-03
-7.857062350615290000e-03 2.590489850364581167e-02
1.542003371433701454e-02 -2.814594470824215502e-02
3.854821710426713233e-02 2.424976894998578589e-02
2.777248845207878902e-02 -2.185399700821936270e-02
3.219483286423555773e-02 -1.184961877052702513e-02
4.244971183394820324e-03 -3.474891075088943487e-02
-4.731039262716838119e-03 -2.551742767071856974e-02
1.128668040141809700e-02 2.091232274269210975e-02
3.380761969724440513e-02 1.487109892471553778e-02
-1.115936428169731105e-02 2.232182336431103725e-02
-4.199055064717942265e-02 1.257950400666391858e-03
2.452853929502136002e-02 -1.396322000287035688e-02
4.402566186743356140e-03 -3.032745112579915761e-02
2.264726008487503994e-02 -4.240798378944192482e-03
-1.825207782180503918e-02 1.053436473619521335e-02
-3.274628191698513574e-02 -2.323836764354166029e-02
4.042376236961420927e-02 2.657325420141849748e-02
-1.548645246862372961e-02 2.256033454235905483e-02
-1.859610630307915319e-02 -6.188922054653113979e-03
4.360339400296788849e-04 2.489927237829334204e-03
2.059238211217197939e-02 -2.255208586902566993e-04
-3.714603892797931073e-02 -1.546543541318523042e-02
6.002387353312467477e-02 1.964834122153261489e-02
1.303795239931936772e-02 2.894637736351708679e-02
3.194800737717413963e-02 -1.695352351798622495e-02
5.271724414360760315e-03 -2.686566329883958645e-02
2.436416262875398375e-03 -3.153068094689353423e-02
-2.377462537841274620e-02 2.978454884224069135e-02
3.142470766033508139e-02 3.732181908974214362e-04
-4.290370034235625046e-02 -7.050077429208135259e-03
1.830439864122439947e-02 1.431604140998745181e-02
-3.268008750387876860e-02 1.166707466032441791e-02
-1.920419689296161414e-02 1.105624502707568645e-02
1.095385257232813110e-02 9.770213557798950940e-03
-2.503364807874933207e-02 2.971849074862660881e-02
4.638287787141147367e-02 -7.058909229666335793e-03
7.005543435445418798e-03 -7.428676575287888016e-03
1.402224484068604130e-02 1.154402412409248971e-02
2.849152526639595062e-02 -1.143208382936894592e-02
1.242263490112517285e-02 1.340947482365591583e-03
-3.540929803246343956e-03 3.871169190400457205e-02
-3.776938393462807124e-03 1.109140664345141178e-02
3.920825594369090061e-02 5.852761020625939919e-03
-1.440666016885402967e-02 3.505236845281119087e-03
-1.832226184287077952e-02 -9.339750942906739628e-03
2.889496277473126498e-02 -1.351383590220292356e-02
3.240358817616572490e-02 2.534663687017338699e-02
1.464850344840133538e-02 6.614300883519751324e-03
2.527251818943627645e-02 -1.925688734780051092e-02
-4.379597946196258501e-02 -3.362540880526249804e-03
-3.519028180649693555e-02 3.187204096513358148e-02
-3.179300036893432241e-03 5.795705059454842479e-04
-2.244368216131607113e-02 4.349830409605301776e-03
3.351921829913184075e-02 -1.629974044418306303e-05
4.322479636490859228e-02 2.548036634483666005e-02
8.344076512527352774e-03 -2.346076370923299084e-02
1.273174060704434889e-02 8.708085738220818633e-03
2.963925906211990757e-02 -1.953577703251705919e-02
-7.974691240325303826e-03 -2.647166399020374136e-02
-1.028561187984102995e-02 -3.537037330652484813e-03
-5.674755864034281699e-03 -1.727991856513241484e-02
-2.148104923165220989e-02 3.125439160168165531e-02
-1.625439025628915230e-03 -3.515244867931786865e-02
-1.456497726646478058e-02 -2.047280915229211101e-02
1.812878879446268993e-02 -1.620403413237115481e-02
-1.799383252555961446e-02 2.212872524392420388e-03
1.097010135771160806e-02 2.074699573463536714e-02
3.918931302043707904e-02 2.892965484725975797e-02
2.738748712168785973e-02 -9.239221084815639473e-03
1.399671717826403471e-03 6.746292970755463081e-03
-1.020412914472789735e-02 -2.559897096661707672e-02
1.481653391355669536e-02 2.879364092924107527e-02
-5.309507593911980128e-03 3.426270964536982759e-03
-3.482442615212931469e-02 8.407022891544543158e-03
2.861583942794168264e-02 8.854423282798342190e-03
1.425604535735116273e-02 -7.318445125402317682e-03
-2.062783928516316589e-02 2.666676340019455416e-02
5.843555005184899662e-03 9.423403025444484311e-05
-8.677117341687350105e-03 -5.252927482583568709e-03
4.082612088437329728e-02 2.509011322246428380e-02
1.335840661197390880e-02 -2.908858856057292691e-02
-2.701050965098668669e-02 8.982987790733991743e-03
-7.032657931594444266e-03 -2.765716582525105504e-03
-3.322866268118980504e-02 -2.022685517667648786e-02
-3.170686786328594502e-03 3.449392098634512793e-02
2.794267927604029284e-02 -1.488512708501906617e-02
-1.972320252373998412e-02 -2.593042939636157687e-02
-6.476164446348340632e-03 1.807093771626868892e-02
-9.951028191158029293e-03 1.786023677753091274e-02
7.320319815943813861e-03 1.608515634705675462e-02
5.183997334618425934e-02 1.357959175537449756e-02
5.494522396313525348e-02 2.032361060528597649e-02
-1.971507543866726081e-02 6.447417128674988625e-03
4.530005666889548067e-03 -2.560874691855413721e-02
-2.868522091207071842e-02 2.454257990460872226e-03
3.485799923057109843e-03 4.104474566404703838e-03
-4.251699442191289938e-03 2.588411991585732111e-02
3.454523504821127577e-02 2.758942845801118024e-02
-5.167546053976738302e-03 -1.584060018174751963e-02
3.258072241520430790e-02 -2.955364457832461780e-02
-1.769515878496932815e-02 4.281230464939397157e-02
-2.709364272228089246e-02 -2.160762721890139779e-02
-1.936021307590353110e-02 -1.762149547220560539e-02
-1.339099246412816212e-02 2.946836246151886187e-03
4.145873726832184636e-02 -2.784480962112747746e-02
-4.880482394387888889e-02 -2.599059286362307916e-02
-1.332553334878848646e-02 4.155573399052250871e-02
3.004044694199116752e-02 -2.641950010835011822e-03
-6.150337153054219984e-03 4.438023308480120582e-02
5.784335503795866827e-03 -2.853667027751803989e-02
-1.210359091296933165e-03 5.855512662879277727e-03
-1.225672264740998267e-02 3.678204304328922675e-02
-7.006174692172753571e-02 8.457624091048436543e-03
-3.675613769503257439e-02 -2.012239861386385699e-03
1.666329018272021817e-02 -8.168432342140714841e-03
-3.190996055357286920e-02 -8.267176381706318675e-03
8.425023252286872183e-03 2.170668680876167156e-02
-2.899659604715046704e-02 2.022951250130884324e-02
-4.097991059845798936e-03 1.153050279793430520e-02
1.174335393660509014e-03 7.826428196379709226e-03
3.903770448602085041e-04 -8.743158013559647335e-03
4.606288001323490672e-02 2.170683732169530200e-02
2.867541909318088028e-02 -1.436928454464017103e-02
-3.430338177842463115e-02 -8.474383552494217306e-03
-2.938489610133573210e-02 2.385170261754665164e-02
1.901401314405128063e-03 3.570961102330714315e-02
-2.161813537748161901e-02 1.101111613973481881e-02
-3.008232056720273884e-02 1.261861543186844001e-02
2.531925102571007738e-02 -2.096908486452602957e-02
2.629502252222302213e-03 4.037757599581864865e-02
2.125344382159585072e-02 6.838914571630039067e-03
-4.271377565165431628e-02 1.193949009982695625e-02
-2.383430795531652976e-02 -1.468871327239834428e-02
-1.159352237081006948e-03 -2.663068857046846372e-02
-2.013300085973784501e-02 -2.627152888831812971e-02
-3.747259184956740208e-02 7.789383477232716436e-03
-7.949261841694348768e-03 8.523042629102167700e-03
-1.100607829365145285e-02 1.288186737880082748e-03
2.056310772472350751e-02 -2.489467590487999191e-02
4.491795831648378451e-02 2.174345821116264316e-02
-3.711261536694972912e-02 -1.796534243347492482e-02
1.161125970464885887e-02 6.484035316990555305e-03
-3.508506320866839473e-02 -2.354744257227365904e-03
-2.400707898563990070e-02 -4.089236059473417943e-03
-2.556020694372379207e-02 -2.140919527893331287e-02
-2.037792162966735668e-02 -7.574065392318508026e-03
2.809128936195129378e-02 -2.742376059015896178e-02
3.302867048135384870e-02 2.069344235255183087e-02
-4.184199876680016333e-03 -2.069310222485582981e-02
-5.742534903016879855e-02 3.551165945995859562e-03
5.944997485735160035e-03 1.473029827600909510e-02
-2.704634316351630687e-03 3.028154975254607889e-03
1.194200039715116908e-02 -2.336001496799028007e-02
-5.857183363335824282e-03 1.389259570106758136e-02
9.911349560513491377e-03 2.462443332588500761e-02
1.583066930753720958e-02 9.979969383796929994e-03
2.036053623162781614e-02 1.829057485775712616e-02
2.151402795720017830e-02 -1.773914976955448183e-02
-6.095081875193111842e-02 1.003990836883774003e-02
-6.689029488569708803e-02 3.553377178937364416e-03
-3.813639438510116331e-02 -1.769730353108530177e-02
6.210742093087812631e-03 1.115030552828343881e-02
-4.878816892642536679e-02 1.684898641582121409e-02
2.320200230339230368e-02 -2.015799981708936428e-02
3.265469120472526410e-02 -4.039501853860413827e-03
1.064875663492513731e-02 -3.133439648157285151e-02
7.247384030856372956e-03 8.721924707909655197e-03
1.088718316456998864e-03 1.438794233056124409e-02
3.763708688308355782e-03 4.644464172275864638e-03
2.990522389625982838e-02 -1.275804357279578275e-03
-5.562584251843493560e-02 1.036337673442858966e-02
-5.742967055617264130e-03 -8.935206411609027469e-03
-1.052468011731212336e-02 -8.413017637067636556e-03
-6.370059527860809714e-03 8.223953976405507654e-03
1.617666331411427363e-02 -2.240299206850088209e-02
2.415233605688964919e-02 -2.628454311568389698e-02
2.431650962096927951e-02 -2.070905850956828234e-02
1.869575573379964745e-02 1.331823603908881271e-02
-4.269073995299801222e-02 -2.025133198346162552e-02
-4.626656901052756538e-02 1.810193954237642594e-02
-3.491537231363565225e-02 -3.989242533347872426e-03
-5.145324590224808342e-02 1.619788826700123766e-02
4.995082924046426696e-03 -2.973707399630279996e-02
-2.131121289716060227e-02 -1.570989998431708209e-02
4.623956395574051192e-03 1.955694425680455997e-02
1.710189481008196274e-02 9.211219253330806727e-04
4.968725122101675350e-03 6.384154790161854741e-03
3.197574126972350939e-02 -1.529460537488240221e-02
1.767486417666733201e-02 -1.831421135939289083e-02
1.190537411510847118e-02 -2.836828705740450721e-02
-7.842255139402948619e-03 -1.640940723144652599e-02
-6.566533176056630044e-05 1.891200904878652389e-02
-2.970575037871009752e-02 -1.143891264694108303e-02
-2.912215675899737163e-02 -3.277355474697560972e-02
-2.919849731838762563e-02 1.143202020304290648e-02
8.677414911029680778e-04 2.532307264177075315e-03
9.265887865338955434e-03 1.017314301338937202e-02
-7.233474713727665664e-03 1.413534994745395575e-02
4.259448820938796856e-03 -2.756513781808878072e-02
-1.956866460066186697e-02 -2.190468954983675401e-02
-2.911624486086021590e-02 8.739645467034820418e-04
-4.254279119031549941e-03 1.015370630690374219e-02
-2.834134471257571120e-02 -1.087672781755117182e-02
-1.083068242698720460e-03 1.445501176168457330e-02
-2.062731335787349948e-02 -2.040781677072492015e-02
-1.315979787548150759e-02 1.138884363038018301e-02
2.788462470425419337e-02 -1.644444330348789410e-02
4.333266126945669802e-03 -3.931433993764568702e-03
2.325848843367680011e-02 -2.383479169885291578e-03
3.237458436426995587e-03 -7.699283164032435546e-03
2.986482902310163418e-02 1.146781408131413577e-02
3.255587566182028408e-02 2.937967245191553181e-02
-3.965338148352845482e-02 -5.404407583936339131e-04
2.511293523438072953e-02 -2.195301833063481936e-02
-1.686051200879469568e-03 -1.410245106736270591e-02
-1.577780329775243379e-02 1.815651280318145849e-02
-3.669220310316819583e-02 -2.353729031815469247e-02
4.780607838108909269e-02 2.067746988949038106e-02
1.313978948942489886e-02 -3.114505226285540010e-02
-4.875682524334465601e-04 -1.215174122691503426e-02
-2.979214503446617548e-02 -2.206961633466582653e-02
3.320913400160505069e-02 -2.167401489670400805e-02
-4.579251111466454277e-02 -8.988334848978166147e-03
3.144006174003929899e-02 -8.711372279791898196e-03
-6.512817779834018106e-02 1.519618136938645329e-02
-3.467832109961635836e-03 1.478013639621119117e-03
4.263404537804710293e-02 -6.001506920279512519e-03
5.096758473054609218e-03 3.577792728741172046e-02
-5.169080102266156206e-04 -2.947305249932728397e-02
6.549430699644803212e-03 -3.834396919104090477e-03
-1.865929419478223189e-02 -1.620295410709305522e-02
-1.339482457005751817e-02 -3.110962555210160241e-02
-6.624286752279285803e-03 1.373329638349638122e-02
2.182116832126155398e-02 -1.206551908587565058e-02
-1.135464052632235602e-04 3.088461943561582670e-02
-4.402276073177322641e-02 7.551524062849247071e-03
4.306420689800679463e-02 2.128189829549204451e-02
1.706092568571859411e-02 -1.765404816364428073e-02
-3.182703618647376997e-02 -6.308290368065439489e-03
-6.155859174568646501e-03 1.364307325728222539e-02
-2.134792731933182752e-02 4.013887379492913493e-03
1.287570757796818732e-02 4.506767789316996377e-03
-2.260963270184579779e-02 1.417365745315080257e-02
-2.671819558831836899e-03 1.995518561531012605e-02
-7.033748585360727335e-02 1.222926747747282543e-02
-2.633726377838116126e-02 2.859235577121948331e-04
1.605365487897118847e-03 -1.613129663896995577e-03
9.339014709009026485e-03 -4.442242420213713544e-03
-1.983961391437491853e-02 1.984961760891535906e-02
-4.750204108386721358e-02 -1.910119364046990523e-02
2.175955408188641124e-03 1.446312000556598809e-02
6.134171093980407552e-02 3.310522482688128820e-02
1.794946571564246668e-02 -2.586510542218509873e-03
-1.740188961957976968e-02 3.632717408245479673e-02
8.632419356728326682e-04 1.399700131809924510e-02
4.249038229664778288e-02 -2.648744815467109909e-02
-2.989105303200387601e-02 -2.620084131252629206e-02
-5.432386275435660550e-02 7.895483617115731795e-03
-4.951339080094930602e-03 9.322912633693848303e-03
1.557725550521953974e-02 2.018524780850282363e-02
-1.287517839446365199e-02 -2.947291462001475765e-02
-9.611745569644329634e-03 1.792591055383282311e-02
-2.795085806776290843e-02 3.245600213029223302e-02
-1.773785643643607454e-02 -1.899359044700722754e-02
9.307040391247490066e-03 2.869104658949435741e-03
2.748520310437737799e-02 -1.629065061148493587e-02
2.310097906015425376e-02 -1.137669260208383146e-02
3.354596154548679376e-02 1.625435758110704842e-02
-1.855369081808338691e-03 7.424629876188524160e-04
2.061435190405146861e-02 3.257416342300492595e-02
-1.762704283025769841e-02 -8.350439096685880955e-03
1.992327437822691630e-02 -8.833332226219795663e-03
-4.298970964917873255e-02 1.481087315146299190e-02
9.372535995372360254e-04 -2.640683233801374361e-02
1.961663910335564170e-02 9.360085682092057074e-03
-1.615334567949937294e-02 2.783034572201613030e-02
-3.364473758441815197e-03 1.355067894207737447e-02
-1.767840732538794590e-02 5.834383607298362917e-03
2.756046452725329290e-02 -1.001684112170602749e-02
-2.156476894867459526e-02 -2.308985900257222446e-03
-5.357277095661173993e-03 -2.411406018571267407e-02
-3.499160891365828228e-03 3.365537267497047992e-03
-3.373064746275638431e-02 1.857954531859233507e-03
1.238506733032425366e-02 -1.303298097391342517e-02
-3.559167585419503038e-02 -7.748007069946780470e-03
1.417176729660615635e-02 -2.801818683773149923e-02
1.336411322754993761e-02 4.318227562448926499e-02
-2.432051446657471430e-02 -4.136925462918399424e-03
-1.349899413378877373e-02 -2.181197719910416694e-02
-8.121981094586382469e-03 2.906870171894555648e-03
3.347885416281958654e-02 -2.215032925737442024e-02
3.491620242503944843e-02 -2.391446950588354756e-02
3.723862418266412917e-03 -1.163620987527364155e-02
4.398607102669335051e-02 3.136804273664856165e-04
2.116351493139381583e-03 9.647014372286008208e-03
5.499659242100819918e-03 2.419131478717879633e-02
-2.318407669431494806e-03 1.850477939028313465e-02
4.296704593421259849e-02 -7.103826986660920217e-03
2.245452167785489186e-02 1.883388886617391646e-03
-1.485700874371326599e-02 -6.414792668163032605e-03
1.195530318353426463e-02 -2.084551666952134605e-02
-1.214876332873575555e-02 4.545108174151490238e-02
4.787239245392490433e-02 -1.257056875053056896e-02
2.776435173522481814e-02 2.357914731508544900e-02
-2.285368647214018265e-02 4.185502810100071892e-03
3.970598496193905591e-02 6.928861999907723161e-03
-5.437376099093130244e-02 2.121598910330889810e-03
-1.930528946398345474e-03 9.546273938027750178e-03
3.824851196977009649e-02 -5.866247756160811698e-03
1.987065288827355794e-03 -2.263047661599986923e-02
3.637072298727347941e-02 1.823426394596535955e-03
1.369089074938287416e-02 -3.579755650516162208e-02
1.177199036700229441e-02 8.350851282632163614e-03
1.101093266106965493e-03 1.014226664465100840e-02
-2.463833656354497137e-02 4.896095511903104588e-03
-6.645228581689489530e-03 -1.814107964647333066e-02
-2.294897159237375278e-02 2.799497783990130377e-03
1.432410266927500522e-02 -2.343655237205941044e-02
-5.762565166006759402e-05 -3.109015055057152629e-02
-6.238183188301497928e-02 1.081693056021126517e-02
-2.199118383906643881e-02 -6.330773875129319314e-03
5.171824860010652142e-02 2.945710314267283025e-02
2.982810963200125190e-02 -2.567995863314271807e-02
3.560927143683459851e-03 4.066999109464113776e-02
-7.336597153088383894e-02 2.202875157393432634e-02
-6.539891388901544755e-02 -5.122149937165342178e-03
-1.699804920264816332e-02 -2.258106137665606694e-02
1.326013303550612615e-02 -8.886097414472056422e-03
-8.735058233683512183e-03 2.206045894924396969e-02
1.372991946550546766e-02 9.193833967231524471e-04
1.323064757297873553e-02 -1.215460988466383202e-02
-3.058419939086411479e-02 2.637885758814710602e-02
-1.679245408232010392e-02 -3.873690899012403877e-02
2.611273075007643912e-02 2.519547879506622151e-02
2.393734561584832596e-02 -3.601402278564837245e-02
-1.849356490510038753e-02 4.096840428039632415e-02
3.137696313538365644e-02 1.469067033726410669e-02
3.399503163489787927e-02 -2.854314536809220149e-02
-1.364045245417232037e-02 6.923298476683738961e-03
-2.355548632249760636e-03 1.467125983147392516e-02
-9.357787458205988132e-03 -2.374455249500007081e-02
1.433318632072801482e-02 3.799256971922695091e-03
2.409412269187965680e-02 -2.909866513199461935e-02
3.596529566764599534e-02 2.549748473359543868e-02
-2.091702699053303929e-02 -2.208925431699351044e-02
-5.907689418434971390e-02 -1.673342463800862705e-03
-2.495167360391180658e-02 2.444189828780206700e-02
-2.996551970442972931e-02 -2.513165150569998674e-03
-1.709484234929081747e-02 9.811745881242993697e-03
2.490363307067390564e-02 2.672639694095331128e-02
9.716241025047249458e-03 2.684844545184601403e-02
-1.423244661453595614e-02 2.028199992585661728e-03
1.298526737802996366e-03 2.546186812612960190e-02
-5.230240844514344456e-03 4.908300103642738998e-02
-1.748187300007905676e-02 -3.522506367016747103e-02
-2.316647067780882446e-02 -4.686054392629709388e-03
-4.291997799210467424e-02 -1.782386916598092735e-03
2.490275489636173314e-03 3.261173940620570866e-02
2.834292700638492944e-04 3.838028335032377548e-03
3.902222805078421619e-02 3.560227406671342444e-03
-1.996642700838967277e-02 -3.432187530640390307e-03
-6.885112180278012660e-03 2.283341064001340182e-02
1.196454556625342960e-02 -2.044137326234522073e-02
6.608125616952120751e-02 1.943012953278282565e-02
1.132688035519494041e-02 1.675989022137798837e-02
3.234015902686902897e-03 8.510231177555872828e-03
6.519572728548459145e-04 -6.413828601325876136e-03
8.973465076928140854e-03 3.042446704370455751e-02
-2.071644927977744563e-02 -2.245263727051052816e-02
3.481551364991496145e-02 -2.970412984566919712e-02
-2.723132044059030712e-02 -7.839632172918062705e-03
-1.723115531869552630e-02 -5.734365557343541926e-03
-3.802491730415820392e-02 -7.816907003461957826e-03
-2.852611023097666176e-02 -5.389099176442585862e-03
3.672518814831321476e-02 -2.016250330273087338e-02
-7.061566512598860951e-03 -2.791609506763506610e-02
-9.565553309899360590e-03 1.199608940549122538e-02
3.838391031204756165e-02 8.906833497803461064e-03
2.698117429120303837e-03 -3.592029729862262349e-02
5.158758344543581953e-02 2.699055294510072263e-03
9.389485955058739924e-03 1.761462382179289615e-03
-7.369615337652671294e-02 1.390035572399763580e-02
-3.547082055443739890e-02 2.205333536014976079e-04
-5.489995074966637183e-03 1.105192673824461659e-02
-7.806552425968407705e-02 5.319915829505902048e-03
-1.821910511686337247e-02 -9.446710606576145738e-03
1.398329148659436562e-02 1.349735297584095037e-02
2.227653859686630142e-02 2.824461552160900668e-02
-2.617851245853984599e-02 -3.046458634845693528e-03
-1.057043195505982802e-02 4.661745395719336937e-02
-1.224412307719344520e-02 3.915407599863766214e-02
3.912434626287089601e-02 -2.079831569933622559e-02
-1.354444791008457740e-03 -1.698032968885595725e-02
3.048827942725419043e-02 -3.741116265687068407e-05
-2.108197097482261001e-02 -1.235192411334165401e-02
5.321618830605670536e-02 2.582631499621715690e-03
2.097256476810623049e-02 9.679924184120331301e-03
-1.866832418560880613e-02 -1.759902420496166353e-02
-8.693029602379593809e-03 1.081296277398528100e-02
-6.288640236059190279e-03 -2.254817652127543912e-02
-1.990295164478667403e-02 5.580786830718566238e-02
1.427602363700452258e-02 -2.587955854914559053e-02
-2.119982131731818278e-02 2.263392427854929792e-02
2.138873565874733346e-02 -5.673224454932151127e-03
-3.028839101809875298e-02 -9.925610256710551763e-03
-4.316157244672515908e-02 9.558213232663982997e-03
-1.340346718509218341e-02 -2.681126190607619614e-02
3.766035460711852911e-02 -8.230914745489084942e-04
-7.923634088379897730e-03 1.389124103707953424e-02
2.810370368459786869e-02 2.707895779020070420e-02
1.664164720161978930e-02 -1.297162319192858050e-02
-7.203815765646641271e-03 1.250738918717225062e-02
-1.960584341324488056e-02 4.874804294271496696e-02
1.142876773200439573e-02 5.279125553743383575e-03
1.055070618349752444e-02 3.539662806696079744e-02
1.245311572546009202e-02 -3.155172693266280332e-02
-2.868754333911544691e-02 3.075704873520063165e-02
2.288920394036672579e-02 3.246546122482001778e-02
-5.529645041758938021e-03 7.266443900684649727e-04
-1.256502536971450257e-02 -2.574195761443846125e-02
-1.954181122465278517e-02 2.780255999989304609e-03
-6.725595621779408353e-03 -1.880245108766910903e-04
-1.767932973445785275e-02 -2.320669218919656218e-02
-1.343115221843596899e-02 4.198882676538305547e-02
-2.439376232405310319e-02 -4.036300496902693082e-03
3.392898984750033348e-02 2.042933750498034107e-02
-7.831786759792676994e-03 4.290853565306721427e-03
-3.929553509302532305e-02 2.520665918335828013e-03
-1.248480908178263224e-02 -1.926677646496905913e-02
-1.742491240886521672e-02 -1.041985821792540921e-02
2.342494685717686279e-03 2.740121777995461680e-02
-1.754998081404787660e-03 1.789449798354398463e-02
1.238375294510722646e-02 -2.186612970592158312e-02
-5.732044133838966760e-04 6.292241442510285859e-03
1.634909263984952749e-03 -2.492859650195461060e-02
-4.596475635326343658e-03 -1.737081261513522554e-03
-1.538414407579326119e-02 -2.563554872398582027e-02
3.044288083162243266e-02 1.188712674257107714e-02
-2.388923072271994033e-02 -3.373450108172195566e-02
2.151732852503593363e-02 -3.306071607052564476e-02
-3.712014401185872309e-02 -2.118717082577870059e-02
2.032491977300466234e-03 -5.942801194731675389e-03
-2.650186729130750776e-02 -9.198382428165030947e-03
-1.108727871866488617e-03 2.835527843252605082e-02
3.936919038338610594e-02 2.181480446861850872e-02
-3.835508416769526502e-02 -1.743279562883375336e-02
-1.169794421265527885e-02 -3.076653642665739576e-03
3.371186295726032872e-02 -3.533036509660468592e-03
-2.759947496130827835e-02 -1.666010794133511788e-02
4.253955271597948534e-02 -6.443147847922080403e-03
6.739304716205187819e-03 -3.426461002807202477e-02
-3.877953528444127995e-02 -1.877836991312961971e-03
1.540752886845682228e-02 -9.743997645329757415e-03
-1.687922221677121224e-03 -2.783420086521684253e-02
5.562821371825576316e-02 3.008049869617470881e-02
3.972765838394830273e-02 1.236070567425136095e-02
2.336961872395604961e-02 -1.536197043197141607e-02
3.423504326270179060e-02 5.070489301884755981e-03
2.679454700294765790e-02 -2.219200522675070578e-02
-1.060073832392219133e-02 4.218207767773361240e-03
9.782845778469691569e-03 -1.359995332823211479e-02
5.920864608945224615e-03 1.912878232140894849e-02
-2.689179004849989035e-02 3.513463345076534017e-02
2.350398247545855412e-02 -5.363355322680419916e-03
-5.898870998077511332e-04 -1.276956434488451218e-02
3.901555247531995202e-02 -7.571575269209487695e-03
1.724352902837239868e-02 -2.960860249889432985e-02
-1.632617079195149146e-02 -2.743967152175280644e-02
7.275709372080780245e-03 -2.888910115773470066e-02
1.275012570208950737e-02 3.235344362699528464e-02
-4.855151623312921327e-02 5.257824290693216378e-03
1.468731512024470075e-02 -1.022648636883283745e-02
2.564150595263376547e-02 -3.329004676772352733e-02
-1.629220110134523697e-02 3.910298088066545578e-04
-1.675049207500919901e-02 1.421594322882526427e-02
3.836799976389695249e-02 -1.657257910056663536e-02
7.045884403083555771e-03 -2.391089015053192782e-02
-2.664085839833245373e-02 -6.398006846382957129e-03
4.268130785882614381e-02 -5.188449514028906605e-03
3.678737347115248330e-02 -2.886163634056645652e-02
-3.312817385590492020e-02 1.074216690609985231e-02
-2.836843604316107922e-02 6.675761536639575333e-03
-1.834610921729331809e-02 -6.025264266237759063e-03
-1.518905249680918557e-02 4.819533453639854303e-02
1.364143693047353140e-02 -3.605180401083038499e-02
2.120261030968537477e-02 -2.584426316788964936e-02
6.183584633175359668e-02 2.003972245207716329e-02
-1.322466198620243262e-02 -2.065666468119784285e-02
-1.516281101783302672e-02 3.155245153301340644e-02
3.927649492222352184e-02 1.662763954226646052e-02
-1.968869059536517557e-02 -3.207098927679321448e-02
2.243665250869778666e-02 -3.014722927377498987e-02
9.372748815611209620e-04 9.819213818490801424e-03
-4.191571252013875232e-02 3.576835651082059357e-03
6.094765914635974849e-03 -2.293497908484664477e-03
3.525232643019454021e-02 -2.610106733197266847e-03
-1.006607952993038638e-02 -3.144530292948933409e-02
4.200384004758406231e-02 9.607427630507322982e-04
4.342007757786590927e-02 -7.463290397570403276e-04
-3.001087552268853070e-02 -5.477919860821763194e-03
-2.313812131966268152e-04 1.054086209960755291e-02
3.715243721470561089e-02 -4.875291863129944600e-03
4.819782349238858205e-03 -3.096708539571201187e-03
-1.551167887020006401e-02 -1.558584626427509182e-02
-1.015912532203416471e-02 -1.278066446459077401e-03
2.239260029981635786e-02 -1.278189310564087008e-02
2.521886416272444906e-02 -2.706984442998678839e-02
-3.984977793076956328e-03 -2.480381830122336401e-02
2.440388093778141781e-02 -2.107393541755033656e-02
5.873973408616689484e-02 2.056484893198841715e-02
2.666340713795058853e-02 -4.559106285815326537e-03
1.145569066690669754e-02 -1.568246718537819441e-03
6.192739896309384408e-03 6.836264941084494069e-03
5.147899929439635897e-02 2.888376608191754041e-02
2.988078493726421814e-02 -2.803894331950106122e-02
-2.707580711104884061e-02 -2.289154130898404110e-02
-2.774877283838904710e-02 2.829518585332010255e-02
-4.480699683349314080e-03 6.478079905837996061e-03
3.248716615299333810e-02 -5.206820507031623309e-03
-9.796088430841697059e-03 1.159430530549672086e-02
-6.636257056428306045e-03 1.510334420980156099e-02
1.802987101098927486e-02 4.404839347338553035e-02
8.897604953013579440e-03 -3.335940937839225462e-02
-8.301382600525262709e-03 -1.832507908817598364e-03
1.894702242955948260e-02 3.743141597365810119e-02
-1.823293266748848493e-02 2.378236520987707034e-02
-2.389070911773114123e-03 3.436055409059111942e-02
2.488019481367806374e-02 -1.620738447854630851e-02
2.657616440853202006e-02 3.010499041862927175e-02
-9.808723832852648053e-03 -4.074408427075885269e-02
-3.116962904041846449e-02 -1.844497949827793998e-02
-1.514940859573917463e-02 -3.849525046519891580e-02
-1.808718172367576940e-02 2.637285840186309391e-02
5.685845541816374020e-03 1.509304391613817964e-02
-4.671127274892154790e-02 1.060000019544264822e-02
9.022598676420766350e-03 -2.948854232815197388e-02
2.760412958657255250e-02 -2.560656897150699954e-02
6.921238344381288807e-03 -3.534089496901702404e-02
2.656344484106886242e-02 -5.882917713989350809e-03
-8.516254398930105107e-03 3.356631256610154244e-03
3.235539841085546819e-02 -2.255706113683848130e-02
1.753642527603129983e-02 -2.196103375277900019e-02
-1.121066366964855281e-02 4.428749917373406286e-02
1.916880809679303351e-03 3.090071269660543338e-02
8.978150965841671461e-04 1.040621440555423820e-02
-3.926453479780941426e-03 -1.481755422249366252e-02
-1.540562696619085861e-02 -2.333166692764151659e-02
-1.289813001514458074e-02 -2.092394070405101739e-02
-1.707987387667183460e-04 6.336064371347214022e-03
-4.607472538325155763e-03 1.042803424381251454e-02
-6.565636105436077966e-03 6.367563617965632083e-05
-2.938341194569855930e-02 -8.555095878220692757e-03
2.576162231208431463e-02 5.805319298017970302e-03
-1.156783829637257448e-02 1.632859215471108016e-02
-7.309236716182974242e-03 -3.247028837051134376e-02
-1.343389436003468961e-02 3.218778826116677934e-03
-6.362111352472987584e-03 -4.362696185682309047e-03
-7.186035463163705644e-03 2.621799438926800813e-02
-1.447754220999015497e-02 2.086040151016217356e-02
-4.912026256809374353e-02 2.906071843883717334e-03
-2.432347652359157994e-02 -8.409268511872701468e-03
-2.163925650588243571e-03 2.787105938042154594e-03
-1.137387088546783047e-02 -1.228554395430346731e-02
-2.153474195192249183e-02 3.588399517410612439e-04
-1.499362230254002587e-02 1.923297648489918563e-02
1.142231418315405164e-03 -1.661571969331937515e-02
-1.509690668703701777e-02 -2.000815665660684792e-02
-6.728484347242739971e-02 1.583231075132879306e-02
3.316111333220592844e-02 3.163535190025282273e-02
-5.670619184571659699e-02 1.776878863085597920e-02
-2.925609107005875645e-04 3.139415217104804621e-03
-1.547658091235240563e-02 -2.994553417383732929e-02
4.593012931532225451e-02 -3.592972879818327400e-03
-1.022017841991092364e-02 1.310357441498928577e-02
2.588982574362981917e-02 3.446421731877715583e-02
4.424358406295245127e-02 1.077084751232024705e-02
3.267256931350570603e-02 -2.706840210179172965e-02
2.914206252935153812e-02 2.889391532401143145e-02
-1.364503646735368628e-02 -7.404649767493398605e-04
4.536374637137512156e-03 1.696070883846384145e-02
2.605376535550581185e-02 3.124103655037047816e-02
-1.754011617953044055e-02 -2.982570928577215480e-02
1.441155119836190620e-03 -1.054273159811949974e-02
-1.605247153831977983e-02 -3.404991963185133221e-03
1.531496860788128739e-03 -5.230526724197853694e-03
4.268235758627532753e-03 -2.639717499826008812e-02
-2.961899555396219769e-02 -1.000566334953464573e-02
2.174685178578811620e-02 2.016839979625144330e-02
2.657319640238622882e-02 -4.087949297759217032e-02
1.146283241007330263e-02 -3.810996511314187346e-02
-5.705406573491369517e-03 3.989872768855717844e-02
-1.402530841709019593e-02 3.712038358593092689e-03
-1.378888498606100320e-02 7.190405417357938547e-03
-2.231131698386368267e-02 2.582572966601652878e-02
1.769908757540378241e-02 -3.465683448570729824e-02
4.078379129990703650e-02 1.486314285361582969e-03
-4.404517789229518698e-03 -2.988949584538031293e-02
5.889066128957411465e-04 4.865136484668817346e-02
-2.266346292813033181e-02 -1.437060809616168798e-02
-6.127333569479105797e-03 -2.918032734545357790e-02
3.418257427956458011e-02 4.919540104384811235e-02
-2.032273125943071662e-02 2.373197349375206003e-02
-1.568484450450238418e-02 9.592638904933429309e-04
-7.517768650213804867e-03 -2.155400896229701588e-02
-3.478783344461675031e-02 -1.456588797252020284e-02
3.642671376024499141e-02 -5.711210627232160726e-03
-1.209170473629112876e-02 -3.250196841816314908e-02
-1.687785001099629091e-03 1.153547827623147698e-02
1.651685699690630263e-03 7.924305241853009385e-03
-2.664682654522491229e-02 -6.756014288959422652e-04
-4.908742241660439543e-02 1.257617708913025094e-02
2.813399331867625502e-02 -1.842216383520287395e-02
2.049919758906419351e-02 1.292580013333695203e-02
3.138528058513679470e-02 1.354794931250756680e-02
4.711624992864663075e-02 3.502030150397711372e-03
2.105069324879019210e-02 3.414894223503164850e-02
2.219924424333219459e-02 2.564938543649620400e-02
-4.319319831713910179e-02 6.996269030523836335e-03
-8.918667114859921835e-03 4.825226636831275728e-02
-6.716835205209206391e-03 2.487368206714924909e-02
2.742819356297016009e-02 -1.551334811998595145e-02
4.917881184132174427e-02 -1.391393618872207617e-02
3.872388741016934144e-02 -1.891628721556559353e-02
3.367083667097253707e-02 -4.111630853319555115e-04
2.811583964488897219e-02 -2.220179591539093999e-02
-2.215596439062857831e-02 -2.346765347453287978e-02
-1.976718445168738209e-02 3.892556111105149874e-02
3.156438512642582156e-02 -2.112364725125414830e-03
-1.789140087206312832e-02 1.412866573243155149e-02
4.119232005887657477e-02 1.037793035548274789e-02
3.501573900047107168e-02 9.894576498945470422e-03
5.088043995239835415e-03 6.352512130110381933e-03
1.203052427748814261e-02 3.279569349429467973e-03
-1.535621120920826511e-02 -5.632451056010949475e-03
2.535705350413360037e-02 -1.525344832273578533e-02
3.270783793148129837e-02 1.240364734953391945e-02
-3.020035832356633351e-02 4.428694735442354098e-03
-1.056318323047064633e-02 1.002479612999202484e-02
3.271617774420583491e-02 4.975770304842282860e-02
4.451938877471676298e-02 1.723222689388839365e-02
-3.631745037025199685e-02 -6.715645580206658881e-03
-3.696542694828892917e-02 3.247985822001184242e-02
-1.459131988036076015e-02 4.096833063366770410e-03
3.013971441484926406e-02 1.748107187785170186e-02
2.867747877748756083e-04 -2.736979966335909009e-02
-3.854244435250535339e-02 -1.774747790341761958e-02
9.273956712240755823e-03 -8.496886133802729682e-03
-2.261502506626792905e-02 -1.668358750532883449e-04
-1.335654582883731394e-02 1.264566414093476823e-02
3.693060220460651910e-02 -2.159430190784272785e-02
-2.235772399637325769e-02 3.876880181286940230e-02
3.751649106927651411e-02 4.000052958000897829e-02
-8.160875876800095796e-03 2.711747008308797689e-03
-9.674523435876635977e-03 -8.794102031871002187e-03
-5.107128822759915594e-03 -2.862526925641318415e-02
3.393629937230787513e-02 -9.525559428657735458e-03
-2.487881263729547696e-02 -1.000909270587526691e-02
6.038426403726463235e-03 -2.697538226790014912e-02
3.356931221406983523e-02 2.679769279721630829e-02
1.628815648716192346e-02 1.797359293067601199e-02
2.800380444148499112e-02 -3.620641144460470112e-02
-4.053511508619525583e-02 6.507152862945895719e-03
-2.615087100801020623e-03 -7.602416984764534535e-03
2.569050141936845763e-02 1.790890096712252633e-02
5.438700826586138383e-03 1.690733143307861577e-02
-3.824448349497509142e-02 -1.374085981342531258e-02
3.413870843755043016e-02 1.297636947685456600e-02
3.497678407030885284e-02 -1.033964059388919540e-02
-7.890236507684417200e-03 -2.541994220845994815e-02
1.290534600254857923e-02 5.257763272780509485e-03
-1.182854724431697683e-03 -2.158335593783908268e-02
-1.708177165584584545e-02 -5.296520864007390680e-03
-2.212137394949916999e-02 1.644089245462727542e-02
-7.935354219606716858e-03 1.112456987512216305e-02
-2.260316163877281164e-03 -2.660141964288195021e-02
9.277097493972215336e-03 1.466000898930458485e-02
-9.883781413901917418e-03 5.960825681069955966e-03
5.481905438034168770e-02 -1.361461911917889300e-03
-2.652920217694887395e-02 -7.536563026127151253e-03
-2.403817849257366621e-02 -2.468560724225165454e-02
-5.160396491738347691e-02 8.510468946214329311e-03
1.229428308774029033e-02 -2.835713198966951371e-02
3.908300599384248453e-02 -2.377480848428303178e-02
2.446648965068621770e-02 -2.028256411107919738e-02
2.387018179472736798e-02 -2.103219254937322476e-03
-6.137015047085264512e-03 9.795014694677302985e-03
-2.962496116700616411e-02 2.440366360205378782e-02
1.302088211938004763e-03 -3.734573233954777138e-02
-1.932325931119747205e-03 -3.372921357218513355e-02
-6.563318568716906311e-03 -4.107065639310758759e-04
3.527362606236216641e-02 3.029462224621746677e-02
2.102981870482228260e-02 -1.933692632236394190e-02
3.831798087739825276e-02 -9.454984171590404690e-03
-1.671208957196003647e-03 2.290893339334004481e-03
2.204361362038094983e-03 9.118935853085893481e-03
-3.999329430748984476e-02 3.301470442563606000e-02
1.394813547145791737e-03 2.679214045246574097e-02
-3.607075565592801625e-02 -2.061553762472068466e-02
1.408245954429279516e-02 -3.177826278275707600e-02
-2.932707690210776749e-02 -1.649986168089982719e-02
1.149774578143070505e-02 -2.678131105633718353e-02
-2.700484009440785177e-02 1.187400211647213905e-02
5.651385222806137865e-02 2.482748623105007421e-02
-2.883935806444002173e-02 6.288108760155479079e-03
-3.337851397972887296e-02 -6.259361232277435745e-03
2.543130793298242764e-02 -2.919175462492933082e-02
2.942107503912069419e-02 4.968336381579716021e-03
-3.495292511662020929e-02 -9.270928411664479743e-03
9.294588488502808846e-03 -2.569164596992642990e-02
-6.517007675812751255e-02 4.088562086916188235e-03
2.837929877171153914e-02 -1.242947554449577892e-02
3.694204007920096761e-02 -5.579585095482898251e-03
1.306189531587440694e-02 -4.531500375008222330e-03
-1.558983395924063743e-02 -1.968383475392070092e-03
-2.117078729666979631e-02 -2.120906303680150651e-02
-9.585081733027763992e-03 -9.815276190863437417e-03
-3.816546597703612126e-02 -8.764554800113413813e-04
-1.969124200978820960e-02 -2.448086433337177958e-02
-5.299463006318281405e-02 7.010880733743490162e-03
-4.876999602369759546e-02 9.991364707348066379e-03
-3.391392261644084020e-03 -4.089091354958821443e-03
8.607702218587896543e-04 1.356624702919643176e-02
4.003670434069389605e-02 2.481237182562165064e-02
-2.979885526955258768e-02 2.358221120536010268e-02
4.321538413081830662e-03 -2.804022204675604008e-02
1.179295107151437198e-02 2.845352284872300439e-03
4.619062215762115807e-03 -3.633934817245838399e-03
-2.939637007293745968e-02 -2.364986763154884597e-02
1.033566636866318708e-02 -3.187515680317374450e-02
2.800366290238317721e-02 8.451059020702983079e-03
-1.253652176454649048e-02 -9.290565748005137625e-03
3.014414716557218057e-02 2.951832956905339408e-02
3.002829574288038914e-02 -1.610955130832962198e-02
-2.170387093382914953e-02 4.260411356053445814e-03
8.907171727099722630e-03 2.426895785810145780e-03
-1.439638222633446082e-02 1.464164189473286630e-02
1.236476595017247868e-02 2.035852082099666102e-02
2.896339592435362778e-02 -2.558641098798488528e-02
-2.031887450295933109e-02 -1.342478860531267151e-02
-1.542491561873983452e-02 2.581327634430361558e-03
-4.801841912792642955e-03 1.256053132690561694e-02
-2.650165492964397587e-02 -4.633137644041468439e-03
-2.048122463414360842e-02 3.337178519042215564e-03
5.474522297715594954e-02 1.124200629104909685e-02
-3.217354294098363071e-02 3.426451299272721169e-05
-2.689543483691390555e-02 -1.650211978477451880e-02
-3.296215428988158447e-02 2.128288923380810063e-03
-6.208429930019189469e-02 1.252175298714071176e-03
2.091963097881733430e-02 -1.479414911631449225e-02
-3.459032091853605356e-02 -8.703900045141233291e-03
-1.945318041404225581e-02 -2.078407702033599480e-02
4.478132336290818229e-03 -5.649980903758974535e-03
-2.587005747958721208e-02 3.682426878546544904e-03
2.573907532589660152e-02 -2.678799272042098334e-02
-7.048784099693074234e-02 9.241891545579238379e-03
-3.608224189957631375e-03 -2.810200270716948709e-02
3.468227070594420008e-02 2.096096281685584563e-03
3.697532974869971456e-02 1.579165548513335226e-03
-5.691604100321406151e-02 7.796489567581962529e-03
-1.862616114027265679e-02 2.389834003649333669e-02
-3.046663402012192868e-04 2.667788375191658748e-02
-2.999532150296081636e-03 7.033872938495958071e-03
-2.949663434187335675e-02 -4.649130004050046339e-03
3.979713644091773667e-02 -1.916311019345660459e-03
4.983277693765945926e-02 -1.125665217531558737e-02
-2.149468939639120196e-02 -2.414578441493625202e-02
3.221815339237395215e-02 1.115302654809986228e-02
3.425085105123368279e-02 -2.203191810874756754e-02
4.883620209609163335e-03 -6.659918047619028426e-03
-1.159945485831625914e-03 1.604312099323048149e-02
-1.568066377150727220e-03 -1.196342325074384490e-02
3.690537670749028526e-02 4.917003339779382060e-02
-3.213424738062593822e-02 -1.624984566812703174e-02
-4.051430946817216605e-02 4.991193968708953002e-03
-2.273924490304699703e-02 -6.071729780656295351e-03
-1.051588937715343224e-02 -2.281845203058856589e-02
-1.446349110387909649e-02 -3.226782389058092948e-02
-4.837289400195599574e-03 -2.622324841002175375e-02
3.407902188075531691e-02 -4.956253784449461859e-03
-3.926470370555863731e-02 1.348920589678850434e-03
7.325771093287664938e-03 1.291090911173744214e-02
3.957637046914755374e-02 3.417183176804638317e-02
-9.185857438410697032e-03 2.794350305212890684e-02
-2.623737199944784979e-02 -2.598698292048139125e-02
1.870604244156602244e-02 -4.723118989117073944e-03
2.598717771381939268e-02 2.525665269840783947e-02
2.467854245397440791e-02 1.150483409826688792e-02
3.194699553638750272e-02 -1.614860792848129764e-02
-3.649003405745953466e-05 -1.030912587183675615e-02
-2.876125411883628975e-03 -2.082299410416861563e-02
3.231585485735684327e-02 1.723965785446338397e-02
4.498109030688099419e-02 -1.371135353289800254e-02
4.027089132911786259e-04 5.414584819887094044e-03
-2.315775289313182564e-02 -8.627488739960513867e-03
-4.451078949219236004e-03 9.912737253737065671e-03
-1.506457109726541330e-03 6.096040040882754266e-04
-9.619185649135868904e-03 4.000312510973624142e-02
-2.450912631088207963e-02 -1.310732222291980179e-02
2.975159285674065790e-02 1.083362857348691040e-02
2.019329428251836686e-02 -2.138982790869841527e-02
4.047387376642914286e-02 -1.930321394945160723e-02
3.481348564939236445e-02 -9.543467765155218621e-03
2.439524135776377847e-02 2.871263402805488210e-02
-7.007809141867286408e-03 4.904884645512334537e-03
-2.749589629361758047e-02 1.009653484729385433e-03
-3.352654775366983170e-02 -4.650864488079365332e-04
-9.161904472922744597e-03 -3.164477138053471694e-02
-1.916014464992278621e-02 3.052347960255037684e-02
3.132058189066930232e-02 -1.492631230287735228e-02
-8.337794545203038032e-03 5.920812022047015205e-02
-1.657247895569714108e-02 4.606518047636848009e-03
-1.327343391094597605e-02 -2.335080817292070621e-02
2.007186046578121347e-03 -1.533679914593836895e-03
