-2.738013463054190383e-02 5.410342033239394152e-03
-1.003433364670862880e-02 -4.396048775434271277e-02
6.402285052073918015e-02 3.210850478372513379e-03
1.665470388445192953e-03 -1.674596900244134864e-02
1.832544477663090865e-02 1.656518270883354862e-02
-2.131731291659351088e-02 3.457655633875455353e-02
5.290081033559309448e-02 -1.095149242083777626e-02
1.190585065729061684e-02 -1.768319157411767507e-04
-1.217776131410397422e-02 -2.638883526231488447e-02
1.856956994388811802e-02 -1.011719928024006412e-02
2.334163815198972425e-02 2.408376861630737165e-02
1.023359166375360611e-02 4.433925965233662114e-03
-1.625260569231788341e-02 -9.522771126229132369e-03
8.850530104290941016e-03 -1.788435986844369788e-02
4.244515683836241025e-03 -4.183559869121643656e-05
-4.586756045333555826e-02 -9.943046618418180035e-04
2.069961640430964186e-02 2.110813054056859608e-02
2.114291445566322120e-02 2.480367473543400921e-03
-4.907615845318002296e-02 2.960161605780491784e-02
2.443202241565359603e-02 1.481738263323745253e-02
-1.330284691653823431e-02 -2.120586420028979652e-02
-2.846911066301806292e-02 -1.912282591680895816e-02
-2.818072809481758298e-02 8.827165884839860768e-03
3.271863364686587033e-02 2.792897316531317217e-02
2.931061420312630617e-02 -9.425552387198459295e-03
-2.797817357658529541e-02 4.145841081642175595e-03
1.217657698768272873e-02 -1.587436079325132976e-02
2.763071885687514925e-02 -6.068304275966783339e-03
2.615473337066347506e-02 4.522861365454004107e-02
8.038765567366358555e-03 -2.462400077132140264e-02
-1.191347879095305123e-02 -7.538122831071158471e-03
-1.520645695740529060e-02 -2.915295125437316823e-02
3.183968539999464803e-02 -6.113012600341598615e-03
-3.118914370185965970e-02 1.101536242731123404e-02
3.600149593558391210e-03 -1.311147642589309721e-02
1.646461970176683540e-02 2.525782568352423138e-02
-1.642269443195188555e-02 -1.277877117640774211e-02
1.902934938384496025e-02 1.274063793453270380e-02
-4.723424493866328067e-02 1.200162403750186686e-02
3.832691079864783412e-02 6.911313243615660289e-03
8.832609516942389882e-03 7.656257761295109932e-03
3.006968112687998310e-02 -2.523627622164545652e-03
-2.090311330311011781e-02 -1.328461869174909875e-02
3.812139730900849371e-02 1.479201329485833015e-03
3.813775737175195604e-03 2.759484060183346049e-02
6.555251943840836870e-02 -1.833074258174891349e-02
-3.930007111163638656e-02 1.254790532281522555e-04
6.204424949181467849e-03 -8.777094652130638594e-03
1.230119376444200122e-02 5.856180751831317581e-03
-2.298515654025617624e-02 -1.360772018277152558e-02
-5.060703006158701750e-02 -1.744488839719975513e-06
-1.757130949648737575e-02 5.949555404271904616e-03
2.783110164821434029e-02 7.781895630670508483e-03
-5.914770266011747796e-02 1.519718159400772553e-02
-3.259508698673457827e-02 2.732665016830529078e-02
2.146721409314666235e-02 -1.023104772070398440e-02
1.773197894791452012e-02 2.582453064353887329e-02
7.322713485585831752e-03 1.376741223138306996e-03
-1.107477663040365391e-03 -2.158793803274778114e-02
1.797254050597697078e-02 2.265033020775704051e-02
-4.301281209307471903e-02 -8.189506848929526545e-03
1.675096075056967462e-02 4.646050128923287503e-03
1.311267373767123316e-02 -1.689880069347052260e-02
-3.517295729875366539e-02 4.866318989619279655e-04
-1.397194006863252888e-02 -1.261419499950782418e-02
2.079997668437554015e-02 -1.603604339742072810e-03
-4.157922568455826862e-02 1.619162139238774709e-02
1.840033199995725829e-02 -7.166074650202886032e-03
-1.734909197038250750e-02 -1.428979094254505429e-02
-6.251594354251255314e-02 1.536645333973925970e-02
-3.360488375073401868e-02 4.674583202096751502e-04
-1.279151550245985827e-02 2.542855298557976200e-04
3.105798689535866491e-02 -2.119992661784679544e-02
3.336698254210248432e-02 3.034462224873448345e-03
2.566163571955223585e-02 -1.120919365887003069e-02
-2.095406803564607914e-02 -1.606238310189899224e-02
-1.831503024329541110e-02 7.894616325510819821e-03
-1.469373667114420683e-02 -3.202681271728133328e-02
4.882171099197701175e-02 1.515384647904887035e-02
-4.364803984270671650e-02 1.469755462247736982e-02
-4.100140690613780087e-02 7.215818317095929954e-03
-4.018081842532614245e-02 -2.935417815947338055e-02
1.203959971173527554e-03 -2.322600113596832647e-02
-4.511528770134003163e-02 2.163920289195342753e-02
-2.959894173501548958e-02 -2.046048245745744551e-02
6.631277967286059068e-03 -2.011305626141329447e-03
-2.480225749880249006e-02 -9.619043763558017893e-03
3.338339503363144112e-02 -1.175383954351430331e-02
-1.864469465269807166e-03 3.966221924945772018e-04
-3.897417879864461913e-03 -2.212970420710127367e-02
-5.576169880594363665e-02 1.653315610328099164e-02
3.527098281820707087e-02 -1.724231365429188673e-02
8.987615030065959285e-03 1.029175344325493346e-02
5.585135974679419912e-02 -7.885090257851194370e-03
3.180052996483975769e-02 3.788176756328235587e-03
2.517059485345158470e-03 -3.187370476290953686e-02
3.791813999152522652e-03 2.679873130286927405e-02
1.484667689764142783e-02 1.373849755804240798e-02
4.950079786971017803e-02 -2.694197491795465374e-02
3.172860123708284852e-02 4.610076961830344923e-04
-2.769359349377290697e-02 2.774567742097696493e-02
-1.847573180828261663e-02 1.629443845868792874e-04
-3.391518136500533409e-02 -1.701198138957827136e-02
-1.633109825418127201e-02 1.649597589819582974e-02
-2.255006700423355798e-02 4.214500932870309143e-03
2.789557890675091814e-02 -1.928169693955702991e-03
-4.335829875769977443e-02 1.389179205898139098e-02
-1.440481540308976606e-02 1.885305860494179350e-02
1.697318616928960786e-02 6.817387862766448835e-03
4.138574650245947784e-02 -1.292108141481424985e-02
2.331388301638549071e-02 -5.548328536289305439e-03
3.049204893677990094e-02 -1.393510660467820253e-02
2.188547096296802885e-02 9.244520082630075519e-03
-5.487166520456711327e-02 9.262663578370109591e-03
-1.684266975171239480e-02 3.099222022134599797e-02
2.026170102556005756e-02 1.429949837974444499e-02
-3.237629349988627170e-03 -2.429839357429341290e-02
-1.176123904052548373e-02 -2.396492236182805671e-02
1.660052259987940954e-02 1.627927210297184721e-02
2.225011687560245893e-02 8.447194893170608537e-03
-1.360840526737935180e-02 -2.166680305594239839e-02
4.553053603370224925e-03 1.814100949007158524e-04
1.257336280721421500e-02 1.432175041345964787e-03
-2.795057743476121737e-02 2.335474084402427986e-02
-1.709384522240139925e-02 5.956645956060760069e-03
2.528545949272457960e-02 1.017980314252875731e-02
-1.894098966455416005e-02 7.513882910376956485e-03
2.659485472031526774e-03 -2.579242411134709950e-02
-7.109929376979968151e-03 -2.600653855743925713e-02
-4.701714419645466880e-02 4.060330102005594959e-03
2.093562559155537350e-02 -2.555070583977161764e-03
-3.824929603553178098e-02 -1.494329070583341398e-02
-4.056386099080575708e-02 -8.793254831837392718e-03
-5.331488236427285414e-03 -1.953036589033513293e-02
3.396219902021916509e-02 -3.017608582862290820e-02
1.260254724338631151e-02 -2.205124276705856118e-02
-1.455516571746258425e-02 -2.452988367223759431e-02
-3.091010239890958425e-02 2.081681910628893281e-02
-3.102083082032128236e-02 3.586403394255122112e-02
-2.043400726010550714e-02 2.723540757902651738e-02
3.552042463068749711e-02 2.710067048347225560e-02
1.802946353698658272e-02 9.811377618610188714e-03
4.026231828534132702e-03 -2.175014073426191630e-02
3.138543276953868755e-02 9.830341300932471035e-03
3.392282208386017406e-02 -2.356039006184828741e-02
7.241286323994157448e-03 1.398733984627948193e-02
-3.750460400014048873e-02 9.330193097512113481e-03
-2.746519105482072079e-02 1.907671928890349380e-02
-2.859070068657259059e-02 5.835792062767088638e-03
-1.781724792606236007e-02 2.661137734740128685e-02
-3.261931791425760896e-02 -1.501515073113353360e-02
-4.719445868486119716e-02 4.390080596394178164e-03
-3.148338401278870033e-03 -1.276027264640345292e-02
3.512839799803418178e-03 4.018495913113109136e-02
-9.800765546739942727e-03 5.405149039649229797e-03
1.570793050089389076e-02 -1.011515290973021529e-02
5.654854645927099091e-03 -2.715564819290300358e-02
-5.285463120512606805e-02 1.597742492348189908e-02
-1.543956948728105252e-02 2.300134252554611892e-03
-2.976690124499952253e-02 -1.723300444572758300e-02
1.034313838736290042e-02 8.879464966408836743e-03
9.747217963178891539e-03 9.411220597284471537e-03
8.755172894685366025e-02 -8.366282178721108284e-03
-4.605322716051772798e-03 -2.094929121017305093e-02
4.759257027716039257e-02 1.123271882374614686e-02
4.782946667049951112e-02 -2.154955103268447569e-04
-2.736950289908684358e-02 3.635700493208755130e-02
-3.682619370319233977e-04 -3.496379621844469994e-03
2.728713032645248282e-02 5.524727257176081756e-03
4.207718148154227650e-02 -3.201868448592160021e-03
-3.572211937114406349e-02 2.650995378408624922e-03
5.086570335276601601e-02 1.612086751323928840e-03
2.253573530753837442e-02 3.676867103255058999e-02
-2.178758238880503743e-03 1.764857307009799064e-02
-1.745722363670003038e-02 1.360430460102511618e-02
-1.928188579933302546e-02 -9.169004523462309653e-03
-1.798325115449193184e-02 -3.648763036796392328e-02
3.019215930842022999e-02 2.360059517896569148e-02
1.546243053221987851e-02 -2.902788957242944876e-02
2.163757536387984361e-04 3.667029579442179082e-02
6.568810499222849097e-02 -2.906766655921328075e-04
-5.026992515597277639e-03 7.388794449853176155e-03
-7.578283963435888254e-03 1.897743134314524086e-02
1.038120961670289076e-02 -7.021767556530347787e-03
4.240885546383998256e-02 1.681517620892675896e-02
-5.465701374139763508e-02 1.458520511833899351e-02
2.503424570761119197e-02 -6.256550347051663928e-03
3.375051960864196982e-02 -2.036303458259778806e-03
-6.751304222631961116e-03 -2.349566468620350318e-02
-7.992927067500403202e-03 4.157721591960344271e-02
1.029460689677558390e-02 1.286846015705983733e-02
-2.618943269132380930e-02 -7.571546673613312010e-03
-3.358797608014271741e-02 -5.012836210060109612e-03
1.280351824832621881e-02 7.815560979296266517e-03
1.129030127759865151e-02 -1.155514032407564846e-02
-4.667965413042810680e-02 1.922181308498846497e-02
2.104762325035331241e-02 2.501825577602268327e-02
1.346939195267068436e-02 -7.854826469991553137e-03
5.983127133924316492e-03 -1.139318145077135302e-02
1.800150766085217152e-02 -6.021435141985940695e-03
3.496161632266080177e-02 -3.047790880280876712e-04
-1.860007586467544993e-02 -2.139490750240587852e-02
2.555883346434498909e-02 -5.593963624859914219e-03
5.478377789052348186e-03 1.296857707770350011e-02
-2.157790916095377737e-02 -2.078137180392965883e-02
4.447131985828056688e-02 6.780344429793277138e-03
-4.450107117482521302e-02 8.140715391586597974e-03
4.227694508887450825e-02 2.544260029507609128e-02
1.891560819064819210e-02 1.183174013436537157e-02
-1.410249477238697743e-02 -3.610564274721894673e-02
1.237298745227419054e-02 2.674850893853189873e-02
4.463369467899921256e-02 2.096305608397224657e-02
2.055918265177376220e-02 -5.832965485543577418e-03
8.612243861394945285e-03 -2.460025130437301644e-02
-3.833867641718194386e-02 1.571816726688089055e-02
-4.918968564852202463e-03 1.527199854190034595e-02
6.323014957141170206e-03 4.955034200963742003e-02
-9.591960160529685100e-03 -8.011997011490948686e-03
2.740304752396110349e-02 1.716275902736097772e-02
3.149477784680636966e-02 1.087525409607337408e-02
-6.497843095754339549e-02 2.310102959987787169e-02
-3.435191887842962283e-02 9.030654383814106304e-03
-9.341558551715831681e-04 -5.653951666272616014e-03
-1.695659269205480185e-02 -2.367353898497053660e-03
2.295326604217091948e-02 1.068803824470545942e-02
3.604141063562015662e-02 1.392745983245741170e-02
-1.682838227480145180e-02 2.497273487690945815e-02
2.909107371190081462e-02 -1.183910323374095033e-02
-6.248414604175966947e-03 1.348244992024853414e-02
4.551567038450363839e-02 1.635068347429526059e-02
1.704707463435771800e-02 3.190959356043601702e-02
-2.145615495353454111e-02 4.327318134845785824e-04
2.458911794866509501e-02 -1.265796298841081894e-03
-3.364383458162329126e-03 6.458659784559956339e-03
2.203725875132670972e-02 2.119121088581797652e-02
-1.072120077885614989e-02 1.585010643502436645e-02
-3.537146612485362468e-03 1.514011157033979399e-02
-1.942758509592302368e-02 -3.222176847718131315e-02
-1.173667921338681676e-02 -1.979852546926707049e-02
8.043674966787964578e-04 1.811311819662961764e-03
1.024354131083355518e-02 1.381697928519204366e-02
-1.413807653443458802e-02 -3.420865589374156440e-02
2.484469867298176593e-02 -7.369677753425092973e-03
2.941898213584316288e-02 2.383129537430324005e-02
7.027586451952286262e-02 -2.503164130894752759e-02
1.594236555730338400e-02 -1.703996435932795053e-02
3.074152994899030655e-02 2.420047454635883624e-02
1.964991654564697890e-02 -1.989570760759366841e-02
-3.819704986895905430e-02 1.886832685804729765e-02
-3.156255188409384099e-02 1.001037918083257615e-02
-3.018029272169636332e-02 9.261685108835725558e-03
1.299026074215509172e-03 -1.025418991815994080e-02
1.786128648030307214e-02 3.411891948865806989e-02
9.677225216475524375e-03 -2.090891439904158863e-02
-6.988771560435901205e-03 3.391261919415505810e-02
3.381096614300905384e-02 2.948440183120286731e-02
1.112795032230173321e-02 1.151556908465090068e-02
2.193046298651905868e-02 -4.136980590808587988e-03
-3.315913078369884387e-02 1.730643783138443095e-02
3.120264629776490009e-02 2.047029303672319792e-02
-8.427501253085696933e-03 2.770330997889482519e-02
6.286693656404063191e-02 5.563304674405679775e-04
3.516686075078457457e-02 -7.155050605797222754e-03
9.100472006891593274e-03 -7.258037334115176667e-03
2.190328552875941276e-02 -3.136969836371871628e-02
4.922357754439543598e-02 1.617850755237304136e-02
4.328486813782994429e-03 -1.546764818411537276e-02
-4.079588409120112058e-02 7.940965799960193056e-03
3.326478806579255543e-02 3.395248881776159744e-02
-1.849272931955753610e-02 -1.311668314863696609e-02
-3.297933064940507947e-02 9.132585294704511150e-03
-1.000964753516409185e-02 6.870396783169001841e-03
4.234789767470137356e-02 7.813784024732690556e-03
8.537644246192774766e-04 -9.318849647266555167e-03
3.157821678142071209e-02 2.219678487089691774e-02
1.916743200502855557e-02 -2.985601663773342768e-03
-1.257957925611884013e-02 -3.738653381769110884e-02
3.523681460366049484e-02 2.868595592145096670e-02
9.676815471430927351e-03 -3.350907636989375500e-03
4.708034982675093905e-02 -1.861307380501505543e-02
2.893525576328561874e-02 1.247114465423583562e-02
3.900877184641732276e-02 -7.304720034880558301e-03
9.796043202485551701e-03 -2.103125402250488260e-02
-1.972738211969363512e-02 -2.171500678136751780e-02
1.237769083950310094e-02 1.609245538489176633e-02
6.471173111649488469e-03 -8.129991799609076475e-03
-4.889444869701833202e-02 3.964983555665751308e-03
3.761716366284671709e-02 1.042724488874580482e-02
-1.191200865193985450e-02 8.607769162734004581e-03
3.079333822004755999e-02 2.324957215075465142e-02
-1.668761523328834984e-02 -4.931861198197782029e-03
2.179921911652298386e-02 1.269162219183019025e-02
-1.286177096283510658e-02 -2.712269122539451294e-02
-1.502095257107906486e-02 3.484621616232373535e-03
-6.116049982622330516e-02 -7.156282315125941972e-04
2.020914467710062390e-02 1.237824462794196584e-02
1.974614407318332418e-02 -2.233455073220560680e-02
-2.832367324516540941e-02 -2.625571785667679681e-02
1.048057524910581823e-02 -5.179059796801902850e-03
8.324209697698894267e-03 -6.943586675307698505e-03
5.563344288127491238e-02 3.534562296042967258e-03
-3.857990518863139463e-03 2.376362163043554965e-02
2.051554815766116341e-02 8.298592471517499125e-03
-3.176349190836391667e-02 8.749388282365194031e-03
-1.353591950284790957e-02 -2.539686449779933117e-02
-3.683420628856695633e-02 9.595297192563988220e-03
-3.699827389963289241e-03 -1.294798197996781773e-02
-2.337848595962047429e-02 -1.730121664660430950e-02
2.043784943262231743e-02 2.339861921442263140e-02
9.396298859450202823e-03 2.065507806433043454e-03
1.180307725671391264e-02 -1.789308601202473092e-02
-3.507214865609017268e-02 2.565113153624239140e-02
1.638769023973597402e-03 -2.296727997195226537e-02
-3.048145391740836666e-02 -8.110788351990930178e-03
-1.623368900093379030e-02 1.764329589500375191e-03
3.388775341277983078e-02 4.437932864898771340e-02
-7.165373967752123284e-03 -6.559857009302135118e-03
-1.935180550927613485e-02 -2.462958198565346618e-02
1.517593167535915936e-02 -1.765327304529971594e-02
-5.496048619223084519e-02 -3.585043014244412071e-03
1.434210421642687430e-02 8.683897907275174577e-03
-2.109307735761912703e-02 -1.267132218512951247e-03
6.165263646419707512e-03 -2.195591355738175585e-02
1.704134369347420214e-02 -2.287897223927693943e-02
-7.492999111404629632e-03 5.650081521738795770e-03
3.031756402556312971e-03 -1.151264043603085312e-02
5.566696601636860614e-02 -9.211956645877325892e-03
-3.186325550443797061e-02 2.354466455099862507e-02
3.590689709108358524e-02 1.721099740192305605e-02
-4.593187969985945696e-02 1.151060957699719632e-02
-2.138164518789074930e-02 2.421305472320987515e-02
2.474045601538809886e-03 1.381303545419288598e-02
-3.555555989302339182e-02 -1.547877656565127720e-02
-3.611672609061481061e-04 -2.725598491902842674e-02
-4.590485863920323178e-02 2.146231706177770260e-02
6.498206928036780530e-03 -6.066575631676023386e-03
6.410841523974660991e-03 -2.293962927757109069e-03
-3.551344729225350272e-02 -2.092246335096201951e-03
1.811264632206896832e-02 -8.753719007970168012e-03
3.931127990067125738e-02 -3.663981874718078707e-02
-3.053741759226427654e-02 2.222289355107280248e-02
6.780543424968071137e-03 -2.765409843988105368e-02
4.262896740349685770e-02 1.931912010441805174e-04
5.494434728728949530e-02 7.393148014374100428e-03
6.432505016629787645e-03 -1.416534768051707326e-02
-2.552376566093867219e-02 2.150431969399018480e-03
1.683006515535883166e-02 7.465143700781927752e-03
-2.987509476342170220e-02 -4.996291640331176898e-03
-8.164520367091225236e-03 -1.735238098007255494e-02
-6.564059001471182764e-02 1.471835074033003691e-04
5.649056792163030007e-03 2.187683793108257128e-05
-1.791406561901577946e-03 -4.379905564244499123e-03
8.372063249678947383e-02 1.207904534648809869e-02
3.632487882328747086e-02 3.800691130708782044e-03
3.450424020726128305e-02 1.661585060537595568e-02
-2.930801115830700826e-02 -1.496187301417490484e-02
4.131755664383658308e-03 -2.155537415204711316e-02
3.219435255273509888e-03 6.220974147449196724e-03
-5.608611328733951844e-04 -3.260874242060845737e-03
3.907906440637853168e-02 1.032463051671347887e-02
2.014082768417421732e-02 6.203403634665867299e-03
3.367369958351071335e-02 1.679843470585525608e-04
-9.106671988372649559e-03 -3.006443819694505290e-02
2.979629925975047292e-02 2.903389169997399807e-02
2.941316296167686625e-02 1.941453540489799720e-02
1.573386624489859359e-02 -1.062306970297280904e-02
-6.381356258921074172e-03 -2.981466904606222285e-03
5.634772652317605879e-02 -1.506334612721438489e-02
-3.210085891224163240e-02 3.125841460263287241e-02
2.445769087671601730e-03 -2.576518605149085914e-02
-2.683760004425798582e-02 1.146858723847210375e-02
-3.721075203080358856e-02 2.899919756680384084e-02
5.864567237067400650e-03 2.823567549960398493e-02
3.479088334984845737e-02 3.306804976350579545e-02
-3.357232652201790762e-02 1.154759515611678174e-02
-6.022608647063892873e-02 3.044906071924800145e-02
-3.272812670273094610e-02 1.217744108069608935e-02
5.409289095523096835e-02 -6.604987723126074309e-03
7.470630727722734309e-03 -4.017320091231375845e-02
2.147055292269948665e-02 3.478388949800932661e-02
4.248253324621495408e-02 -1.240048834542412624e-02
5.795819332413395218e-03 3.925011319037173367e-03
-3.295868402357016603e-03 -1.569098000149658778e-02
-6.942637239221366224e-04 9.067238909074163203e-03
-1.394371145527093826e-02 -1.949734889274359895e-02
3.617593435242252853e-02 1.564483958752089024e-02
2.035413518002144803e-02 -1.154789110223962151e-03
4.562047274022756199e-02 -1.555303097053726234e-02
-1.261041499259839098e-02 5.864634505759911895e-03
-5.143620632165053774e-02 -1.070510176140537480e-03
3.655684281492202568e-03 1.911251429675097854e-02
4.275207293750753201e-02 -5.064643875219339460e-03
-4.935679294383663734e-02 8.485668271912804803e-03
-6.248918906473588039e-03 -7.159575459522454430e-03
-1.893665191539229027e-03 -2.181324497499716186e-02
1.205869102376218825e-02 1.091215331506449789e-02
5.285698432652491396e-02 -8.235656737691594495e-03
2.851551693387140152e-02 -9.212086175454671164e-03
-2.326603211489318770e-02 -2.469098569532262796e-03
-4.721069655702253565e-02 1.009512798209885771e-02
4.406386460019080797e-02 2.986957446142242054e-02
5.051567010012987524e-02 -9.406417716395373829e-03
-6.280304329151290867e-03 -1.700508697615926018e-02
-2.334712447099971180e-02 9.389633557594272498e-03
1.363221392972808338e-02 1.076417623134442135e-02
-3.172723588020257002e-02 -3.422395414572270561e-02
2.924329109022182072e-02 2.664240779627193110e-03
4.457424941402365892e-02 -3.336864287927186149e-03
5.099249585325090622e-03 -1.019987648523816874e-03
4.060405297133992675e-02 7.229539451394173012e-03
1.525958441586670010e-02 -8.942278954290975787e-03
6.348619365801794201e-02 4.888435594755596338e-03
-2.289138252936711443e-02 -3.497321038263161153e-02
2.751300681201564700e-03 -2.827795285599200154e-02
2.999831666920431059e-02 4.829524015928903999e-03
-2.996257328008693124e-03 -2.549958890965932021e-02
-2.105698991811115039e-03 1.151864158232647093e-03
6.695609234165825555e-03 -5.652014056456322599e-03
5.352563451625275137e-02 -2.302753584374687967e-02
-3.960203898466770067e-02 2.169061869765354089e-02
-6.249823963944986169e-03 3.691976149198268348e-03
-1.187677267677118495e-02 -6.726349807340711168e-03
-1.187900784918310103e-02 2.021242718334507332e-02
-3.065993913248854508e-02 7.110945396288996002e-03
1.024168919410463861e-02 -7.762140824137543638e-03
-3.025755694266106521e-02 1.497475897552519308e-02
-9.775924544318352616e-03 4.307779760766121402e-03
-1.748020801111904374e-02 -1.737767314513707570e-02
6.102876107435667268e-03 1.269460683778379957e-02
-4.917111380418585920e-02 -1.491874506120292529e-02
2.474267152135364162e-02 9.896602132598039323e-03
3.902498020747637020e-02 1.483483475390843034e-02
-4.924103013442269333e-02 7.275814236757639775e-03
6.086541826723238478e-03 -1.011851923759790953e-02
2.231380320839495418e-02 6.113400838643313386e-03
-3.976541353192099282e-02 3.002470151629356779e-02
3.089518991470141529e-02 1.940654951603696656e-03
6.815728258040924803e-02 -1.989866740241536675e-02
3.702543618155019339e-02 -1.737883886554912995e-03
6.291605523348263451e-02 2.254926434176687811e-02
1.731596303156340139e-02 1.846260421509183375e-02
-1.591963559231547240e-02 5.726883858814278694e-03
4.212508623980078942e-02 1.316843769519081969e-02
-4.880686848086171481e-02 2.173486902567548298e-02
-1.579770770467434776e-02 -2.605796961511166673e-02
1.007620872791021964e-02 -1.512200517208420409e-03
5.834807595075156700e-02 -1.444165159694609651e-02
7.409656252591874208e-03 -1.948735969336845217e-02
-9.242613120455335160e-03 -4.796433145216872501e-03
4.600325585358203129e-02 -1.814791907834460011e-02
4.301940682487417900e-03 -2.856949487490042724e-02
6.264340561101680062e-03 2.353086548068747397e-02
-2.178419119549375449e-02 1.570615676786152673e-02
-1.342189560008291878e-02 -1.670971145717262824e-02
-1.033156315843953427e-02 -4.457891303505527418e-03
3.475635782164771675e-02 1.660309993083556798e-02
-1.097500509264452695e-02 -5.923934639580079493e-03
-3.449041624080036866e-02 -3.531399840723777744e-02
-5.726790186317586018e-02 -1.574320807468895496e-03
6.738775553324542235e-03 -2.310341402327105442e-02
4.628306892745855973e-03 3.032138547437564571e-02
2.134460551706099038e-02 -1.445201638187375249e-03
-6.257868268678531964e-02 1.911687312848409787e-02
8.390277824234883275e-03 -2.482919181478557974e-04
-2.932028898584391335e-02 5.834040884660261252e-03
-2.998607450886887557e-02 8.224575917347296677e-03
-4.543647810199677450e-02 7.833575565659141662e-03
-9.033979189164447268e-03 1.202100801238426301e-03
2.877724075485836933e-02 3.293191850771421195e-03
2.444099673590148167e-02 1.975456615124828591e-02
3.518504187943335970e-02 2.443781386741506606e-02
2.573731162058387825e-02 5.192324818071186211e-03
-2.299207852193600743e-02 2.174953800575108232e-05
-2.257199104814004709e-02 2.715685620434342071e-02
2.487219999477824350e-02 1.892065371504027607e-02
-1.596730890230615291e-02 -3.428431105085152919e-02
-1.123163192550876224e-02 -2.733784949718600851e-02
3.934909747567858634e-02 -3.817110546007386734e-03
-4.756184831071635227e-03 1.633549006774874524e-02
-3.453422827852949822e-02 -5.143533861162886273e-02
-6.124893750870868481e-04 -1.233222098914879073e-03
-9.977109538271950948e-03 -1.740099961014424448e-02
-2.248588523184179289e-02 -2.150591366757884440e-02
-2.548632686806836731e-02 -1.200544421590106318e-02
1.691103306371608342e-02 1.567905078498064639e-02
-1.952564273335639228e-02 -1.691259398242942391e-03
2.288755249486291304e-02 -5.154654817433244191e-03
3.379478907225549195e-02 9.573224680804013828e-03
-3.616446081940498380e-02 -8.644563472854395469e-03
3.105314897291682266e-02 -4.316075905552651040e-03
-1.754691566351209223e-02 -1.003829001801086196e-02
-1.910769303747675632e-02 -3.268981004281124036e-02
-6.205692804329177546e-03 1.418600517914147749e-02
-3.814929324435746387e-03 -2.339830654518759018e-02
3.967419885975240201e-02 4.241869819437433381e-02
6.803685100587976604e-03 2.639443359605661912e-02
1.422372922760281426e-02 2.303261616474927900e-02
1.999674019515972762e-02 1.607557762462559145e-02
-1.865581536580395404e-03 3.228952974092141187e-02
-5.282168762104680337e-02 4.291323574689392961e-03
3.795988070633201684e-03 2.276822342193392593e-02
1.267868066193368615e-02 2.751820136136983504e-03
-4.447971524584996145e-02 2.659548411700093928e-02
3.247931374936821949e-03 -4.080460922995147489e-03
9.117855866823431840e-03 3.030035421594552279e-04
3.944763070589296650e-02 2.747480573037279581e-03
1.890110773602448821e-02 2.484280760737488450e-02
-1.669147287147456846e-02 -3.067374880654256605e-02
3.842222224578442646e-02 1.745060011843416192e-02
-3.597007235028357175e-02 -6.509633313838612129e-03
-2.012679618444083995e-02 -1.742092398986696059e-02
-4.136985259285785865e-02 2.354298128717308494e-02
1.354183275160826191e-02 2.807788294915146421e-02
-8.936788014332510202e-03 -3.491822009006741168e-02
-4.170959846485388506e-02 9.603469307634653757e-03
-1.654109526236820574e-02 -7.341361116938662119e-03
-2.967516997768017417e-02 2.095865960239655379e-02
5.324670720553460745e-02 3.883337500663144783e-03
3.533925004311052470e-02 -2.793956249996309635e-02
1.786477463905463206e-02 4.778361607637574004e-03
-7.985794085642445445e-03 -3.022849001246192407e-02
-1.517650491606619377e-02 -4.876624818521756860e-03
-7.601012263112425817e-03 -2.879908657144140266e-02
1.598402233584149401e-02 -3.463962197101320972e-02
-6.854678613452258942e-03 -1.244234617394069861e-02
-3.503806562005798431e-02 2.117443455254588991e-02
-9.730106265220642842e-03 4.328161968705285766e-03
7.097124523995969672e-03 -2.286279616212491539e-02
-2.413262535623277721e-02 -1.764042056333928188e-02
2.293085389582837086e-02 -1.312275003894946765e-02
1.013877134106214856e-02 6.041425679407329448e-03
-4.021670853046027672e-02 1.464679914048543086e-02
-4.105081437350975582e-02 -7.052442435806085576e-03
-6.769761674130135402e-03 -1.662273658691638956e-02
1.025121286069211046e-02 -2.452103402276893662e-02
8.361836847129764869e-03 1.716828099073396813e-02
-4.952983279938059924e-02 -8.281926910314117707e-03
-4.135898619127566234e-02 2.321835322955401182e-02
-3.919849739923170900e-03 4.132350907618400487e-03
-1.649946119080867094e-02 -2.026704393344577390e-04
-4.925351784736309302e-02 3.289981327449717496e-02
2.161733993970128484e-02 -1.876196546287988917e-03
1.007726746709491396e-02 3.379598325499223732e-02
4.628070312179508733e-02 -3.785028440264499297e-04
4.490260439729976821e-02 -2.600544173271563189e-02
8.705240054603895564e-03 -2.065075993726938827e-02
1.973436510226318774e-02 1.514008481378483796e-02
-3.465634956796929955e-02 7.242978303289415894e-03
-6.996390281713209258e-02 2.419374467290445058e-02
-1.928168810014998028e-02 -3.313603377992786064e-02
5.599996890777117313e-03 3.821613224186080904e-02
-3.043645918562019187e-02 -1.422591073705511446e-02
4.558641553403280922e-02 1.461105405920867318e-03
5.469198353504693168e-03 -3.512556374329387637e-02
-7.335496087164534648e-03 2.154846480539957670e-02
4.014716886490946046e-02 1.537277642415887415e-02
1.584176825559029805e-02 1.182488377381788955e-02
-4.015730053362985379e-03 6.597217986132173804e-04
-4.778510609791509350e-02 6.103452115435336299e-03
2.632801703560598908e-02 2.950780357391775272e-02
6.874617479487092576e-04 -1.959924926288860933e-02
-9.851749982992845031e-03 2.952048545760783006e-03
6.345230269396281986e-02 -1.233145927884918801e-02
-7.157335431346330268e-02 9.002894240569932899e-03
2.635739224800845784e-02 -4.461341799554987934e-04
-8.875659879589620910e-03 -2.755090828450327059e-02
1.822736321375255115e-03 -6.155525932035096903e-03
-1.267387938637443666e-02 -2.402130234247487964e-02
-1.243635403369446578e-02 1.330330552868753263e-02
2.254095112317920993e-02 2.369817967487691107e-02
6.340784772421025062e-03 -2.097664366508688108e-02
2.250396074930748058e-02 1.184242219360608951e-02
3.632847911182163908e-02 -9.066633669163812193e-03
-7.540332683943691029e-03 -3.507153350891979021e-02
-1.703399498073554508e-02 -6.714288564970132857e-03
-1.614785181894994384e-02 3.866875541131335140e-03
5.652186546645993764e-02 -2.262262732700127260e-03
9.722995097920270752e-03 -2.733740321447522201e-02
-5.479129474652637971e-02 1.047902906781624476e-02
2.421567365875074151e-02 4.868653755239850389e-03
-1.209589415360964176e-02 -2.107401932896960789e-02
2.232230237960650815e-02 -2.267964108615808105e-02
1.474166025058993440e-02 -8.752760471385945956e-03
-3.482876381396659421e-02 2.136901284393658701e-02
3.065748211209436830e-02 8.594224652124858588e-03
3.053963385032880395e-02 -7.946457474872348561e-03
1.272561619435152135e-02 1.894770735638277165e-02
6.094977049666055677e-04 -2.789369165659280267e-02
-1.033419364504530730e-02 -2.414081633472189153e-02
2.202387231062863382e-03 -1.504216612710482757e-02
-1.778705226530957403e-02 -7.864065539749434328e-03
-8.890778633226384745e-03 1.695928504024423605e-02
-4.118629182804116329e-02 3.475082675514280794e-02
-3.885763902932627689e-02 1.115600515798740970e-02
-1.563709781979558816e-02 -1.911213314273239525e-02
-1.241478200095491591e-02 6.867221158356090135e-03
5.081809599243641840e-02 -8.756557187492334041e-03
5.613353258899549331e-04 -2.802277744782220165e-02
2.284855583748013688e-02 -6.133382951330586946e-03
2.018871694265366237e-02 6.199068158433671850e-03
3.112252974735576355e-02 2.161305745760277661e-02
1.624679463162255477e-02 6.129586052078325395e-03
-4.042107895614253238e-02 1.400783547591366411e-02
1.451374571804192604e-02 9.024844209187185551e-04
-2.719240273987842335e-02 -8.053449056171797099e-03
6.153191537544549367e-03 1.738790131492066321e-02
-2.644238815586690688e-02 -1.496746035152745312e-02
-2.486344140981489037e-02 -1.189611846471106890e-02
1.730889301324176066e-02 -6.150496451486364008e-03
-1.994715016241729085e-03 5.784274045992856064e-03
-3.397681674842600169e-02 8.352751018999859684e-04
-4.929640992564182644e-02 6.639553907490997574e-03
-2.988300964432190517e-03 -2.074138196681987387e-02
-8.755390872206227429e-03 -2.410030939370366720e-02
-1.163145955368542241e-02 -2.691084527690898454e-02
1.622321231971248987e-02 -3.758567215899348297e-03
-1.721101113640687019e-02 1.686549298391248550e-02
-6.496523704904459684e-02 2.759410338854379960e-02
1.192510891848566103e-02 -6.470059152608084382e-03
8.191747596577788129e-03 -1.968046190845876980e-02
3.064508482646238069e-02 -2.661304689030049810e-05
-2.947105260314055244e-02 2.913109485246011265e-02
8.105133764496397220e-02 -6.638205444106486282e-03
2.467120123436681786e-02 1.033722296546528939e-02
2.943154381392397781e-02 -5.023852621722170800e-03
1.776567355672615872e-03 -1.966938387828393031e-02
-3.207857389930382497e-02 6.482721056435312469e-03
-2.978389092729358256e-02 1.389929085437522152e-02
2.483745304058116582e-02 2.375082191622451475e-02
-9.453715363614230427e-03 -6.545931979933312071e-03
-2.185276309950449913e-02 1.031697386254466949e-02
-1.060753605287773765e-02 -1.913495379940131913e-02
2.365645967611707326e-02 3.365780234220540346e-02
1.441705336788572447e-02 2.006283657228259687e-02
-2.399396347866454560e-02 -3.086747308333988651e-02
-5.243801351060261434e-02 1.583162276220337339e-02
2.708208432022952625e-02 1.357887441594772364e-02
-3.050282719096180858e-02 -1.917038771413682660e-02
-2.400902242638064399e-02 -2.294221596224377616e-02
-8.740861700835281245e-03 -2.264243203670840768e-02
-2.507311438977396015e-02 -1.065162830325231671e-03
7.287564429629719669e-03 -1.610545043708958013e-03
-2.000843745631009432e-02 -1.499595453715372485e-02
-6.516646528591287131e-03 2.601968275936867182e-03
2.450446703007739049e-02 2.138817147106424760e-02
3.403295747513855260e-03 3.317840372007373195e-02
-5.007507696000873532e-02 -5.238608398507846146e-03
3.917291279424599260e-02 -1.840085514324205432e-02
6.153870376632909062e-02 -1.278889914918347574e-02
-2.436189486035857620e-04 -2.609184444828490865e-02
-1.165420479989984909e-02 -2.433331608322526415e-02
-6.042063000857958964e-03 -2.650000997552033957e-02
-2.777676178069200114e-02 -8.304056909804156256e-03
2.210288282485887990e-02 -5.930007791875030985e-03
-3.505656174406854980e-02 1.908393159083718619e-03
-7.577689577352554953e-04 7.872578194991141157e-03
6.689482232498586423e-03 -2.371417353598804720e-02
1.740668721613158887e-02 -5.643225924157784998e-03
-3.661527191552401556e-02 -1.319355974630921028e-03
1.603968189629306415e-02 -2.080001939101367228e-02
-1.009919071754327748e-02 -2.169031411414342608e-02
-4.863981833783365821e-02 -2.883993392965284938e-02
-2.696849790592302162e-02 -3.129050509025696480e-02
3.310131084668177428e-03 -2.245772138278301615e-03
-3.333259686461598897e-02 -3.193754950338297677e-03
3.635466471699203700e-02 4.532872934314164520e-03
2.632697153638840354e-02 -7.582285712226551413e-03
9.454013703084955533e-03 1.826173003553328801e-03
-3.451733307865897243e-02 2.275001905331402660e-02
-5.239951748049161834e-02 1.191318666143203336e-02
2.824044833604589036e-02 1.767934139508396674e-02
-8.530240911233727061e-03 2.578541393823889031e-03
-1.322230994123629010e-02 -1.030787123389365761e-02
1.603330124962237813e-02 1.082798182697872723e-02
-4.092203441514853657e-02 -1.378816039658611013e-02
4.174312613231389441e-02 8.316205743454199370e-03
-9.886614165483979116e-03 2.199587777920967470e-03
2.293351195844437265e-02 -1.172025433380719482e-02
2.145910855864086725e-02 -5.917767695149369483e-03
-1.632466848892415168e-02 -1.568329750187496402e-02
1.701733058031896367e-02 -1.389516281354219451e-02
8.196923325305966032e-04 1.039012870185431620e-02
-5.643329103845300815e-02 4.889720897350716827e-02
1.320220147844598790e-02 -1.664424503813382791e-02
6.819806109938512592e-03 3.333782200624208630e-02
-1.222902326863257311e-02 5.982698268797914318e-03
4.912267926154200099e-04 -1.417683021003153174e-02
5.227365449055471069e-02 1.250777256419960751e-02
-7.930021071561803997e-03 2.407544812150165178e-02
-2.037816533765843610e-02 6.906210801503731957e-04
-4.600840768500112643e-02 1.956843977535397891e-02
3.502535407750373420e-02 2.576691870435919920e-02
-7.918728301014835158e-02 1.933383712341998559e-02
-1.276834910974465956e-02 6.735017926087280907e-03
-1.434187131163183575e-02 3.277919102848054350e-02
-1.847188211281269865e-02 2.381871228067763274e-02
1.577540593725243467e-02 -1.995597235655353907e-02
-3.928749502843988800e-02 -7.125772135638328963e-04
1.542965411216284770e-02 -3.002397923604857230e-02
5.515178554745581857e-02 8.545310901855063257e-03
2.262911064662785632e-02 -1.376737606120852046e-02
-9.199316163264206758e-03 7.828496152325918264e-03
-4.344579720980433664e-03 -1.565124516898425480e-02
2.093750729439268835e-02 -3.454822682848690540e-03
-2.188064356207004846e-02 3.451109440444500437e-02
3.596110786065887747e-03 5.298800535317435556e-03
3.855935544673448623e-02 8.270886747671561678e-03
2.442971087324822405e-02 -1.980932745788767727e-02
-4.173368003641817620e-02 1.367873018495147260e-02
3.856557883527792635e-02 -1.040089818364057020e-02
3.346661660563014090e-02 1.981602476545480176e-02
-8.740385831483654753e-04 -5.082889867017415485e-03
-2.602079109985234312e-02 -3.330505735189955019e-02
1.648359428569476023e-02 6.490505280718881012e-03
7.969731139824610955e-03 2.862419299084274088e-02
-3.779051296498882329e-02 -1.699897280026651039e-02
-1.887667863731041021e-02 -1.581514883188136350e-02
5.934827341534510033e-03 -3.124801153108907811e-02
-3.705311898573809826e-02 4.304647664665334043e-03
2.917549787271389583e-02 -2.023016668239385751e-02
-2.631320235345184153e-02 1.036614653404434663e-02
-2.939017650590634856e-02 -1.512094767413352595e-02
-4.899452528326940027e-04 -2.148560826874933161e-02
-1.552842580104340717e-02 -2.594466914082466796e-02
1.407099732867481308e-02 1.286056183943171637e-02
-3.009094358054041629e-02 2.884849701810981645e-02
-3.738131503113455850e-02 1.965591706614196188e-02
-4.324779750591881133e-02 1.715151229151344256e-02
1.050236783752258977e-02 1.516251762508671885e-02
-1.608606063569156808e-02 -2.979295506687434925e-02
2.892343339231405464e-02 -1.423136196854098970e-03
2.420629178651952790e-02 -1.205594889532524399e-03
-6.444496978277058918e-02 2.360656391557056782e-02
-3.975054348224629774e-02 6.612299665809287345e-03
-2.528000039132061519e-02 -3.244709639236131871e-02
-5.059347707957862102e-03 1.787932342826037413e-02
-3.875505869621513697e-03 -1.112816123898646530e-02
-1.734577662373262136e-02 2.455230495923344317e-02
-2.349718036136503804e-02 -9.497104411562207193e-03
5.342934477883238414e-02 2.956882038912619221e-02
-1.862724535262795522e-02 -3.137692507372805140e-02
-2.256111123168670976e-02 3.621792024923684190e-03
-4.439172551261974346e-03 1.379036784274144042e-03
-3.545456432210126324e-02 -5.748337087292861372e-03
-5.270892395524997415e-03 1.340907884526622643e-02
-4.890257626102643279e-02 2.889091214755681522e-02
3.318237445321450818e-02 1.504056175481959662e-02
-2.858602201965425305e-02 -1.561578611968042485e-02
2.566636744443940091e-02 5.927467042109163010e-03
4.748471831135585297e-02 3.226326954326022567e-02
-1.382567792964084497e-02 -3.020709139185297556e-02
-2.818942165723395139e-03 -1.581341599234160900e-02
-5.627756896686508803e-02 -8.550939396306921764e-03
2.893076683573633096e-02 -8.093083279836845584e-03
2.863240682570973236e-02 1.747760929315622311e-02
-7.040078108658484948e-03 -2.863221517520874240e-02
1.324600600434749052e-02 -9.411277161550254955e-03
1.430652600070346329e-02 -2.460955358595751314e-04
5.579516793815283981e-03 -1.918630604048498708e-02
-4.814177654240996661e-03 2.003502297527285508e-02
-2.122286344205381176e-02 -1.693986488262864964e-02
1.977193309057945561e-02 1.519031942847226535e-02
2.023234098099485623e-03 -1.029617544811889905e-02
-5.951929309289369190e-03 1.408761764452530832e-02
-1.111629580827170997e-02 -3.248384803960333023e-02
2.192790034418671055e-02 1.123593548807309481e-02
1.811980611861480420e-02 -2.582742373198946857e-03
-6.401225464369479645e-02 1.491439053671874890e-02
-1.978580963754387329e-02 -1.849302717393776219e-02
-1.816236893440876122e-03 -8.289997182288932551e-03
2.315038908123820058e-02 -1.793835924349016994e-02
-1.780172375908378388e-02 -1.101052136743337420e-02
-1.250327060182623157e-02 -1.049697577439246896e-02
-4.125593179284117729e-02 1.036174283877798648e-02
-1.383663446653682176e-02 -2.476334538903119178e-02
-1.006300587011244724e-02 1.935112236488201317e-03
-2.394806671896464872e-02 -2.792506585325758503e-02
-1.993899908688489403e-03 -9.604589353858052417e-03
3.230274761586753030e-02 2.846645776901455052e-02
-2.715109839191967231e-02 -1.921500325503846390e-02
-1.934823594101600652e-02 3.314463642821328243e-02
1.796428665529109861e-02 2.677521897729385602e-03
2.621484054338418801e-02 1.774276777356032647e-02
-2.089887467699375750e-02 1.301411582368604616e-02
-2.614238852183038003e-02 -2.279097749395816302e-02
2.624769995220681794e-03 -1.282416350995444453e-02
8.659220663615684564e-04 6.696754405568293433e-03
-3.683938232742122593e-02 -2.888788233176328712e-03
2.549049924421677507e-02 -1.666304099608794179e-02
-9.116883673173467595e-03 2.520855543949595406e-02
-1.136884607277423818e-02 1.546630498603230978e-03
-7.405083399185960133e-03 -2.049739604558782277e-02
1.170547362953105672e-02 -3.337732300084638500e-03
2.541516721750845809e-02 9.138392133888171773e-03
-2.479018714217790659e-02 -2.146274233688807292e-02
-7.281096909625818167e-03 1.027066574766525480e-03
-3.077351299026434561e-02 3.407123853039704248e-02
-2.398118554997492879e-02 1.301481881919636660e-03
-2.257906132255333917e-02 1.640103803560169840e-02
-9.741523208837430184e-03 -1.929634317849887939e-02
3.093648115666587650e-02 -1.000069715772420285e-02
4.447576797555068129e-02 7.426394567331901300e-04
-3.878031713017625337e-02 -5.298360821728754924e-04
3.367305996516021301e-03 1.288042982451344590e-02
-5.313435079443003251e-02 1.779795382873340659e-02
1.854422201499644762e-02 2.982748528471315663e-02
-3.274651792798861233e-02 5.660768530620843321e-03
-2.136707982349037374e-02 -2.942385532630446138e-02
2.073156829185501468e-02 -1.634990785121040457e-02
1.769323251441647787e-02 3.078432726169138753e-02
1.512631346513550537e-02 -3.956032297731470505e-03
-2.825605491071246644e-02 -2.235583381987443080e-02
1.507927507580651867e-02 2.047350412520878779e-02
6.186892404770642784e-02 -2.296112152194695194e-02
-5.947114844088987468e-02 6.853857676686340300e-03
5.072690458378314310e-02 -1.063719588169215712e-02
5.597386079992446029e-03 1.508598740520337815e-02
2.217543185146171950e-02 -2.888101366206526598e-03
3.208656189453370361e-02 4.609250548774894950e-03
-2.544236973865569157e-02 -6.402255652367227871e-03
2.667492105574878480e-02 2.753351636383590678e-02
2.744047764985374852e-03 2.413030142320260127e-02
-5.947779240694583969e-02 1.659223295447533053e-02
1.564970889285524289e-02 1.162263854338091255e-02
3.035418271482075766e-03 4.633992008543868710e-03
1.294670652379158876e-02 2.470247628950477878e-02
2.940983106919896686e-02 -3.981992853968069172e-03
-4.621763892889380054e-02 -1.078771549975337217e-02
-2.155938071124877467e-02 -2.667427876234452003e-02
4.684876850273635845e-02 1.875282577977573778e-02
2.253275123906721758e-02 -2.202091817105053181e-02
-3.162152482120612895e-02 1.090171364743422813e-02
-5.918134564742619924e-02 3.883471209477493136e-02
-1.424872576174994465e-02 -2.047341033289869910e-02
4.751094041647107614e-03 -3.269851241298608879e-02
-2.309367856577976275e-02 -3.346467033966445820e-02
-7.012252233107535079e-03 -2.358638859800624155e-02
1.006376802951242100e-02 -2.578563512863423293e-02
7.607724777105727594e-03 -2.619342521868598447e-03
-3.158391551835709743e-02 -2.322975028155310068e-02
2.644987359853661485e-02 1.098440577494839629e-02
-4.584306380688515925e-02 -3.781661067794378581e-03
3.097196334300427942e-02 -4.115177535052625714e-03
3.119793281220127612e-02 -6.284082869496989028e-03
2.156730309994200553e-02 1.747350708067551758e-02
-1.305270457586568331e-02 4.383680175116672073e-03
1.661756506585916615e-02 5.300453880192389569e-03
1.682505673937022966e-02 2.207903128143639084e-04
3.198856014940788979e-03 1.779687298440065651e-02
4.009569794999220255e-02 -1.111576962436415690e-02
2.297092609001698260e-02 1.136766041982893542e-02
1.005847430240226076e-02 1.769585301954078663e-03
-5.080199279171276894e-02 2.195306822319174553e-02
-1.079480037324443732e-02 -3.136799923612440533e-02
-2.989835746272070938e-02 2.134142191188260693e-02
-2.933849463666251059e-02 -1.833479228062589311e-02
2.620625925613994864e-02 1.499965038107520070e-02
2.828578513088724974e-02 1.485860117150922602e-02
-1.835134888821101512e-02 -2.436025665480859650e-02
-3.764924782076842225e-02 -7.204169452502018345e-03
4.590120289537316482e-03 -2.574696391588541383e-02
-8.106841480757907706e-04 3.021219317179733854e-02
-9.038933830740810207e-03 2.468707200145209626e-02
2.007032770685715853e-02 -9.900267950830687544e-03
1.250571491248360541e-02 5.108079482508102662e-03
2.083151838637845379e-02 -9.448349634051356541e-03
-6.156449755788421033e-03 -4.049273134286347775e-02
-1.533749634701684315e-02 1.785323052449368578e-02
4.073452581515827481e-02 1.132838260476897417e-02
-4.311230259440972795e-02 3.285495250439290221e-02
1.172490473188578068e-02 -9.996682441081022191e-03
2.871524512850619562e-02 1.136949442965941651e-02
3.877540784158140658e-02 -1.264277433888782174e-03
2.916330998931710924e-02 1.775998768563264232e-02
1.885706390410714708e-02 1.812915190935621710e-03
-1.995422981141372482e-02 -3.952047239262856254e-02
3.752110707320870098e-02 2.942273052592760466e-02
2.667186664230960028e-02 -1.181125634255549700e-02
-5.632928039720785929e-02 -3.945298830596384067e-03
-3.004846909654722460e-03 -1.823876945700276045e-02
-3.923351342743431128e-04 -2.968094266064671971e-02
2.377537840563222551e-02 -9.017238386204787237e-03
-2.759843219005182063e-02 -1.444088143477513346e-02
-1.711308842677286210e-02 -2.732516437813723581e-02
-3.303587595015030492e-02 1.913712927901812036e-02
2.750317955934520123e-02 1.796846458314930658e-02
-1.090662666075525346e-02 -2.087724187120592115e-02
-3.274908175981821462e-02 1.994155616391804844e-02
2.103754301354145151e-02 1.391764722953043806e-02
6.461014350865283695e-02 -2.848460528917709251e-03
4.418667830635388677e-02 7.690463222038815098e-03
8.033695026735776512e-02 -1.263775539224747634e-02
-4.340505415521302146e-02 1.011283978764588969e-02
-1.937652447889751800e-02 -4.011268229170263794e-02
1.438716129343641480e-02 1.040882028009423865e-02
2.258737517680436957e-02 -1.884709032527356540e-02
5.305206680505359339e-04 -2.973839880798852253e-02
-3.681830662837278639e-03 -2.568315221619464628e-02
-3.319982483318665439e-02 -3.889444353446616653e-02
-7.046322217321951929e-03 -3.352002203772924075e-03
-2.355038964372682675e-03 -6.315118134765173620e-03
-4.865244374970513486e-02 1.480541626724516703e-02
6.899211316790092308e-02 -4.648961163196273401e-03
-7.208945529320599961e-03 2.976783317978182880e-02
3.089272653675369934e-02 2.185143532970671570e-02
-2.024233753493924134e-02 -1.560752845314015980e-02
-4.334923798400352329e-02 2.138630701614040522e-02
2.751853674546211187e-02 2.184788813813878447e-02
4.249383958990100157e-02 -3.654640119299089069e-03
4.116992646891999563e-02 -2.529717447586163001e-02
1.593043315354400469e-02 -3.209971838826702895e-02
-6.255281765821249507e-02 2.582333611217601035e-02
3.533245922135003908e-02 -2.058829149143133821e-02
6.702243423372053650e-03 1.215994230019690550e-02
4.586047188807577946e-02 3.099750407751702963e-02
-7.626137826414102795e-03 1.032235772347772813e-02
1.535084932908704208e-02 3.181885904367499039e-04
-5.938582874738969342e-02 1.749041015453493830e-02
-9.306143615112315044e-04 1.659674249150772107e-02
-2.204758678897369290e-02 1.220918009858465263e-02
-4.564162303461823805e-02 4.811768888196646561e-03
-5.361395083761939795e-03 1.058309650260884013e-02
-4.953420043560153446e-02 1.832781986282165307e-02
-4.512346916805906605e-02 -1.816351124831884142e-02
1.656421603126244368e-02 1.878796684276207163e-02
1.557816929108659862e-02 -1.252407176796894485e-02
3.354312527687283024e-02 2.886523025595816305e-02
-2.717923999218008809e-03 1.079580772782457940e-02
-2.485538697199662916e-02 -2.706713825820699498e-02
-2.833851819190040533e-02 -3.003083531688019447e-02
5.126278092227089939e-02 -1.695617074210106420e-02
-2.641208890414824262e-03 -3.149025527733174956e-02
-1.344643149271037078e-02 -2.616547394745551841e-02
-2.913485867786887867e-02 8.595442916106449394e-03
-2.730278978142171645e-02 4.359085538002510987e-03
2.467636765637987520e-02 -8.707255534451592907e-03
5.286502003721237075e-02 -4.006175940687087961e-03
-3.508259896802858047e-02 8.982191227889143800e-03
5.502787176456144097e-02 4.285839585877019046e-04
3.036615546713685582e-02 -1.336800234643145333e-02
-3.705660295122623071e-02 1.303740678502005035e-02
2.880051620162089876e-02 1.369377112228787859e-03
-1.008787788951993197e-02 -2.687647329134878679e-02
2.078915666421236180e-02 -1.459800294339683863e-02
1.064403904770802253e-02 2.473923331611951881e-02
-2.210656998539592064e-02 3.540778268769913251e-02
3.757582376374084959e-02 -1.015265238503504190e-02
2.074175315534769123e-02 1.224491781727158821e-02
-1.976870397247202510e-02 -3.321607537632294965e-02
-1.542326789429083328e-02 -2.008876847907560895e-02
1.986701975893217370e-02 6.902799670925404904e-03
-5.256880748783188118e-02 -5.157971423009632440e-04
-4.857127815845329807e-03 1.193790454315134253e-02
-4.931891311931148325e-02 -3.217386191667195167e-03
3.731195350750001610e-03 -1.466131291070521710e-02
5.919922501463627772e-03 2.640831330869894064e-02
-3.293101129115898890e-02 -3.023606801990849028e-03
-1.372485494870927768e-02 9.421254258003112364e-03
-2.981289793123018811e-02 3.076858820253760337e-03
-2.608824712749386807e-02 -5.002119714491252154e-04
4.707426810295150220e-03 -6.123207424707911503e-03
3.317929372789885090e-02 -4.914847224981389387e-03
-1.690723217606021622e-02 -2.022550984662232348e-02
-4.416827726459628817e-02 -2.935387818902453465e-03
-1.765137849137504711e-02 -2.649542800405661411e-02
-2.033737054087663906e-02 -2.599340531548447950e-02
-2.366276134660426356e-02 -2.312419969437053135e-02
-1.981715146908267014e-02 -1.472633994895941774e-02
5.135186177111974309e-02 3.611642935867297871e-02
4.392170841433579165e-02 -2.009099828947227481e-02
-3.074165959449610616e-02 1.343087849456319621e-02
1.049994580721399368e-02 -3.700001112294945115e-03
2.030397118775047541e-02 3.533615830053486034e-02
-1.200933671937660756e-02 2.242055803998828714e-02
1.300029438083381839e-02 3.949620056422580017e-02
3.591820648374791092e-02 1.019555864501468963e-02
-2.691528595931215462e-02 -1.332792160268339923e-02
-2.191430057116468613e-02 5.290518618995237142e-03
5.030037125243896207e-02 1.536639649627355615e-02
-4.799442460985305602e-03 -3.457003260968021657e-02
-1.232928273959683560e-02 2.342997482463724662e-02
8.119775553399266599e-03 3.049210791810605392e-02
-1.085040594852151354e-02 -2.465586235344002786e-02
2.996719865084718562e-02 -2.271739016737821248e-02
-1.246569157292409975e-02 -2.112772385829330898e-02
-3.353180959619167512e-02 -1.225299959592698017e-02
3.775947751228635879e-02 1.802643221040823099e-02
-1.244835418686363916e-02 -3.086544187811375572e-02
4.125666063077707002e-02 4.428196045632263288e-03
-1.777322701621144099e-02 -5.037117766830543492e-02
4.297961808387226745e-02 7.144485817692687764e-03
3.873538638039132620e-02 1.406752427781599209e-02
-2.324233759360809504e-02 -3.072858624323921220e-02
-4.123435013524392317e-02 3.735378929826400213e-02
-1.767169009732486029e-02 1.451275019034495468e-03
8.325725562978690542e-03 -4.669623979134943093e-02
1.935326110318049200e-02 2.364913827117069711e-02
2.894124151212396859e-03 -3.292552969394235696e-02
-1.588398894904125350e-02 -1.677784462352545705e-02
-1.440489831287828856e-02 -1.998314389264931219e-03
